PDG	Ctau	CtauScaleFactor	EfficiencyOverAcceptance	StatError	RelativeStatError	PuUpEffic	PuDownEffic	TruncEffic	StatError	EfficiencyNeg	StatError	RelativeStatError	TrunEfficNeg	StatError
6001113	0.13	0.01		0.004866		0.006500		1.335862		0.004817		0.004722		0.0049		0.004596		8.568e-06		0.000011		1.342217		8.568e-06		0.000008
6001113	0.26	0.02		0.05394		0.060328		1.118342		0.053773		0.052656		0.0539		0.042659		0.000403		0.000490		1.215849		0.000403		0.000346
6001113	0.52	0.04		0.1674		0.117057		0.699320		0.165381		0.167136		0.1675		0.082866		0.001758		0.001936		1.101055		0.00176		0.001370
6001113	0.78	0.06		0.2581		0.115665		0.448104		0.254782		0.259456		0.2591		0.082200		0.002109		0.002218		1.051979		0.002117		0.001575
6001113	1.04	0.08		0.327		0.103191		0.315581		0.322939		0.330018		0.3293		0.073609		0.001953		0.002012		1.029963		0.001967		0.001433
6001113	1.3	0.1		0.3773		0.090942		0.241027		0.372530		0.382317		0.3810		0.065009		0.001694		0.001727		1.019289		0.001711		0.001234
6001113	2.6	0.2		0.492		0.055521		0.112858		0.483759		0.504290		0.5016		0.039691		0.0008179		0.000822		1.005379		0.000834		0.000593
6001113	5.2	0.4		0.5274		0.032542		0.061697		0.515501		0.544376		0.5449		0.022910		0.0003006		0.000301		1.001802		0.0003105		0.000220
6001113	7.8	0.6		0.51		0.024895		0.048814		0.498214		0.526780		0.5303		0.017315		0.0001526		0.000153		1.001085		0.0001586		0.000112
6001113	10.4	0.8		0.4875		0.021783		0.044682		0.477228		0.502711		0.5087		0.015125		9.129e-05		0.000091		1.000860		9.525e-05		0.000067
6001113	13	1		0.4686		0.020841		0.044476		0.459817		0.482037		0.4897		0.014515		6.041e-05		0.000060		1.000820		6.309e-05		0.000045
6001113	26	2		0.4295		0.033721		0.078519		0.423309		0.439249		0.4482		0.024120		1.668e-05		0.000017		1.002319		1.676e-05		0.000012
6001113	52	4		0.4251		0.057995		0.136421		0.417533		0.436159		0.4428		0.042058		6.069e-06		0.000006		1.006709		5.03e-06		0.000004
6001113	78	6		0.4275		0.068030		0.159137		0.418801		0.439769		0.4452		0.049542		4.068e-06		0.000004		1.009166		2.753e-06		0.000002
6001113	104	8		0.4293		0.073170		0.170431		0.419971		0.442350		0.4471		0.053392		3.295e-06		0.000003		1.010572		1.864e-06		0.000001
6001113	130	10		0.4306		0.076261		0.177105		0.420825		0.444118		0.4485		0.055713		2.893e-06		0.000003		1.011466		1.401e-06		0.000001
6001113	260	20		0.4335		0.082414		0.190108		0.422836		0.448088		0.4517		0.060343		2.216e-06		0.000002		1.013354		6.175e-07		0.000000
6001113	520	40		0.4351		0.085456		0.196397		0.423975		0.450265		0.4535		0.062638		1.932e-06		0.000002		1.014341		2.897e-07		0.000000
6001113	780	60		0.4357		0.086463		0.198457		0.424373		0.451016		0.4541		0.063398		1.845e-06		0.000002		1.014675		1.891e-07		0.000000
6001113	1040	80		0.436		0.086965		0.199480		0.424575		0.451395		0.4544		0.063778		1.803e-06		0.000002		1.014844		1.403e-07		0.000000
6001113	1300	1e+02		0.4361		0.087266		0.200091		0.424697		0.451625		0.4546		0.064005		1.778e-06		0.000002		1.014945		1.115e-07		0.000000
6002113	1.3	0.01		0.9852		0.667391		0.677396		1.119476		0.761505		1.8905		0.915206		0		-1.000000		-1.000000		0		-1.000000
6002113	2.6	0.02		0.8889		0.460824		0.518425		0.987051		0.718334		1.3899		0.495685		0		-1.000000		-1.000000		0		-1.000000
6002113	5.2	0.04		0.7434		0.234628		0.315624		0.785709		0.654161		0.9221		0.122261		0		-1.000000		-1.000000		0		-1.000000
6002113	7.8	0.06		0.6784		0.159933		0.235742		0.695284		0.627360		0.7768		0.034177		0		-1.000000		-1.000000		0		-1.000000
6002113	10.4	0.08		0.6435		0.124208		0.193013		0.647902		0.612798		0.7112		0.054771		0		-1.000000		-1.000000		0		-1.000000
6002113	13	0.1		0.6218		0.103029		0.165706		0.619723		0.603009		0.6748		0.054334		0		-1.000000		-1.000000		0		-1.000000
6002113	26	0.2		0.5639		0.059737		0.105933		0.554490		0.566521		0.5946		0.038689		0		-1.000000		-1.000000		0		-1.000000
6002113	52	0.4		0.5058		0.036593		0.072342		0.495339		0.516590		0.5244		0.025015		0		-1.000000		-1.000000		0		-1.000000
6002113	78	0.6		0.477		0.029969		0.062833		0.465785		0.489776		0.4905		0.020841		0		-1.000000		-1.000000		0		-1.000000
6002113	104	0.8		0.4584		0.027356		0.059676		0.446756		0.472196		0.4691		0.019201		0		-1.000000		-1.000000		0		-1.000000
6002113	130	1		0.4459		0.026405		0.059211		0.434231		0.460128		0.4547		0.018657		0		-1.000000		-1.000000		0		-1.000000
6002113	260	2		0.4323		0.049657		0.114864		0.421087		0.446840		0.4364		0.031723		0		-1.000000		-1.000000		0		-1.000000
6002113	520	4		0.4418		0.115063		0.260449		0.427639		0.458807		0.4466		0.072800		0		-1.000000		-1.000000		0		-1.000000
6002113	780	6		0.4454		0.144853		0.325231		0.429230		0.464006		0.4523		0.094833		0		-1.000000		-1.000000		0		-1.000000
6002113	1040	8		0.4468		0.160116		0.358400		0.429453		0.466280		0.4551		0.107117		0		-1.000000		-1.000000		0		-1.000000
6002113	1300	10		0.4474		0.169217		0.378236		0.429365		0.467476		0.4567		0.114800		0		-1.000000		-1.000000		0		-1.000000
6002113	2600	20		0.4482		0.187009		0.417290		0.428660		0.469406		0.4595		0.130674		0		-1.000000		-1.000000		0		-1.000000
6002113	5200	40		0.4483		0.195598		0.436335		0.428038		0.470115		0.4607		0.138774		0		-1.000000		-1.000000		0		-1.000000
6002113	7800	60		0.4483		0.198404		0.442593		0.427791		0.470311		0.4610		0.141487		0		-1.000000		-1.000000		0		-1.000000
6002113	10400	80		0.4483		0.199796		0.445705		0.427661		0.470401		0.4612		0.142845		0		-1.000000		-1.000000		0		-1.000000
6002113	13000	1e+02		0.4483		0.200627		0.447566		0.427580		0.470453		0.4613		0.143660		0		-1.000000		-1.000000		0		-1.000000
6003113	13	0.01		0.8115		0.211220		0.260284		0.788036		0.827650		0.8115		0.149355		0		-1.000000		-1.000000		0		-1.000000
6003113	26	0.02		0.6076		0.313302		0.515648		0.589983		0.619734		0.6076		0.221538		0		-1.000000		-1.000000		0		-1.000000
6003113	52	0.04		0.5023		0.298344		0.593952		0.486799		0.513526		0.5023		0.210961		0		-1.000000		-1.000000		0		-1.000000
6003113	78	0.06		0.5095		0.265027		0.520208		0.491968		0.523070		0.5095		0.187403		0		-1.000000		-1.000000		0		-1.000000
6003113	104	0.08		0.5234		0.233982		0.447076		0.503637		0.539743		0.5234		0.165451		0		-1.000000		-1.000000		0		-1.000000
6003113	130	0.1		0.5245		0.204570		0.390048		0.502860		0.543606		0.5245		0.144653		0		-1.000000		-1.000000		0		-1.000000
6003113	260	0.2		0.4542		0.119431		0.262940		0.426079		0.484608		0.4542		0.084450		0		-1.000000		-1.000000		0		-1.000000
6003113	520	0.4		0.376		0.079280		0.210855		0.346220		0.409836		0.3760		0.056060		0		-1.000000		-1.000000		0		-1.000000
6003113	780	0.6		0.3461		0.067236		0.194252		0.319529		0.375414		0.3461		0.047543		0		-1.000000		-1.000000		0		-1.000000
6003113	1040	0.8		0.3259		0.062070		0.190471		0.302500		0.350584		0.3259		0.043890		0		-1.000000		-1.000000		0		-1.000000
6003113	1300	1		0.3088		0.059598		0.193002		0.288034		0.329915		0.3088		0.042142		0		-1.000000		-1.000000		0		-1.000000
6003113	2600	2		0.2513		0.058570		0.233111		0.237340		0.263656		0.2513		0.041415		0		-1.000000		-1.000000		0		-1.000000
6003113	5200	4		0.206		0.061304		0.297573		0.196034		0.213916		0.2060		0.043348		0		-1.000000		-1.000000		0		-1.000000
6003113	7800	6		0.1888		0.062139		0.329203		0.180067		0.195284		0.1888		0.043939		0		-1.000000		-1.000000		0		-1.000000
6003113	10400	8		0.1799		0.062395		0.346911		0.171796		0.185736		0.1799		0.044120		0		-1.000000		-1.000000		0		-1.000000
6003113	13000	10		0.1745		0.062475		0.358106		0.166766		0.179961		0.1745		0.044176		0		-1.000000		-1.000000		0		-1.000000
6003113	26000	20		0.1636		0.062433		0.381685		0.156600		0.168356		0.1636		0.044147		0		-1.000000		-1.000000		0		-1.000000
6003113	52000	40		0.1581		0.062298		0.394020		0.151484		0.162551		0.1581		0.044051		0		-1.000000		-1.000000		0		-1.000000
6003113	78000	60		0.1563		0.062234		0.398205		0.149777		0.160619		0.1563		0.044006		0		-1.000000		-1.000000		0		-1.000000
6003113	1.04e+05	80		0.1554		0.062199		0.400312		0.148924		0.159653		0.1554		0.043981		0		-1.000000		-1.000000		0		-1.000000
6003113	1.3e+05	1e+02		0.1548		0.062177		0.401579		0.148411		0.159074		0.1548		0.043966		0		-1.000000		-1.000000		0		-1.000000
