PDG	Ctau	CtauScaleFactor	EfficiencyOverAcceptance	StatError	RelativeStatError	PuUpEffic	PuDownEffic	TruncEffic	StatError	EfficiencyNeg	StatError	RelativeStatError	TrunEfficNeg	StatError
6001113	0.015	0.01		2.833e-06		0.000003		1.203710		0.000002		0.000003		0.0000		0.000005		0.0001853		0.000224		1.207421		0.0003703		0.000316
6001113	0.03	0.02		0.0005723		0.000576		1.006832		0.000505		0.000645		0.0011		0.000804		0.003654		0.003721		1.018312		0.007222		0.005176
6001113	0.06	0.04		0.006432		0.004549		0.707254		0.005867		0.007080		0.0123		0.006107		0.01253		0.009284		0.740736		0.02401		0.012400
6001113	0.09	0.06		0.01614		0.007207		0.446524		0.015225		0.017241		0.0302		0.009340		0.01725		0.010163		0.589184		0.03223		0.013184
6001113	0.12	0.08		0.02839		0.008340		0.293734		0.027179		0.029875		0.0521		0.010487		0.01877		0.009615		0.512339		0.03444		0.012244
6001113	0.15	0.1		0.04172		0.008853		0.212188		0.040175		0.043606		0.0756		0.010855		0.01867		0.008717		0.466796		0.03383		0.010967
6001113	0.3	0.2		0.1007		0.009134		0.090696		0.097961		0.103976		0.1768		0.010368		0.01386		0.005028		0.362676		0.02434		0.006169
6001113	0.6	0.4		0.1697		0.007804		0.045996		0.166297		0.173467		0.2924		0.008189		0.00826		0.002320		0.280932		0.01424		0.002810
6001113	0.9	0.6		0.2044		0.006905		0.033777		0.200951		0.208224		0.3495		0.006907		0.005961		0.001443		0.242019		0.01019		0.001736
6001113	1.2	0.8		0.2229		0.006472		0.029032		0.219460		0.226719		0.3793		0.006285		0.004724		0.001053		0.222876		0.008006		0.001262
6001113	1.5	1		0.233		0.006426		0.027577		0.229552		0.236798		0.3953		0.006134		0.004011		0.000858		0.213985		0.006666		0.001017
6001113	3	2		0.2382		0.012616		0.052962		0.235155		0.241314		0.4085		0.010951		0.003834		0.002019		0.526706		0.00484		0.001754
6001113	6	4		0.2107		0.030968		0.146963		0.208839		0.212125		0.3832		0.028840		0.004919		0.004092		0.831815		0.004569		0.003215
6001113	9	6		0.1935		0.039212		0.202656		0.192167		0.194124		0.3644		0.039835		0.005175		0.004645		0.897715		0.00398		0.003162
6001113	12	8		0.1836		0.043074		0.234556		0.182605		0.183893		0.3527		0.046084		0.005231		0.004839		0.925210		0.003419		0.002847
6001113	15	10		0.1774		0.045200		0.254738		0.176573		0.177470		0.3449		0.049975		0.005237		0.004925		0.940356		0.002967		0.002531
6001113	30	20		0.1646		0.048865		0.296884		0.164055		0.164211		0.3279		0.057839		0.005188		0.005023		0.968226		0.001741		0.001550
6001113	60	40		0.158		0.050352		0.318598		0.157661		0.157473		0.3188		0.061698		0.005132		0.005035		0.981169		0.0009419		0.000854
6001113	90	60		0.1559		0.050793		0.325899		0.155521		0.155223		0.3156		0.062960		0.005109		0.005034		0.985360		0.0006444		0.000588
6001113	120	80		0.1548		0.051002		0.329560		0.154450		0.154099		0.3140		0.063584		0.005096		0.005032		0.987434		0.0004896		0.000448
6001113	150	1e+02		0.1541		0.051124		0.331758		0.153807		0.153424		0.3131		0.063957		0.005089		0.005031		0.988671		0.0003947		0.000361
6002113	0.15	0.01		0.01031		0.010711		1.038720		0.010538		0.010279		0.0118		0.009204		4.205e-23		0.000000		1.262672		4.815e-23		0.000000
6002113	0.3	0.02		0.09073		0.055983		0.617009		0.095144		0.087003		0.1269		0.059741		3.814e-12		0.000000		1.077142		5.336e-12		0.000000
6002113	0.6	0.04		0.2083		0.065964		0.316699		0.214776		0.201364		0.3269		0.069834		6.141e-07		0.000001		0.882991		9.64e-07		0.000001
6002113	0.9	0.06		0.2471		0.054319		0.219824		0.251205		0.241896		0.3992		0.054216		2.552e-05		0.000020		0.800895		4.123e-05		0.000023
6002113	1.2	0.08		0.2602		0.044087		0.169413		0.261619		0.257486		0.4262		0.042498		0.0001421		0.000108		0.762488		0.0002327		0.000125
6002113	1.5	0.1		0.2645		0.036452		0.137797		0.263715		0.263957		0.4369		0.034444		0.0003612		0.000268		0.742094		0.0005965		0.000313
6002113	3	0.2		0.2582		0.018963		0.073438		0.252678		0.263364		0.4333		0.017511		0.00144		0.001006		0.698158		0.002417		0.001192
6002113	6	0.4		0.234		0.010431		0.044585		0.228301		0.240222		0.3877		0.009676		0.001634		0.001010		0.617880		0.002707		0.001182
6002113	9	0.6		0.2187		0.007998		0.036573		0.213956		0.224197		0.3492		0.007365		0.001435		0.000783		0.545265		0.002292		0.000883
6002113	12	0.8		0.2097		0.007014		0.033446		0.205579		0.214645		0.3212		0.006390		0.001305		0.000642		0.492113		0.001998		0.000695
6002113	15	1		0.2037		0.006613		0.032462		0.199981		0.208297		0.3005		0.005986		0.001226		0.000571		0.465555		0.001804		0.000593
6002113	30	2		0.1864		0.007764		0.041639		0.183272		0.190291		0.2466		0.007009		0.001026		0.000525		0.511488		0.001289		0.000466
6002113	60	4		0.1692		0.011803		0.069759		0.166064		0.172765		0.2119		0.010265		0.0008434		0.000506		0.599815		0.0008205		0.000348
6002113	90	6		0.1611		0.013991		0.086865		0.157911		0.164563		0.1992		0.011958		0.0007633		0.000484		0.634274		0.0005969		0.000268
6002113	120	8		0.1565		0.015214		0.097203		0.153339		0.159973		0.1928		0.012903		0.0007201		0.000469		0.651882		0.000468		0.000216
6002113	150	10		0.1536		0.015977		0.104000		0.150444		0.157066		0.1889		0.013496		0.0006934		0.000459		0.662510		0.0003846		0.000180
6002113	300	20		0.1475		0.017548		0.118944		0.144328		0.150929		0.1810		0.014729		0.0006386		0.000437		0.683816		0.000203		0.000098
6002113	600	40		0.1443		0.018343		0.127088		0.141121		0.147709		0.1770		0.015364		0.0006107		0.000424		0.694461		0.0001043		0.000051
6002113	900	60		0.1432		0.018608		0.129900		0.140032		0.146615		0.1757		0.015577		0.0006013		0.000420		0.698004		7.018e-05		0.000035
6002113	1200	80		0.1427		0.018740		0.131325		0.139484		0.146064		0.1750		0.015684		0.0005966		0.000418		0.699775		5.288e-05		0.000026
6002113	1500	1e+02		0.1424		0.018820		0.132185		0.139153		0.145733		0.1746		0.015748		0.0005938		0.000416		0.700837		4.242e-05		0.000021
6003113	1.5	0.01		0.005182		0.004648		0.896962		0.004962		0.005490		0.0053		0.003385		0		-1.000000		-1.000000		0		-1.000000
6003113	3	0.02		0.07816		0.045856		0.586722		0.073421		0.084171		0.0975		0.045029		0		-1.000000		-1.000000		0		-1.000000
6003113	6	0.04		0.1559		0.053204		0.341295		0.144096		0.170521		0.2470		0.058683		0		-1.000000		-1.000000		0		-1.000000
6003113	9	0.06		0.1629		0.045227		0.277722		0.150856		0.178079		0.2614		0.045941		0		-1.000000		-1.000000		0		-1.000000
6003113	12	0.08		0.1612		0.038900		0.241375		0.150377		0.175162		0.2507		0.037523		0		-1.000000		-1.000000		0		-1.000000
6003113	15	0.1		0.159		0.034269		0.215467		0.149543		0.171599		0.2383		0.031853		0		-1.000000		-1.000000		0		-1.000000
6003113	30	0.2		0.1564		0.022984		0.146927		0.150323		0.164801		0.2040		0.019182		0		-1.000000		-1.000000		0		-1.000000
6003113	60	0.4		0.1592		0.016311		0.102426		0.154063		0.166162		0.1852		0.012627		0		-1.000000		-1.000000		0		-1.000000
6003113	90	0.6		0.1608		0.014076		0.087526		0.155622		0.167711		0.1787		0.010631		0		-1.000000		-1.000000		0		-1.000000
6003113	120	0.8		0.162		0.013113		0.080927		0.156838		0.169095		0.1756		0.009787		0		-1.000000		-1.000000		0		-1.000000
6003113	150	1		0.1635		0.012835		0.078489		0.158543		0.170633		0.1741		0.009504		0		-1.000000		-1.000000		0		-1.000000
6003113	300	2		0.1767		0.019968		0.112975		0.175235		0.182235		0.1765		0.013135		0		-1.000000		-1.000000		0		-1.000000
6003113	600	4		0.2012		0.041660		0.207009		0.205322		0.203481		0.1869		0.024598		0		-1.000000		-1.000000		0		-1.000000
6003113	900	6		0.2147		0.053930		0.251135		0.221430		0.215395		0.1933		0.031402		0		-1.000000		-1.000000		0		-1.000000
6003113	1200	8		0.2227		0.061053		0.274157		0.230800		0.222479		0.1971		0.035462		0		-1.000000		-1.000000		0		-1.000000
6003113	1500	10		0.2279		0.065629		0.288017		0.236849		0.227109		0.1997		0.038113		0		-1.000000		-1.000000		0		-1.000000
6003113	3000	20		0.2391		0.075407		0.315371		0.249900		0.237238		0.2053		0.043899		0		-1.000000		-1.000000		0		-1.000000
6003113	6000	40		0.2452		0.080583		0.328671		0.256891		0.242742		0.2084		0.047032		0		-1.000000		-1.000000		0		-1.000000
6003113	9000	60		0.2473		0.082347		0.333025		0.259288		0.244641		0.2095		0.048111		0		-1.000000		-1.000000		0		-1.000000
6003113	12000	80		0.2483		0.083235		0.335186		0.260499		0.245603		0.2100		0.048657		0		-1.000000		-1.000000		0		-1.000000
6003113	15000	1e+02		0.249		0.083770		0.336477		0.261230		0.246184		0.2103		0.048987		0		-1.000000		-1.000000		0		-1.000000
