PDG	Ctau	CtauScaleFactor	EfficiencyOverAcceptance	StatError	RelativeStatError	PuUpEffic	PuDownEffic	TruncEffic	StatError	EfficiencyNeg	StatError	RelativeStatError	TrunEfficNeg	StatError
6001113	0.04	0.01		0.00239		0.000800		0.334882		0.002431		0.002319		0.0024		0.000800		0.008212		0.008198		0.998316		0.008212		0.008198
6001113	0.08	0.02		0.0214		0.004118		0.192392		0.021464		0.021337		0.0214		0.004118		0.006997		0.006970		0.996166		0.006997		0.006970
6001113	0.16	0.04		0.07675		0.008814		0.114848		0.075985		0.077689		0.0767		0.008814		0.004565		0.004551		0.997017		0.004565		0.004551
6001113	0.24	0.06		0.1258		0.010742		0.085417		0.124012		0.127718		0.1258		0.010742		0.003317		0.003309		0.997743		0.003317		0.003309
6001113	0.32	0.08		0.1646		0.011455		0.069592		0.162013		0.167324		0.1646		0.011455		0.00259		0.002586		0.998208		0.00259		0.002586
6001113	0.4	0.1		0.195		0.011641		0.059700		0.191746		0.198332		0.1950		0.011641		0.00212		0.002116		0.998523		0.00212		0.002116
6001113	0.8	0.2		0.2775		0.010766		0.038799		0.272309		0.282640		0.2775		0.010766		0.001104		0.001103		0.999234		0.001104		0.001103
6001113	1.6	0.4		0.3325		0.009031		0.027158		0.325777		0.339392		0.3325		0.009031		0.000564		0.000564		0.999629		0.000564		0.000564
6001113	2.4	0.6		0.3528		0.008139		0.023073		0.345184		0.360606		0.3528		0.008139		0.0003788		0.000379		0.999769		0.0003788		0.000379
6001113	3.2	0.8		0.3616		0.007721		0.021352		0.353544		0.370036		0.3616		0.007723		0.0002851		0.000285		0.999844		0.000285		0.000285
6001113	4	1		0.3652		0.007612		0.020845		0.356890		0.373883		0.3653		0.007618		0.0002288		0.000229		0.999896		0.0002285		0.000229
6001113	8	2		0.3418		0.018457		0.054008		0.334450		0.349004		0.3634		0.009490		0.0001129		0.000113		1.001171		0.0001157		0.000116
6001113	16	4		0.211		0.070830		0.335664		0.207450		0.213922		0.3543		0.013774		4.324e-05		0.000046		1.054016		5.892e-05		0.000059
6001113	24	6		0.1431		0.071363		0.498773		0.141035		0.144444		0.3497		0.016037		2.414e-05		0.000027		1.116108		3.964e-05		0.000040
6001113	32	8		0.1123		0.064740		0.576344		0.110904		0.113122		0.3471		0.017334		1.707e-05		0.000020		1.152425		2.988e-05		0.000030
6001113	40	10		0.0959		0.059370		0.619110		0.094777		0.096416		0.3454		0.018163		1.364e-05		0.000016		1.174083		2.399e-05		0.000024
6001113	80	20		0.06825		0.047361		0.693977		0.067604		0.068374		0.3420		0.019932		8.466e-06		0.000010		1.214491		1.208e-05		0.000012
6001113	160	40		0.05703		0.041394		0.725838		0.056563		0.057027		0.3401		0.020870		6.585e-06		0.000008		1.232538		6.062e-06		0.000006
6001113	240	60		0.05366		0.039472		0.735653		0.053241		0.053619		0.3395		0.021190		6.046e-06		0.000007		1.238189		4.046e-06		0.000004
6001113	320	80		0.05204		0.038528		0.740415		0.051644		0.051982		0.3392		0.021351		5.792e-06		0.000007		1.240944		3.037e-06		0.000003
6001113	400	1e+02		0.05108		0.037967		0.743226		0.050706		0.051021		0.3390		0.021448		5.644e-06		0.000007		1.242574		2.43e-06		0.000002
6002113	0.4	0.01		0.1627		0.033027		0.203050		0.156280		0.174175		0.1627		0.033027		0.008925		0.008897		0.996835		0.008925		0.008897
6002113	0.8	0.02		0.2287		0.029901		0.130755		0.220840		0.240784		0.2287		0.029901		0.007587		0.007551		0.995256		0.007587		0.007551
6002113	1.6	0.04		0.2891		0.024456		0.084595		0.280731		0.300004		0.2891		0.024456		0.005091		0.004979		0.978051		0.005091		0.004979
6002113	2.4	0.06		0.3155		0.020992		0.066527		0.307695		0.325061		0.3155		0.020992		0.003915		0.003634		0.928175		0.003915		0.003634
6002113	3.2	0.08		0.3281		0.018633		0.056795		0.320832		0.336561		0.3281		0.018633		0.003292		0.002862		0.869617		0.003292		0.002862
6002113	4	0.1		0.3341		0.016917		0.050638		0.327313		0.341783		0.3341		0.016917		0.002917		0.002376		0.814633		0.002917		0.002376
6002113	8	0.2		0.3363		0.012448		0.037018		0.330611		0.342176		0.3363		0.012448		0.002261		0.001394		0.616743		0.002261		0.001394
6002113	16	0.4		0.3241		0.009595		0.029611		0.318755		0.329178		0.3241		0.009595		0.002098		0.000995		0.474170		0.002098		0.000995
6002113	24	0.6		0.3154		0.008741		0.027711		0.310190		0.320383		0.3154		0.008741		0.00214		0.000918		0.429119		0.00214		0.000918
6002113	32	0.8		0.3101		0.008444		0.027230		0.304834		0.314990		0.3101		0.008444		0.002218		0.000909		0.409772		0.002216		0.000908
6002113	40	1		0.3066		0.008348		0.027230		0.301279		0.311464		0.3066		0.008348		0.002295		0.000924		0.402557		0.002289		0.000921
6002113	80	2		0.2988		0.008487		0.028399		0.293371		0.303807		0.2988		0.008487		0.00255		0.001052		0.412370		0.002423		0.000999
6002113	160	4		0.2946		0.008841		0.030013		0.288930		0.299638		0.2946		0.008841		0.002743		0.001195		0.435717		0.002131		0.000929
6002113	240	6		0.293		0.009026		0.030801		0.287353		0.298179		0.2930		0.009026		0.002819		0.001259		0.446556		0.001782		0.000796
6002113	320	8		0.2923		0.009135		0.031256		0.286543		0.297434		0.2923		0.009135		0.002859		0.001294		0.452523		0.001509		0.000683
6002113	400	10		0.2918		0.009206		0.031550		0.286049		0.296981		0.2918		0.009206		0.002884		0.001316		0.456273		0.001301		0.000594
6002113	800	20		0.2908		0.009362		0.032190		0.285043		0.296061		0.2908		0.009362		0.002935		0.001362		0.464137		0.0007607		0.000353
6002113	1600	40		0.2903		0.009448		0.032539		0.284531		0.295594		0.2903		0.009448		0.002961		0.001387		0.468246		0.0004125		0.000193
6002113	2400	60		0.2902		0.009477		0.032659		0.284359		0.295437		0.2902		0.009477		0.00297		0.001395		0.469641		0.0002827		0.000133
6002113	3200	80		0.2901		0.009492		0.032720		0.284272		0.295359		0.2901		0.009492		0.002975		0.001399		0.470343		0.000215		0.000101
6002113	4000	1e+02		0.2901		0.009501		0.032757		0.284220		0.295311		0.2901		0.009501		0.002978		0.001402		0.470766		0.0001734		0.000082
6003113	4	0.01		0.2956		0.048463		0.163970		0.285343		0.309240		0.2956		0.048463		1.42e-07		0.000000		1.006450		1.42e-07		0.000000
6003113	8	0.02		0.3093		0.036021		0.116464		0.297457		0.323066		0.3093		0.036021		2.965e-05		0.000030		1.003175		2.965e-05		0.000030
6003113	16	0.04		0.3067		0.027057		0.088212		0.296438		0.318717		0.3067		0.027057		0.0003156		0.000316		1.001417		0.0003156		0.000316
6003113	24	0.06		0.2999		0.023724		0.079100		0.290783		0.310744		0.2999		0.023724		0.00062		0.000620		1.000705		0.00062		0.000620
6003113	32	0.08		0.2944		0.022129		0.075156		0.285993		0.304553		0.2944		0.022129		0.0008394		0.000840		1.000317		0.0008394		0.000840
6003113	40	0.1		0.2904		0.021240		0.073151		0.282343		0.299999		0.2904		0.021240		0.0009929		0.000993		1.000079		0.0009929		0.000993
6003113	80	0.2		0.2802		0.019732		0.070416		0.273098		0.288874		0.2802		0.019732		0.001339		0.001338		0.999609		0.001339		0.001338
6003113	160	0.4		0.2742		0.019189		0.069980		0.267502		0.282367		0.2742		0.019189		0.001521		0.001520		0.999395		0.001521		0.001520
6003113	240	0.6		0.2721		0.019055		0.070029		0.265513		0.280091		0.2721		0.019055		0.001582		0.001581		0.999330		0.001581		0.001580
6003113	320	0.8		0.271		0.018998		0.070098		0.264499		0.278940		0.2710		0.018998		0.001611		0.001610		0.999299		0.001611		0.001609
6003113	400	1		0.2704		0.018968		0.070155		0.263885		0.278245		0.2704		0.018968		0.001629		0.001628		0.999280		0.001625		0.001624
6003113	800	2		0.2691		0.018918		0.070308		0.262648		0.276851		0.2691		0.018918		0.001665		0.001663		0.999246		0.001582		0.001580
6003113	1600	4		0.2684		0.018898		0.070406		0.262025		0.276153		0.2684		0.018898		0.001682		0.001681		0.999229		0.001307		0.001306
6003113	2400	6		0.2682		0.018892		0.070442		0.261817		0.275920		0.2682		0.018892		0.001688		0.001686		0.999224		0.001067		0.001066
6003113	3200	8		0.2681		0.018889		0.070460		0.261712		0.275804		0.2681		0.018889		0.001691		0.001689		0.999221		0.000892		0.000891
6003113	4000	10		0.268		0.018888		0.070472		0.261650		0.275734		0.2680		0.018888		0.001692		0.001691		0.999219		0.0007636		0.000763
6003113	8000	20		0.2679		0.018885		0.070495		0.261525		0.275594		0.2679		0.018885		0.001696		0.001694		0.999216		0.0004395		0.000439
6003113	16000	40		0.2678		0.018883		0.070507		0.261462		0.275524		0.2678		0.018883		0.001698		0.001696		0.999215		0.0002364		0.000236
6003113	24000	60		0.2678		0.018883		0.070511		0.261441		0.275501		0.2678		0.018883		0.001698		0.001697		0.999214		0.0001616		0.000161
6003113	32000	80		0.2678		0.018883		0.070513		0.261431		0.275489		0.2678		0.018883		0.001698		0.001697		0.999214		0.0001227		0.000123
6003113	40000	1e+02		0.2678		0.018883		0.070514		0.261425		0.275482		0.2678		0.018883		0.001699		0.001697		0.999214		9.891e-05		0.000099
