PDG	Ctau	CtauScaleFactor	EfficiencyOverAcceptance	StatError	RelativeStatError	PuUpEffic	PuDownEffic	TruncEffic	StatError	PuUpTruncEffic	PuDownTrunEffic	EfficiencyNeg	StatError	RelativeStatError	TrunEfficNeg	StatError
6001113	0.04	0.01		0.00141		0.001778		1.261566		0.001397		0.001367		0.0014		0.001258		0.001462		0.001317		1.369e-39		0.000000		1.276087		1.369e-39		0.000000
6001113	0.08	0.02		0.0281		0.028773		1.023970		0.027789		0.027398		0.0281		0.020345		0.029088		0.026143		4.071e-20		0.000000		1.161129		4.071e-20		0.000000
6001113	0.16	0.04		0.1062		0.066241		0.623635		0.104855		0.104621		0.1062		0.046839		0.108825		0.099963		1.353e-10		0.000000		1.001545		1.353e-10		0.000000
6001113	0.24	0.06		0.1601		0.065423		0.408749		0.157397		0.159345		0.1601		0.046261		0.161096		0.154467		1.511e-07		0.000000		0.901858		1.511e-07		0.000000
6001113	0.32	0.08		0.2003		0.058304		0.291120		0.195989		0.201301		0.2003		0.041227		0.198968		0.197061		4.372e-06		0.000004		0.841197		4.372e-06		0.000003
6001113	0.4	0.1		0.2338		0.051704		0.221179		0.227805		0.236730		0.2338		0.036561		0.230416		0.232954		3.014e-05		0.000024		0.803731		3.014e-05		0.000017
6001113	0.8	0.2		0.3476		0.033317		0.095862		0.335662		0.357613		0.3476		0.023559		0.339601		0.353245		0.0009084		0.000670		0.737394		0.0009084		0.000474
6001113	1.6	0.4		0.4468		0.021222		0.047492		0.432094		0.460405		0.4468		0.015006		0.438460		0.454261		0.002636		0.001875		0.711070		0.002636		0.001326
6001113	2.4	0.6		0.4827		0.016607		0.034401		0.467926		0.496630		0.4828		0.011743		0.474619		0.490227		0.002845		0.001912		0.672005		0.002845		0.001352
6001113	3.2	0.8		0.4937		0.014542		0.029455		0.479703		0.506938		0.4938		0.010287		0.486126		0.500879		0.002752		0.001686		0.612767		0.002753		0.001192
6001113	4	1		0.4945		0.013934		0.028178		0.481905		0.506323		0.4947		0.009864		0.487839		0.500968		0.002661		0.001543		0.579645		0.002666		0.001090
6001113	8	2		0.4513		0.040826		0.090472		0.450911		0.449898		0.4626		0.024345		0.463071		0.461005		0.002086		0.001445		0.692675		0.002218		0.001029
6001113	16	4		0.3139		0.122635		0.390730		0.327236		0.298082		0.3610		0.091238		0.374695		0.346282		0.001057		0.000934		0.883641		0.00137		0.000656
6001113	24	6		0.2479		0.133591		0.538914		0.263629		0.229803		0.3010		0.114602		0.319307		0.282228		0.0006989		0.000685		0.979622		0.0009981		0.000439
6001113	32	8		0.2161		0.132041		0.611107		0.232216		0.197664		0.2686		0.121170		0.288573		0.248583		0.0005489		0.000565		1.028753		0.0008222		0.000322
6001113	40	10		0.198		0.129183		0.652445		0.214162		0.179644		0.2492		0.123032		0.269802		0.228656		0.0004703		0.000497		1.057432		0.0007239		0.000252
6001113	80	20		0.1649		0.120221		0.729220		0.180629		0.147064		0.2114		0.122122		0.232706		0.190624		0.0003387		0.000376		1.111413		0.000548		0.000118
6001113	160	40		0.15		0.114620		0.764327		0.165357		0.132623		0.1936		0.119594		0.214837		0.172938		0.000285		0.000324		1.136254		0.0004717		0.000057
6001113	240	60		0.1453		0.112646		0.775527		0.160502		0.128086		0.1878		0.118490		0.209030		0.167279		0.0002688		0.000308		1.144180		0.000448		0.000037
6001113	320	80		0.1429		0.111643		0.781033		0.158119		0.125869		0.1850		0.117894		0.206157		0.164496		0.000261		0.000300		1.148075		0.0004365		0.000028
6001113	400	1e+02		0.1416		0.111037		0.784306		0.156703		0.124556		0.1833		0.117522		0.204444		0.162841		0.0002564		0.000295		1.150390		0.0004297		0.000022
6002113	0.4	0.01		0.763		0.192919		0.252844		0.739709		0.784418		0.7630		0.136415		0.737495		0.788415		4.7e-25		0.000000		1.200369		4.7e-25		0.000000
6002113	0.8	0.02		0.6408		0.185764		0.289885		0.620845		0.665149		0.6408		0.131355		0.600100		0.685763		3.792e-13		0.000000		1.086711		3.792e-13		0.000000
6002113	1.6	0.04		0.6085		0.136069		0.223620		0.583565		0.637512		0.6085		0.096215		0.564493		0.658373		2.285e-07		0.000000		1.041001		2.285e-07		0.000000
6002113	2.4	0.06		0.5861		0.103177		0.176050		0.561659		0.613525		0.5861		0.072957		0.547401		0.631239		1.475e-05		0.000015		1.023122		1.475e-05		0.000011
6002113	3.2	0.08		0.5651		0.081995		0.145102		0.542623		0.590077		0.5651		0.057979		0.532182		0.604388		0.0001012		0.000103		1.014212		0.0001012		0.000073
6002113	4	0.1		0.5487		0.068160		0.124224		0.527694		0.571940		0.5487		0.048196		0.520192		0.583059		0.0002925		0.000295		1.009409		0.0002925		0.000209
6002113	8	0.2		0.5051		0.039031		0.077267		0.486184		0.525804		0.5051		0.027599		0.485860		0.527212		0.001559		0.001561		1.001495		0.001559		0.001104
6002113	16	0.4		0.468		0.023940		0.051155		0.451995		0.484791		0.4680		0.016928		0.454669		0.481521		0.001964		0.001962		0.999176		0.001964		0.001388
6002113	24	0.6		0.4509		0.020206		0.044815		0.437363		0.464792		0.4509		0.014288		0.440656		0.460672		0.001684		0.001682		0.999133		0.001684		0.001190
6002113	32	0.8		0.4412		0.019153		0.043415		0.429214		0.453346		0.4412		0.013544		0.432654		0.449016		0.001457		0.001456		0.999284		0.001457		0.001029
6002113	40	1		0.4348		0.018908		0.043484		0.423897		0.445906		0.4348		0.013370		0.427342		0.441539		0.001301		0.001300		0.999425		0.001301		0.000917
6002113	80	2		0.4204		0.019645		0.046733		0.411644		0.429220		0.4204		0.013891		0.414854		0.425027		0.0009708		0.000971		0.999829		0.0009708		0.000652
6002113	160	4		0.4118		0.020908		0.050769		0.404247		0.419583		0.4118		0.014784		0.407209		0.415615		0.0008077		0.000808		1.000116		0.0008077		0.000444
6002113	240	6		0.4087		0.021517		0.052647		0.401515		0.416110		0.4087		0.015215		0.404379		0.412239		0.0007551		0.000755		1.000231		0.0007551		0.000338
6002113	320	8		0.4071		0.021864		0.053708		0.400092		0.414319		0.4071		0.015460		0.402903		0.410498		0.0007292		0.000729		1.000294		0.0007292		0.000272
6002113	400	10		0.4061		0.022086		0.054386		0.399218		0.413225		0.4061		0.015617		0.401998		0.409436		0.0007138		0.000714		1.000333		0.0007138		0.000228
6002113	800	20		0.4041		0.022565		0.055844		0.397425		0.410993		0.4041		0.015956		0.400139		0.407271		0.0006834		0.000684		1.000417		0.0006834		0.000125
6002113	1.6e+03	40		0.403		0.022823		0.056626		0.396505		0.409854		0.4030		0.016138		0.399186		0.406166		0.0006683		0.000669		1.000461		0.0006683		0.000066
6002113	2.4e+03	60		0.4027		0.022911		0.056895		0.396194		0.409471		0.4027		0.016201		0.398864		0.405795		0.0006634		0.000664		1.000476		0.0006634		0.000045
6002113	3.2e+03	80		0.4025		0.022956		0.057031		0.396038		0.409279		0.4025		0.016232		0.398703		0.405608		0.0006609		0.000661		1.000484		0.0006609		0.000034
6002113	4e+03	1e+02		0.4024		0.022983		0.057113		0.395944		0.409164		0.4024		0.016251		0.398606		0.405496		0.0006594		0.000660		1.000489		0.0006594		0.000027
6003113	4	0.01		0.0001297		0.000142		1.096991		0.000228		0.000079		0.0001		0.000101		0.000206		0.000098		0		0.000000		-1.000000		0		0.000000
6003113	8	0.02		0.01687		0.016161		0.957926		0.022787		0.013984		0.0169		0.011427		0.020186		0.017463		0		0.000000		-1.000000		0		0.000000
6003113	16	0.04		0.1322		0.078109		0.590816		0.153533		0.126076		0.1322		0.055232		0.135831		0.149020		0		0.000000		-1.000000		0		0.000000
6003113	24	0.06		0.2116		0.094297		0.445612		0.233350		0.210789		0.2116		0.066678		0.210131		0.238619		0		0.000000		-1.000000		0		0.000000
6003113	32	0.08		0.2562		0.099039		0.386551		0.276436		0.259469		0.2562		0.070031		0.251981		0.287177		0		0.000000		-1.000000		0		0.000000
6003113	40	0.1		0.284		0.101097		0.355997		0.303385		0.289439		0.2840		0.071486		0.278638		0.316343		0		0.000000		-1.000000		0		0.000000
6003113	80	0.2		0.3411		0.104141		0.305281		0.361765		0.347687		0.3411		0.073639		0.336556		0.372447		0		0.000000		-1.000000		0		0.000000
6003113	160	0.4		0.3701		0.105714		0.285615		0.394428		0.373923		0.3701		0.074751		0.368327		0.398158		0		0.000000		-1.000000		0		0.000000
6003113	240	0.6		0.3798		0.106385		0.280127		0.405972		0.381931		0.3798		0.075225		0.379353		0.406196		0		0.000000		-1.000000		0		0.000000
6003113	320	0.8		0.3846		0.106766		0.277617		0.411875		0.385767		0.3846		0.075495		0.384942		0.410097		0		0.000000		-1.000000		0		0.000000
6003113	400	1		0.3875		0.107012		0.276190		0.415458		0.388012		0.3875		0.075669		0.388319		0.412398		0		0.000000		-1.000000		0		0.000000
6003113	800	2		0.3932		0.107549		0.273524		0.422721		0.392366		0.3932		0.076049		0.395124		0.416905		0		0.000000		-1.000000		0		0.000000
6003113	1.6e+03	4		0.3961		0.107843		0.272289		0.426400		0.394472		0.3961		0.076256		0.398551		0.419110		0		0.000000		-1.000000		0		0.000000
6003113	2.4e+03	6		0.397		0.107944		0.271892		0.427633		0.395163		0.3970		0.076328		0.399696		0.419837		0		0.000000		-1.000000		0		0.000000
6003113	3.2e+03	8		0.3975		0.107996		0.271697		0.428251		0.395507		0.3975		0.076365		0.400270		0.420200		0		0.000000		-1.000000		0		0.000000
6003113	4e+03	10		0.3978		0.108027		0.271580		0.428623		0.395713		0.3978		0.076387		0.400614		0.420417		0		0.000000		-1.000000		0		0.000000
6003113	8e+03	20		0.3983		0.108090		0.271350		0.429366		0.396122		0.3983		0.076431		0.401303		0.420849		0		0.000000		-1.000000		0		0.000000
6003113	1.6e+04	40		0.3986		0.108122		0.271235		0.429738		0.396326		0.3986		0.076454		0.401648		0.421065		0		0.000000		-1.000000		0		0.000000
6003113	2.4e+04	60		0.3987		0.108133		0.271197		0.429862		0.396394		0.3987		0.076461		0.401762		0.421137		0		0.000000		-1.000000		0		0.000000
6003113	3.2e+04	80		0.3988		0.108138		0.271178		0.429924		0.396428		0.3988		0.076465		0.401820		0.421173		0		0.000000		-1.000000		0		0.000000
6003113	4e+04	1e+02		0.3988		0.108141		0.271167		0.429962		0.396448		0.3988		0.076467		0.401854		0.421195		0		0.000000		-1.000000		0		0.000000
