PDG	Ctau	CtauScaleFactor	EfficiencyOverAcceptance	StatError	RelativeStatError	PuUpEffic	PuDownEffic	TruncEffic	StatError	PuUpTruncEffic	PuDownTrunEffic	EfficiencyNeg	StatError	RelativeStatError	TrunEfficNeg	StatError
6001113	0.35	0.01		0.0452		0.049868		1.103355		0.044774		0.045193		0.0452		0.035262		0.044083		0.049429		0.0007406		0.001016		1.372247		0.0007406		0.000719
6001113	0.7	0.02		0.3538		0.208743		0.589943		0.359135		0.346119		0.3538		0.147604		0.355405		0.366106		0.01623		0.018016		1.110078		0.01623		0.012739
6001113	1.4	0.04		0.6594		0.134997		0.204727		0.669890		0.644995		0.6594		0.095458		0.665786		0.661942		0.0375		0.031327		0.835328		0.0375		0.022152
6001113	2.1	0.06		0.7453		0.084082		0.112821		0.752046		0.733164		0.7453		0.059455		0.751326		0.743949		0.03979		0.028260		0.710242		0.03979		0.019983
6001113	2.8	0.08		0.7858		0.060154		0.076548		0.789228		0.776246		0.7858		0.042535		0.790849		0.783377		0.03685		0.023902		0.648655		0.03685		0.016902
6001113	3.5	0.1		0.8104		0.046655		0.057574		0.811411		0.802808		0.8104		0.032990		0.814342		0.807711		0.0327		0.020178		0.617062		0.0327		0.014268
6001113	7	0.2		0.8585		0.021307		0.024817		0.852544		0.859182		0.8585		0.015066		0.859008		0.857492		0.01704		0.009702		0.569259		0.01704		0.006861
6001113	14	0.4		0.875		0.010462		0.011956		0.863074		0.883643		0.8750		0.007397		0.873305		0.875577		0.007923		0.003609		0.455476		0.007923		0.002552
6001113	21	0.6		0.8722		0.007708		0.008837		0.858351		0.884172		0.8722		0.005450		0.869875		0.873491		0.00624		0.002059		0.329994		0.00624		0.001456
6001113	28	0.8		0.8638		0.006875		0.007960		0.849019		0.877449		0.8638		0.004863		0.860864		0.865580		0.005924		0.001607		0.271337		0.005926		0.001136
6001113	35	1		0.8539		0.006973		0.008166		0.838699		0.868474		0.8537		0.004938		0.850305		0.855909		0.005964		0.001540		0.258190		0.005975		0.001088
6001113	70	2		0.8193		0.015328		0.018708		0.797727		0.845556		0.8136		0.010844		0.805911		0.818453		0.006056		0.002118		0.349716		0.006289		0.001475
6001113	140	4		0.809		0.037724		0.046629		0.760814		0.876240		0.7862		0.027734		0.766213		0.798855		0.004828		0.002148		0.444900		0.005505		0.001331
6001113	210	6		0.8119		0.048941		0.060279		0.747139		0.904209		0.7797		0.037648		0.752213		0.797354		0.004101		0.001988		0.484736		0.00492		0.001050
6001113	280	8		0.8149		0.054730		0.067163		0.740510		0.921640		0.7776		0.043381		0.745724		0.798200		0.003707		0.001878		0.506677		0.004574		0.000852
6001113	350	10		0.8171		0.058146		0.071158		0.736669		0.933054		0.7768		0.047021		0.742104		0.799265		0.003466		0.001804		0.520471		0.004354		0.000712
6001113	700	20		0.8226		0.064639		0.078582		0.729401		0.957653		0.7763		0.054623		0.735664		0.802660		0.00299		0.001642		0.549320		0.003893		0.000387
6001113	1.4e+03	40		0.8257		0.067637		0.081912		0.726011		0.970653		0.7766		0.058516		0.732917		0.804974		0.002758		0.001556		0.564272		0.003658		0.000201
6001113	2.1e+03	60		0.8268		0.068590		0.082956		0.724921		0.975066		0.7768		0.059818		0.732079		0.805832		0.002683		0.001527		0.569318		0.003579		0.000136
6001113	2.8e+03	80		0.8274		0.069057		0.083464		0.724384		0.977285		0.7769		0.060469		0.731675		0.806277		0.002645		0.001513		0.571852		0.00354		0.000103
6001113	3.5e+03	1e+02		0.8277		0.069335		0.083765		0.724064		0.978621		0.7769		0.060860		0.731438		0.806550		0.002623		0.001504		0.573375		0.003516		0.000082
6002113	3.5	0.01		0.1895		0.144333		0.761679		0.167557		0.210615		0.1895		0.102059		0.186252		0.192502		5.83e-06		0.000006		0.943517		5.83e-06		0.000004
6002113	7	0.02		0.4107		0.155930		0.379658		0.371804		0.447975		0.4107		0.110259		0.412773		0.409408		0.0006984		0.000713		1.020919		0.0006984		0.000504
6002113	14	0.04		0.5898		0.123944		0.210151		0.543380		0.635130		0.5898		0.087641		0.592901		0.587171		0.006085		0.006147		1.010079		0.006085		0.004346
6002113	21	0.06		0.6752		0.095391		0.141278		0.632178		0.719139		0.6752		0.067452		0.677424		0.673340		0.01011		0.009952		0.984220		0.01011		0.007037
6002113	28	0.08		0.7238		0.072931		0.100766		0.686809		0.763541		0.7238		0.051570		0.725358		0.722686		0.0115		0.010812		0.940351		0.0115		0.007645
6002113	35	0.1		0.7508		0.056852		0.075718		0.719679		0.786196		0.7508		0.040201		0.752124		0.750284		0.01162		0.010261		0.882811		0.01162		0.007256
6002113	70	0.2		0.7608		0.025255		0.033194		0.745306		0.782060		0.7608		0.017858		0.761687		0.760827		0.009851		0.005975		0.606528		0.009851		0.004225
6002113	140	0.4		0.676		0.014978		0.022158		0.666920		0.688839		0.6760		0.010591		0.675851		0.676124		0.008249		0.003194		0.387181		0.008249		0.002259
6002113	210	0.6		0.6098		0.013152		0.021569		0.601499		0.620700		0.6098		0.009300		0.608895		0.610251		0.007394		0.002530		0.342112		0.007394		0.001789
6002113	280	0.8		0.565		0.012716		0.022508		0.556833		0.575285		0.5650		0.008992		0.563763		0.565687		0.006788		0.002270		0.334422		0.006789		0.001604
6002113	350	1		0.5331		0.012695		0.023813		0.525017		0.543080		0.5332		0.008977		0.531782		0.533936		0.006336		0.002130		0.336192		0.006336		0.001503
6002113	700	2		0.4504		0.014295		0.031739		0.442843		0.459381		0.4516		0.010072		0.449711		0.452492		0.005114		0.001827		0.357225		0.005127		0.001231
6002113	1.4e+03	4		0.3897		0.019360		0.049684		0.382980		0.397576		0.3940		0.013222		0.390430		0.395978		0.00424		0.001605		0.378486		0.004288		0.000891
6002113	2.1e+03	6		0.3641		0.022942		0.063003		0.357913		0.371540		0.3706		0.015381		0.365698		0.373434		0.003891		0.001510		0.388137		0.003959		0.000686
6002113	2.8e+03	8		0.3501		0.025206		0.071987		0.344174		0.357244		0.3579		0.016749		0.352150		0.361342		0.003704		0.001458		0.393745		0.003785		0.000555
6002113	3.5e+03	10		0.3413		0.026714		0.078267		0.335520		0.348233		0.3499		0.017668		0.343618		0.353813		0.003587		0.001426		0.397433		0.003678		0.000465
6002113	7e+03	20		0.3227		0.030042		0.093093		0.317272		0.329216		0.3333		0.019725		0.325620		0.338130		0.003346		0.001358		0.405709		0.003456		0.000256
6002113	1.4e+04	40		0.3129		0.031840		0.101748		0.307678		0.319211		0.3245		0.020858		0.316151		0.329974		0.003222		0.001322		0.410387		0.003342		0.000134
6002113	2.1e+04	60		0.3096		0.032455		0.104830		0.304411		0.315804		0.3216		0.021251		0.312925		0.327209		0.00318		0.001310		0.412039		0.003303		0.000091
6002113	2.8e+04	80		0.3079		0.032765		0.106408		0.302765		0.314087		0.3201		0.021449		0.311299		0.325818		0.003159		0.001304		0.412883		0.003284		0.000069
6002113	3.5e+04	1e+02		0.3069		0.032952		0.107368		0.301773		0.313052		0.3192		0.021569		0.310320		0.324980		0.003146		0.001301		0.413396		0.003272		0.000055
6003113	35	0.01		0.9999		0.000092		0.000092		0.841687		1.259222		0.9999		0.000065		0.999846		0.999932		0		0.000000		-1.000000		0		0.000000
6003113	70	0.02		0.9899		0.005526		0.005583		0.921723		1.115260		0.9899		0.003908		0.987992		0.991455		0		0.000000		-1.000000		0		0.000000
6003113	140	0.04		0.9116		0.028235		0.030974		0.864053		0.989043		0.9116		0.019965		0.903366		0.919772		0		0.000000		-1.000000		0		0.000000
6003113	210	0.06		0.8283		0.042216		0.050968		0.781585		0.896700		0.8283		0.029851		0.815433		0.842020		0		0.000000		-1.000000		0		0.000000
6003113	280	0.08		0.7639		0.049093		0.064268		0.718318		0.827129		0.7639		0.034714		0.748264		0.781219		0		0.000000		-1.000000		0		0.000000
6003113	350	0.1		0.7147		0.052541		0.073515		0.670577		0.774119		0.7147		0.037152		0.697488		0.734307		0		0.000000		-1.000000		0		0.000000
6003113	700	0.2		0.5807		0.055725		0.095956		0.542483		0.629481		0.5807		0.039404		0.561754		0.603661		0		0.000000		-1.000000		0		0.000000
6003113	1.4e+03	0.4		0.4866		0.053992		0.110949		0.453663		0.527625		0.4866		0.038178		0.468777		0.509070		0		0.000000		-1.000000		0		0.000000
6003113	2.1e+03	0.6		0.4482		0.052627		0.117422		0.417561		0.485946		0.4482		0.037213		0.431311		0.469781		0		0.000000		-1.000000		0		0.000000
6003113	2.8e+03	0.8		0.4258		0.051688		0.121380		0.396625		0.461708		0.4258		0.036549		0.409704		0.446744		0		0.000000		-1.000000		0		0.000000
6003113	3.5e+03	1		0.4104		0.051038		0.124349		0.382226		0.445013		0.4104		0.036090		0.394914		0.430768		0		0.000000		-1.000000		0		0.000000
6003113	7e+03	2		0.3709		0.050281		0.135576		0.345263		0.402079		0.3709		0.035554		0.357231		0.389248		0		0.000000		-1.000000		0		0.000000
6003113	1.4e+04	4		0.3434		0.051635		0.150367		0.319641		0.372279		0.3434		0.036512		0.331290		0.360126		0		0.000000		-1.000000		0		0.000000
6003113	2.1e+04	6		0.3326		0.052714		0.158511		0.309540		0.360526		0.3326		0.037275		0.321085		0.348597		0		0.000000		-1.000000		0		0.000000
6003113	2.8e+04	8		0.3268		0.053407		0.163436		0.304153		0.354256		0.3268		0.037765		0.315644		0.342440		0		0.000000		-1.000000		0		0.000000
6003113	3.5e+04	10		0.3232		0.053876		0.166701		0.300808		0.350363		0.3232		0.038096		0.312266		0.338615		0		0.000000		-1.000000		0		0.000000
6003113	7e+04	20		0.3157		0.054933		0.173988		0.293856		0.342271		0.3157		0.038844		0.305247		0.330661		0		0.000000		-1.000000		0		0.000000
6003113	1.4e+05	40		0.3119		0.055522		0.178038		0.290247		0.338070		0.3119		0.039260		0.301602		0.326529		0		0.000000		-1.000000		0		0.000000
6003113	2.1e+05	60		0.3105		0.055727		0.179452		0.289024		0.336646		0.3105		0.039405		0.300366		0.325128		0		0.000000		-1.000000		0		0.000000
6003113	2.8e+05	80		0.3099		0.055831		0.180170		0.288409		0.335930		0.3099		0.039479		0.299745		0.324423		0		0.000000		-1.000000		0		0.000000
6003113	3.5e+05	1e+02		0.3095		0.055894		0.180606		0.288038		0.335498		0.3095		0.039523		0.299371		0.323999		0		0.000000		-1.000000		0		0.000000
