PDG	Ctau	CtauScaleFactor	EfficiencyOverAcceptance	StatError	RelativeStatError	PuUpEffic	PuDownEffic	TruncEffic	StatError	EfficiencyNeg	StatError	RelativeStatError	TrunEfficNeg	StatError
6001113	0.1	0.01		0.03619		0.007215		0.199360		0.037661		0.034874		0.0362		0.007215		0.03053		0.021348		0.699307		0.03053		0.021348
6001113	0.2	0.02		0.1257		0.014600		0.116158		0.127808		0.123725		0.1257		0.014600		0.01685		0.011801		0.700558		0.01685		0.011801
6001113	0.4	0.04		0.2606		0.017901		0.068678		0.260397		0.260542		0.2606		0.017901		0.008721		0.006133		0.703159		0.008721		0.006133
6001113	0.6	0.06		0.3413		0.017402		0.050984		0.339102		0.342881		0.3413		0.017402		0.005847		0.004118		0.704354		0.005847		0.004118
6001113	0.8	0.08		0.394		0.016331		0.041454		0.390424		0.396679		0.3940		0.016331		0.00439		0.003095		0.705008		0.00439		0.003095
6001113	1	0.1		0.431		0.015266		0.035421		0.426532		0.434564		0.4310		0.015266		0.003513		0.002478		0.705417		0.003513		0.002478
6001113	2	0.2		0.5217		0.011676		0.022380		0.514925		0.527712		0.5217		0.011676		0.001759		0.001242		0.706265		0.001759		0.001242
6001113	4	0.4		0.578		0.008736		0.015113		0.569290		0.586512		0.5780		0.008736		0.0008856		0.000626		0.706703		0.0008856		0.000626
6001113	6	0.6		0.595		0.007519		0.012638		0.584894		0.605231		0.5950		0.007520		0.0005915		0.000418		0.706856		0.0005915		0.000418
6001113	8	0.8		0.5981		0.006980		0.011671		0.587093		0.609570		0.5984		0.006984		0.0004434		0.000313		0.706939		0.0004434		0.000313
6001113	10	1		0.5944		0.006847		0.011519		0.582945		0.606609		0.5958		0.006851		0.0003543		0.000250		0.706996		0.0003544		0.000251
6001113	20	2		0.5457		0.011898		0.021803		0.539992		0.553801		0.5659		0.009144		0.0001755		0.000124		0.707361		0.000177		0.000125
6001113	40	4		0.4798		0.030545		0.063663		0.500602		0.466274		0.5299		0.014384		9.087e-05		0.000064		0.709744		8.852e-05		0.000063
6001113	60	6		0.4551		0.042292		0.092931		0.494716		0.426484		0.5144		0.017149		6.676e-05		0.000048		0.712302		5.901e-05		0.000042
6001113	80	8		0.4438		0.049388		0.111275		0.495243		0.405879		0.5060		0.018737		5.605e-05		0.000040		0.714194		4.425e-05		0.000031
6001113	100	10		0.4377		0.054026		0.123429		0.496935		0.393573		0.5009		0.019755		5.012e-05		0.000036		0.715559		3.54e-05		0.000025
6001113	200	20		0.4273		0.064081		0.149973		0.503765		0.369619		0.4903		0.021934		3.945e-05		0.000028		0.718839		1.769e-05		0.000013
6001113	400	40		0.4231		0.069447		0.164121		0.509001		0.358190		0.4849		0.023093		3.473e-05		0.000025		0.720760		8.844e-06		0.000006
6001113	600	60		0.4219		0.071277		0.168929		0.511022		0.354487		0.4831		0.023490		3.324e-05		0.000024		0.721441		5.896e-06		0.000004
6001113	800	80		0.4214		0.072200		0.171346		0.512085		0.352657		0.4821		0.023690		3.252e-05		0.000023		0.721789		4.422e-06		0.000003
6001113	1000	1e+02		0.421		0.072756		0.172800		0.512739		0.351567		0.4816		0.023811		3.209e-05		0.000023		0.722000		3.537e-06		0.000003
6002113	1	0.01		0.5022		0.049258		0.098094		0.478271		0.529107		0.5022		0.049258		0		-1.000000		-1.000000		0		-1.000000
6002113	2	0.02		0.5951		0.035584		0.059795		0.570961		0.623310		0.5951		0.035584		0		-1.000000		-1.000000		0		-1.000000
6002113	4	0.04		0.6334		0.024488		0.038661		0.612627		0.658585		0.6334		0.024488		0		-1.000000		-1.000000		0		-1.000000
6002113	6	0.06		0.6401		0.019822		0.030966		0.621990		0.662675		0.6401		0.019822		0		-1.000000		-1.000000		0		-1.000000
6002113	8	0.08		0.6387		0.017151		0.026852		0.622452		0.659353		0.6387		0.017151		0		-1.000000		-1.000000		0		-1.000000
6002113	10	0.1		0.6341		0.015384		0.024263		0.619152		0.653235		0.6341		0.015384		0		-1.000000		-1.000000		0		-1.000000
6002113	20	0.2		0.5995		0.011274		0.018806		0.588072		0.614602		0.5995		0.011274		0		-1.000000		-1.000000		0		-1.000000
6002113	40	0.4		0.5375		0.008774		0.016324		0.528289		0.549792		0.5375		0.008774		0		-1.000000		-1.000000		0		-1.000000
6002113	60	0.6		0.4953		0.007982		0.016116		0.487085		0.506347		0.4953		0.007982		0		-1.000000		-1.000000		0		-1.000000
6002113	80	0.8		0.4667		0.007690		0.016478		0.459150		0.476970		0.4667		0.007690		0		-1.000000		-1.000000		0		-1.000000
6002113	100	1		0.4465		0.007585		0.016987		0.439383		0.456175		0.4465		0.007585		0		-1.000000		-1.000000		0		-1.000000
6002113	200	2		0.3976		0.007670		0.019292		0.391568		0.405796		0.3976		0.007670		0		-1.000000		-1.000000		0		-1.000000
6002113	400	4		0.3679		0.008025		0.021811		0.362640		0.375270		0.3679		0.008025		0		-1.000000		-1.000000		0		-1.000000
6002113	600	6		0.3572		0.008240		0.023072		0.352112		0.364157		0.3572		0.008240		0		-1.000000		-1.000000		0		-1.000000
6002113	800	8		0.3516		0.008375		0.023820		0.346668		0.358410		0.3516		0.008375		0		-1.000000		-1.000000		0		-1.000000
6002113	1000	10		0.3482		0.008465		0.024314		0.343341		0.354898		0.3482		0.008465		0		-1.000000		-1.000000		0		-1.000000
6002113	2000	20		0.3412		0.008672		0.025416		0.336551		0.347730		0.3412		0.008672		0		-1.000000		-1.000000		0		-1.000000
6002113	4000	40		0.3377		0.008790		0.026031		0.333085		0.344072		0.3377		0.008790		0		-1.000000		-1.000000		0		-1.000000
6002113	6000	60		0.3365		0.008831		0.026247		0.331919		0.342842		0.3365		0.008831		0		-1.000000		-1.000000		0		-1.000000
6002113	8000	80		0.3359		0.008853		0.026357		0.331334		0.342224		0.3359		0.008853		0		-1.000000		-1.000000		0		-1.000000
6002113	10000	1e+02		0.3355		0.008866		0.026424		0.330982		0.341853		0.3355		0.008866		0		-1.000000		-1.000000		0		-1.000000
6003113	10	0.01		0.6078		0.047143		0.077569		0.617033		0.596813		0.6078		0.047143		0		-1.000000		-1.000000		0		-1.000000
6003113	20	0.02		0.5518		0.034438		0.062416		0.557710		0.544947		0.5518		0.034438		0		-1.000000		-1.000000		0		-1.000000
6003113	40	0.04		0.4914		0.024961		0.050793		0.493595		0.488901		0.4914		0.024961		0		-1.000000		-1.000000		0		-1.000000
6003113	60	0.06		0.4553		0.021250		0.046668		0.455984		0.454598		0.4553		0.021250		0		-1.000000		-1.000000		0		-1.000000
6003113	80	0.08		0.4314		0.019432		0.045043		0.431369		0.431496		0.4314		0.019432		0		-1.000000		-1.000000		0		-1.000000
6003113	100	0.1		0.4144		0.018394		0.044385		0.414033		0.414959		0.4144		0.018394		0		-1.000000		-1.000000		0		-1.000000
6003113	200	0.2		0.372		0.016488		0.044319		0.371117		0.373272		0.3720		0.016488		0		-1.000000		-1.000000		0		-1.000000
6003113	400	0.4		0.3439		0.015582		0.045314		0.342822		0.345348		0.3439		0.015582		0		-1.000000		-1.000000		0		-1.000000
6003113	600	0.6		0.3323		0.015257		0.045917		0.331224		0.333823		0.3323		0.015257		0		-1.000000		-1.000000		0		-1.000000
6003113	800	0.8		0.3257		0.015083		0.046310		0.324628		0.327251		0.3257		0.015083		0		-1.000000		-1.000000		0		-1.000000
6003113	1000	1		0.3213		0.014973		0.046595		0.320282		0.322914		0.3213		0.014973		0		-1.000000		-1.000000		0		-1.000000
6003113	2000	2		0.3113		0.014754		0.047395		0.310234		0.312867		0.3113		0.014754		0		-1.000000		-1.000000		0		-1.000000
6003113	4000	4		0.3052		0.014671		0.048069		0.304163		0.306785		0.3052		0.014671		0		-1.000000		-1.000000		0		-1.000000
6003113	6000	6		0.303		0.014658		0.048384		0.301912		0.304527		0.3030		0.014658		0		-1.000000		-1.000000		0		-1.000000
6003113	8000	8		0.3018		0.014657		0.048568		0.300734		0.303346		0.3018		0.014657		0		-1.000000		-1.000000		0		-1.000000
6003113	10000	10		0.3011		0.014657		0.048687		0.300010		0.302620		0.3011		0.014657		0		-1.000000		-1.000000		0		-1.000000
6003113	20000	20		0.2996		0.014664		0.048952		0.298520		0.301124		0.2996		0.014664		0		-1.000000		-1.000000		0		-1.000000
6003113	40000	40		0.2988		0.014670		0.049099		0.297752		0.300353		0.2988		0.014670		0		-1.000000		-1.000000		0		-1.000000
6003113	60000	60		0.2985		0.014673		0.049150		0.297492		0.300093		0.2985		0.014673		0		-1.000000		-1.000000		0		-1.000000
6003113	80000	80		0.2984		0.014674		0.049176		0.297362		0.299962		0.2984		0.014674		0		-1.000000		-1.000000		0		-1.000000
6003113	1e+05	1e+02		0.2983		0.014675		0.049192		0.297283		0.299883		0.2983		0.014675		0		-1.000000		-1.000000		0		-1.000000
