PDG	Ctau	CtauScaleFactor	EfficiencyOverAcceptance	StatError	RelativeStatError	PuUpEffic	PuDownEffic	TruncEffic	StatError	PuUpTruncEffic	PuDownTrunEffic	EfficiencyNeg	StatError	RelativeStatError	TrunEfficNeg	StatError
6001113	0.35	0.01		0.09667		0.015439		0.159708		0.094192		0.098247		0.0967		0.015439		0.095689		0.096206		0		0.000000		-1.000000		0		0.000000
6001113	0.7	0.02		0.2163		0.020458		0.094584		0.210083		0.221661		0.2163		0.020458		0.212220		0.218888		0		0.000000		-1.000000		0		0.000000
6001113	1.4	0.04		0.3499		0.019586		0.055969		0.340796		0.358465		0.3499		0.019586		0.343911		0.354799		0		0.000000		-1.000000		0		0.000000
6001113	2.1	0.06		0.4157		0.017453		0.041986		0.405944		0.425042		0.4157		0.017453		0.409574		0.420853		0		0.000000		-1.000000		0		0.000000
6001113	2.8	0.08		0.4541		0.015726		0.034635		0.444343		0.463601		0.4541		0.015726		0.448230		0.459077		0		0.000000		-1.000000		0		0.000000
6001113	3.5	0.1		0.4794		0.014391		0.030017		0.469923		0.488956		0.4794		0.014391		0.473945		0.484207		0		0.000000		-1.000000		0		0.000000
6001113	7	0.2		0.5373		0.010690		0.019895		0.528700		0.546347		0.5373		0.010690		0.532970		0.541071		0		0.000000		-1.000000		0		0.000000
6001113	14	0.4		0.5616		0.007994		0.014234		0.553334		0.570566		0.5616		0.007994		0.557983		0.564583		0		0.000000		-1.000000		0		0.000000
6001113	21	0.6		0.5575		0.006961		0.012485		0.549282		0.566664		0.5576		0.006961		0.554115		0.560309		0		0.000000		-1.000000		0		0.000000
6001113	28	0.8		0.5461		0.006518		0.011936		0.537772		0.555266		0.5463		0.006521		0.542778		0.549097		0		0.000000		-1.000000		0		0.000000
6001113	35	1		0.5322		0.006408		0.012040		0.523856		0.541433		0.5332		0.006414		0.529496		0.536279		0		0.000000		-1.000000		0		0.000000
6001113	70	2		0.4566		0.012682		0.027773		0.448300		0.465548		0.4805		0.008187		0.475122		0.485158		0		0.000000		-1.000000		0		0.000000
6001113	140	4		0.3327		0.047329		0.142270		0.325605		0.339931		0.4353		0.011916		0.428217		0.441636		0		0.000000		-1.000000		0		0.000000
6001113	210	6		0.2681		0.061979		0.231204		0.262003		0.274202		0.4175		0.013760		0.409786		0.424512		0		0.000000		-1.000000		0		0.000000
6001113	280	8		0.2337		0.066625		0.285106		0.228212		0.239164		0.4082		0.014784		0.400180		0.415566		0		0.000000		-1.000000		0		0.000000
6001113	350	10		0.2131		0.068101		0.319550		0.208018		0.218191		0.4026		0.015427		0.394317		0.410095		0		0.000000		-1.000000		0		0.000000
6001113	700	20		0.1735		0.067818		0.390898		0.169161		0.177758		0.3911		0.016769		0.382415		0.398964		0		0.000000		-1.000000		0		0.000000
6001113	1.4e+03	40		0.155		0.066136		0.426776		0.151011		0.158839		0.3852		0.017465		0.376398		0.393321		0		0.000000		-1.000000		0		0.000000
6001113	2.1e+03	60		0.149		0.065373		0.438645		0.145202		0.152780		0.3833		0.017700		0.374386		0.391431		0		0.000000		-1.000000		0		0.000000
6001113	2.8e+03	80		0.1461		0.064957		0.444552		0.142347		0.149800		0.3823		0.017818		0.373379		0.390485		0		0.000000		-1.000000		0		0.000000
6001113	3.5e+03	1e+02		0.1444		0.064697		0.448087		0.140650		0.148029		0.3817		0.017889		0.372774		0.389917		0		0.000000		-1.000000		0		0.000000
6002113	3.5	0.01		0.4562		0.044462		0.097451		0.441735		0.473887		0.4562		0.044462		0.446738		0.462606		0		0.000000		-1.000000		0		0.000000
6002113	7	0.02		0.5127		0.032313		0.063028		0.497784		0.531275		0.5127		0.032313		0.507710		0.516028		0		0.000000		-1.000000		0		0.000000
6002113	14	0.04		0.5416		0.023355		0.043124		0.529702		0.556742		0.5416		0.023355		0.539343		0.543497		0		0.000000		-1.000000		0		0.000000
6002113	21	0.06		0.541		0.019248		0.035578		0.531202		0.553573		0.5410		0.019248		0.539007		0.543142		0		0.000000		-1.000000		0		0.000000
6002113	28	0.08		0.5328		0.016781		0.031496		0.524283		0.543673		0.5328		0.016781		0.530550		0.535333		0		0.000000		-1.000000		0		0.000000
6002113	35	0.1		0.5223		0.015107		0.028921		0.514690		0.532113		0.5223		0.015107		0.519819		0.525230		0		0.000000		-1.000000		0		0.000000
6002113	70	0.2		0.4679		0.011032		0.023579		0.461991		0.475406		0.4679		0.011032		0.464692		0.471436		0		0.000000		-1.000000		0		0.000000
6002113	140	0.4		0.3836		0.008348		0.021762		0.378787		0.389822		0.3836		0.008348		0.380606		0.386927		0		0.000000		-1.000000		0		0.000000
6002113	210	0.6		0.3319		0.007325		0.022072		0.327681		0.337358		0.3319		0.007325		0.329305		0.334786		0		0.000000		-1.000000		0		0.000000
6002113	280	0.8		0.2993		0.006791		0.022689		0.295509		0.304266		0.2993		0.006791		0.297063		0.301858		0		0.000000		-1.000000		0		0.000000
6002113	350	1		0.2773		0.006462		0.023303		0.273792		0.281899		0.2773		0.006462		0.275318		0.279584		0		0.000000		-1.000000		0		0.000000
6002113	700	2		0.2269		0.005815		0.025633		0.224081		0.230627		0.2269		0.005815		0.225632		0.228438		0		0.000000		-1.000000		0		0.000000
6002113	1.4e+03	4		0.1977		0.005634		0.028494		0.195339		0.200956		0.1977		0.005634		0.196994		0.198739		0		0.000000		-1.000000		0		0.000000
6002113	2.1e+03	6		0.1873		0.005658		0.030213		0.185034		0.190317		0.1873		0.005658		0.186748		0.188064		0		0.000000		-1.000000		0		0.000000
6002113	2.8e+03	8		0.1819		0.005698		0.031326		0.179731		0.184843		0.1819		0.005698		0.181479		0.182565		0		0.000000		-1.000000		0		0.000000
6002113	3.5e+03	10		0.1786		0.005732		0.032096		0.176500		0.181507		0.1786		0.005732		0.178271		0.179212		0		0.000000		-1.000000		0		0.000000
6002113	7e+03	20		0.1719		0.005830		0.033907		0.169922		0.174717		0.1719		0.005830		0.171742		0.172384		0		0.000000		-1.000000		0		0.000000
6002113	1.4e+04	40		0.1685		0.005894		0.034970		0.166575		0.171262		0.1685		0.005894		0.168423		0.168907		0		0.000000		-1.000000		0		0.000000
6002113	2.1e+04	60		0.1674		0.005918		0.035350		0.165451		0.170102		0.1674		0.005918		0.167308		0.167739		0		0.000000		-1.000000		0		0.000000
6002113	2.8e+04	80		0.1668		0.005930		0.035545		0.164887		0.169520		0.1668		0.005930		0.166749		0.167153		0		0.000000		-1.000000		0		0.000000
6002113	3.5e+04	1e+02		0.1665		0.005937		0.035664		0.164549		0.169171		0.1665		0.005937		0.166413		0.166801		0		0.000000		-1.000000		0		0.000000
6003113	35	0.01		0.5597		0.042527		0.075979		0.543913		0.571940		0.5597		0.042527		0.561393		0.557508		0		0.000000		-1.000000		0		0.000000
6003113	70	0.02		0.5028		0.031451		0.062557		0.483999		0.519567		0.5028		0.031451		0.498516		0.506717		0		0.000000		-1.000000		0		0.000000
6003113	140	0.04		0.4121		0.023693		0.057496		0.394961		0.428795		0.4121		0.023693		0.404797		0.419213		0		0.000000		-1.000000		0		0.000000
6003113	210	0.06		0.3565		0.020388		0.057186		0.341211		0.371885		0.3565		0.020388		0.348621		0.364267		0		0.000000		-1.000000		0		0.000000
6003113	280	0.08		0.3215		0.018534		0.057646		0.307501		0.335773		0.3215		0.018534		0.313608		0.329282		0		0.000000		-1.000000		0		0.000000
6003113	350	0.1		0.2979		0.017339		0.058212		0.284760		0.311269		0.2979		0.017339		0.290095		0.305475		0		0.000000		-1.000000		0		0.000000
6003113	700	0.2		0.2434		0.014671		0.060283		0.232519		0.254625		0.2434		0.014671		0.236435		0.250219		0		0.000000		-1.000000		0		0.000000
6003113	1.4e+03	0.4		0.2111		0.013098		0.062047		0.201648		0.220965		0.2111		0.013098		0.204941		0.217250		0		0.000000		-1.000000		0		0.000000
6003113	2.1e+03	0.6		0.1991		0.012507		0.062831		0.190137		0.208387		0.1991		0.012507		0.193236		0.204900		0		0.000000		-1.000000		0		0.000000
6003113	2.8e+03	0.8		0.1926		0.012192		0.063287		0.184012		0.201689		0.1926		0.012192		0.187020		0.198310		0		0.000000		-1.000000		0		0.000000
6003113	3.5e+03	1		0.1886		0.011995		0.063593		0.180178		0.197494		0.1886		0.011995		0.183135		0.194177		0		0.000000		-1.000000		0		0.000000
6003113	7e+03	2		0.1801		0.011586		0.064332		0.172027		0.188575		0.1801		0.011586		0.174895		0.185361		0		0.000000		-1.000000		0		0.000000
6003113	1.4e+04	4		0.1755		0.011376		0.064825		0.167629		0.183759		0.1755		0.011376		0.170462		0.180583		0		0.000000		-1.000000		0		0.000000
6003113	2.1e+04	6		0.1739		0.011307		0.065022		0.166101		0.182086		0.1739		0.011307		0.168925		0.178919		0		0.000000		-1.000000		0		0.000000
6003113	2.8e+04	8		0.1731		0.011273		0.065130		0.165324		0.181235		0.1731		0.011273		0.168144		0.178072		0		0.000000		-1.000000		0		0.000000
6003113	3.5e+04	10		0.1726		0.011252		0.065198		0.164853		0.180719		0.1726		0.011252		0.167671		0.177558		0		0.000000		-1.000000		0		0.000000
6003113	7e+04	20		0.1716		0.011212		0.065341		0.163901		0.179677		0.1716		0.011212		0.166715		0.176520		0		0.000000		-1.000000		0		0.000000
6003113	1.4e+05	40		0.1711		0.011192		0.065418		0.163420		0.179150		0.1711		0.011192		0.166232		0.175994		0		0.000000		-1.000000		0		0.000000
6003113	2.1e+05	60		0.1709		0.011186		0.065444		0.163259		0.178973		0.1709		0.011186		0.166070		0.175818		0		0.000000		-1.000000		0		0.000000
6003113	2.8e+05	80		0.1708		0.011182		0.065457		0.163178		0.178884		0.1708		0.011182		0.165989		0.175730		0		0.000000		-1.000000		0		0.000000
6003113	3.5e+05	1e+02		0.1708		0.011180		0.065465		0.163129		0.178831		0.1708		0.011180		0.165940		0.175676		0		0.000000		-1.000000		0		0.000000
