PDG	Ctau	CtauScaleFactor	EfficiencyOverAcceptance	StatError	RelativeStatError	PuUpEffic	PuDownEffic	TruncEffic	StatError	PuUpTruncEffic	PuDownTrunEffic	EfficiencyNeg	StatError	RelativeStatError	TrunEfficNeg	StatError
6001113	0.13	0.01		0.02194		0.011501		0.524160		0.018943		0.025204		0.0219		0.011501		0.018922		0.025527		0		0.000000		-1.000000		0		0.000000
6001113	0.26	0.02		0.1057		0.034977		0.331007		0.094438		0.117327		0.1057		0.034977		0.095663		0.116671		0		0.000000		-1.000000		0		0.000000
6001113	0.52	0.04		0.2361		0.046084		0.195165		0.217195		0.255073		0.2361		0.046084		0.222654		0.250068		0		0.000000		-1.000000		0		0.000000
6001113	0.78	0.06		0.308		0.044736		0.145243		0.286083		0.329940		0.3080		0.044736		0.294050		0.322378		0		0.000000		-1.000000		0		0.000000
6001113	1.04	0.08		0.3499		0.042060		0.120200		0.326596		0.373426		0.3499		0.042060		0.335814		0.364546		0		0.000000		-1.000000		0		0.000000
6001113	1.3	0.1		0.3767		0.039586		0.105098		0.352712		0.401014		0.3767		0.039586		0.362558		0.391417		0		0.000000		-1.000000		0		0.000000
6001113	2.6	0.2		0.4357		0.031368		0.072001		0.412478		0.459777		0.4357		0.031368		0.422653		0.449534		0		0.000000		-1.000000		0		0.000000
6001113	5.2	0.4		0.472		0.023990		0.050829		0.452963		0.491635		0.4720		0.023990		0.462034		0.482356		0		0.000000		-1.000000		0		0.000000
6001113	7.8	0.6		0.4815		0.020930		0.043472		0.465563		0.497853		0.4815		0.020931		0.474135		0.488913		0		0.000000		-1.000000		0		0.000000
6001113	10.4	0.8		0.481		0.019615		0.040777		0.467414		0.495277		0.4814		0.019629		0.476202		0.486544		0		0.000000		-1.000000		0		0.000000
6001113	13	1		0.4751		0.019240		0.040495		0.463280		0.487774		0.4769		0.019283		0.473527		0.480132		0		0.000000		-1.000000		0		0.000000
6001113	26	2		0.4003		0.034438		0.086041		0.394035		0.408004		0.4409		0.023455		0.444205		0.438306		0		0.000000		-1.000000		0		0.000000
6001113	52	4		0.2555		0.079317		0.310485		0.253216		0.259121		0.3972		0.031805		0.405954		0.390295		0		0.000000		-1.000000		0		0.000000
6001113	78	6		0.192		0.083937		0.437110		0.190851		0.194394		0.3777		0.035588		0.388417		0.369196		0		0.000000		-1.000000		0		0.000000
6001113	104	8		0.1616		0.081331		0.503393		0.160806		0.163384		0.3670		0.037572		0.378751		0.357758		0		0.000000		-1.000000		0		0.000000
6001113	130	10		0.1443		0.078316		0.542666		0.143765		0.145845		0.3603		0.038772		0.372677		0.350636		0		0.000000		-1.000000		0		0.000000
6001113	260	20		0.1129		0.069772		0.617817		0.112709		0.113975		0.3464		0.041158		0.359947		0.335865		0		0.000000		-1.000000		0		0.000000
6001113	520	40		0.09902		0.064651		0.652919		0.098915		0.099860		0.3392		0.042326		0.353309		0.328245		0		0.000000		-1.000000		0		0.000000
6001113	780	60		0.09466		0.062870		0.664181		0.094590		0.095440		0.3368		0.042710		0.351059		0.325674		0		0.000000		-1.000000		0		0.000000
6001113	1.04e+03	80		0.09253		0.061970		0.669725		0.092479		0.093284		0.3355		0.042901		0.349927		0.324383		0		0.000000		-1.000000		0		0.000000
6001113	1.3e+03	1e+02		0.09127		0.061428		0.673023		0.091229		0.092007		0.3348		0.043014		0.349246		0.323606		0		0.000000		-1.000000		0		0.000000
6002113	1.3	0.01		0.472		0.154847		0.328053		0.504367		0.434020		0.4720		0.154847		0.472280		0.476316		0		0.000000		-1.000000		0		0.000000
6002113	2.6	0.02		0.5221		0.104757		0.200661		0.561450		0.484573		0.5221		0.104757		0.524029		0.521029		0		0.000000		-1.000000		0		0.000000
6002113	5.2	0.04		0.5101		0.072975		0.143048		0.534601		0.494200		0.5101		0.072975		0.509288		0.512956		0		0.000000		-1.000000		0		0.000000
6002113	7.8	0.06		0.4923		0.059415		0.120690		0.504285		0.489801		0.4923		0.059415		0.490255		0.496622		0		0.000000		-1.000000		0		0.000000
6002113	10.4	0.08		0.4762		0.051381		0.107902		0.480294		0.481113		0.4762		0.051381		0.473398		0.481259		0		0.000000		-1.000000		0		0.000000
6002113	13	0.1		0.4623		0.045986		0.099473		0.461378		0.471507		0.4623		0.045986		0.458910		0.467903		0		0.000000		-1.000000		0		0.000000
6002113	26	0.2		0.4182		0.033622		0.080399		0.407522		0.434383		0.4182		0.033622		0.412644		0.425498		0		0.000000		-1.000000		0		0.000000
6002113	52	0.4		0.3786		0.027098		0.071575		0.364324		0.396538		0.3786		0.027098		0.371369		0.386926		0		0.000000		-1.000000		0		0.000000
6002113	78	0.6		0.3592		0.025341		0.070545		0.344411		0.377058		0.3592		0.025341		0.351643		0.367532		0		0.000000		-1.000000		0		0.000000
6002113	104	0.8		0.3478		0.024673		0.070941		0.332928		0.365357		0.3478		0.024673		0.340169		0.355926		0		0.000000		-1.000000		0		0.000000
6002113	130	1		0.3403		0.024363		0.071589		0.325488		0.357620		0.3403		0.024363		0.332710		0.348261		0		0.000000		-1.000000		0		0.000000
6002113	260	2		0.3238		0.023984		0.074062		0.309298		0.340424		0.3238		0.023984		0.316432		0.331237		0		0.000000		-1.000000		0		0.000000
6002113	520	4		0.3148		0.023927		0.076000		0.300533		0.330936		0.3148		0.023927		0.307603		0.321849		0		0.000000		-1.000000		0		0.000000
6002113	780	6		0.3117		0.023928		0.076764		0.297512		0.327641		0.3117		0.023928		0.304558		0.318590		0		0.000000		-1.000000		0		0.000000
6002113	1.04e+03	8		0.3101		0.023932		0.077169		0.295983		0.325969		0.3101		0.023932		0.303016		0.316936		0		0.000000		-1.000000		0		0.000000
6002113	1.3e+03	10		0.3092		0.023936		0.077420		0.295060		0.324958		0.3092		0.023936		0.302085		0.315935		0		0.000000		-1.000000		0		0.000000
6002113	2.6e+03	20		0.3072		0.023946		0.077939		0.293200		0.322918		0.3072		0.023946		0.300210		0.313918		0		0.000000		-1.000000		0		0.000000
6002113	5.2e+03	40		0.3063		0.023952		0.078207		0.292264		0.321890		0.3063		0.023952		0.299266		0.312900		0		0.000000		-1.000000		0		0.000000
6002113	7.8e+03	60		0.3059		0.023955		0.078298		0.291951		0.321545		0.3059		0.023955		0.298950		0.312560		0		0.000000		-1.000000		0		0.000000
6002113	1.04e+04	80		0.3058		0.023956		0.078343		0.291794		0.321373		0.3058		0.023956		0.298792		0.312389		0		0.000000		-1.000000		0		0.000000
6002113	1.3e+04	1e+02		0.3057		0.023957		0.078371		0.291700		0.321270		0.3057		0.023957		0.298697		0.312287		0		0.000000		-1.000000		0		0.000000
6003113	13	0.01		0.535		0.167746		0.313554		0.518535		0.581926		0.5350		0.167746		0.543734		0.541857		0		0.000000		-1.000000		0		0.000000
6003113	26	0.02		0.5446		0.130572		0.239766		0.522563		0.592116		0.5446		0.130572		0.540093		0.561711		0		0.000000		-1.000000		0		0.000000
6003113	52	0.04		0.504		0.104009		0.206384		0.480870		0.545837		0.5040		0.104009		0.485032		0.530909		0		0.000000		-1.000000		0		0.000000
6003113	78	0.06		0.4778		0.094593		0.197962		0.453988		0.517938		0.4778		0.094593		0.452034		0.509589		0		0.000000		-1.000000		0		0.000000
6003113	104	0.08		0.4625		0.090242		0.195109		0.438007		0.502146		0.4625		0.090242		0.432937		0.497049		0		0.000000		-1.000000		0		0.000000
6003113	130	0.1		0.4528		0.087870		0.194073		0.427728		0.492312		0.4528		0.087870		0.420830		0.489091		0		0.000000		-1.000000		0		0.000000
6003113	260	0.2		0.4324		0.083968		0.194172		0.405995		0.472405		0.4324		0.083968		0.395646		0.472651		0		0.000000		-1.000000		0		0.000000
6003113	520	0.4		0.4221		0.082592		0.195669		0.394753		0.462612		0.4221		0.082592		0.382826		0.464406		0		0.000000		-1.000000		0		0.000000
6003113	780	0.6		0.4187		0.082238		0.196434		0.390980		0.459409		0.4187		0.082238		0.378554		0.461685		0		0.000000		-1.000000		0		0.000000
6003113	1.04e+03	0.8		0.4169		0.082083		0.196871		0.389091		0.457822		0.4169		0.082083		0.376421		0.460333		0		0.000000		-1.000000		0		0.000000
6003113	1.3e+03	1		0.4159		0.081997		0.197151		0.387958		0.456874		0.4159		0.081997		0.375142		0.459525		0		0.000000		-1.000000		0		0.000000
6003113	2.6e+03	2		0.4139		0.081841		0.197754		0.385690		0.454991		0.4139		0.081841		0.372589		0.457915		0		0.000000		-1.000000		0		0.000000
6003113	5.2e+03	4		0.4128		0.081772		0.198076		0.384557		0.454056		0.4128		0.081772		0.371315		0.457114		0		0.000000		-1.000000		0		0.000000
6003113	7.8e+03	6		0.4125		0.081750		0.198187		0.384179		0.453746		0.4125		0.081750		0.370890		0.456848		0		0.000000		-1.000000		0		0.000000
6003113	1.04e+04	8		0.4123		0.081739		0.198243		0.383990		0.453590		0.4123		0.081739		0.370678		0.456715		0		0.000000		-1.000000		0		0.000000
6003113	1.3e+04	10		0.4122		0.081733		0.198276		0.383877		0.453497		0.4122		0.081733		0.370551		0.456635		0		0.000000		-1.000000		0		0.000000
6003113	2.6e+04	20		0.412		0.081720		0.198344		0.383650		0.453311		0.4120		0.081720		0.370296		0.456475		0		0.000000		-1.000000		0		0.000000
6003113	5.2e+04	40		0.4119		0.081714		0.198379		0.383537		0.453218		0.4119		0.081714		0.370169		0.456396		0		0.000000		-1.000000		0		0.000000
6003113	7.8e+04	60		0.4119		0.081712		0.198390		0.383499		0.453187		0.4119		0.081712		0.370127		0.456369		0		0.000000		-1.000000		0		0.000000
6003113	1.04e+05	80		0.4119		0.081711		0.198396		0.383480		0.453172		0.4119		0.081711		0.370105		0.456356		0		0.000000		-1.000000		0		0.000000
6003113	1.3e+05	1e+02		0.4118		0.081710		0.198399		0.383469		0.453163		0.4118		0.081710		0.370093		0.456348		0		0.000000		-1.000000		0		0.000000
