PDG	Ctau	CtauScaleFactor	EfficiencyOverAcceptance	StatError	RelativeStatError	PuUpEffic	PuDownEffic	TruncEffic	StatError	PuUpTruncEffic	PuDownTrunEffic	EfficiencyNeg	StatError	RelativeStatError	TrunEfficNeg	StatError
6001113	0.13	0.01		0.07646		0.069572		0.909930		0.070290		0.081868		0.0765		0.069572		0.074168		0.078316		0		0.000000		-1.000000		0		0.000000
6001113	0.26	0.02		0.123		0.076482		0.621828		0.116775		0.126215		0.1230		0.076482		0.121449		0.121027		0		0.000000		-1.000000		0		0.000000
6001113	0.52	0.04		0.1761		0.063022		0.357947		0.170079		0.176990		0.1761		0.063022		0.174677		0.171966		0		0.000000		-1.000000		0		0.000000
6001113	0.78	0.06		0.2085		0.055663		0.266986		0.201316		0.210322		0.2085		0.055663		0.205847		0.205736		0		0.000000		-1.000000		0		0.000000
6001113	1.04	0.08		0.2284		0.051172		0.224091		0.219829		0.231898		0.2284		0.051172		0.224157		0.227769		0		0.000000		-1.000000		0		0.000000
6001113	1.3	0.1		0.2417		0.047931		0.198340		0.231903		0.246984		0.2417		0.047931		0.236016		0.243221		0		0.000000		-1.000000		0		0.000000
6001113	2.6	0.2		0.2729		0.038153		0.139783		0.259822		0.283992		0.2729		0.038153		0.263464		0.280915		0		0.000000		-1.000000		0		0.000000
6001113	5.2	0.4		0.2814		0.029239		0.103894		0.267708		0.294772		0.2814		0.029239		0.272072		0.290716		0		0.000000		-1.000000		0		0.000000
6001113	7.8	0.6		0.2726		0.025327		0.092909		0.259363		0.286004		0.2726		0.025328		0.264444		0.280832		0		0.000000		-1.000000		0		0.000000
6001113	10.4	0.8		0.2619		0.023303		0.088968		0.249235		0.275104		0.2620		0.023306		0.254539		0.269491		0		0.000000		-1.000000		0		0.000000
6001113	13	1		0.2521		0.022348		0.088643		0.240010		0.264998		0.2522		0.022358		0.245303		0.259428		0		0.000000		-1.000000		0		0.000000
6001113	26	2		0.2197		0.024977		0.113683		0.210029		0.231148		0.2209		0.025092		0.215420		0.227607		0		0.000000		-1.000000		0		0.000000
6001113	52	4		0.1944		0.032824		0.168870		0.186727		0.204386		0.1972		0.033256		0.193121		0.203447		0		0.000000		-1.000000		0		0.000000
6001113	78	6		0.1845		0.036630		0.198522		0.177617		0.193934		0.1881		0.037302		0.184616		0.194084		0		0.000000		-1.000000		0		0.000000
6001113	104	8		0.1794		0.038680		0.215656		0.172846		0.188474		0.1833		0.039513		0.180198		0.189193		0		0.000000		-1.000000		0		0.000000
6001113	130	10		0.1762		0.039942		0.226670		0.169922		0.185133		0.1805		0.040886		0.177501		0.186200		0		0.000000		-1.000000		0		0.000000
6001113	260	20		0.1698		0.042502		0.250307		0.163956		0.178332		0.1746		0.043705		0.172017		0.180098		0		0.000000		-1.000000		0		0.000000
6001113	520	40		0.1665		0.043786		0.262905		0.160923		0.174882		0.1716		0.045138		0.169236		0.176998		0		0.000000		-1.000000		0		0.000000
6001113	780	60		0.1655		0.044212		0.267215		0.159906		0.173726		0.1706		0.045618		0.168304		0.175958		0		0.000000		-1.000000		0		0.000000
6001113	1.04e+03	80		0.1649		0.044425		0.269390		0.159396		0.173147		0.1701		0.045857		0.167837		0.175437		0		0.000000		-1.000000		0		0.000000
6001113	1.3e+03	1e+02		0.1646		0.044553		0.270702		0.159089		0.172799		0.1698		0.046001		0.167557		0.175124		0		0.000000		-1.000000		0		0.000000
6002113	1.3	0.01		0.1413		0.128493		0.909234		0.125273		0.158724		0.1413		0.128493		0.126312		0.156156		0		0.000000		-1.000000		0		0.000000
6002113	2.6	0.02		0.1223		0.093783		0.766562		0.108462		0.136723		0.1223		0.093783		0.107013		0.137240		0		0.000000		-1.000000		0		0.000000
6002113	5.2	0.04		0.13		0.062169		0.478251		0.115823		0.143178		0.1300		0.062169		0.114073		0.144513		0		0.000000		-1.000000		0		0.000000
6002113	7.8	0.06		0.1409		0.052027		0.369228		0.126875		0.153381		0.1409		0.052027		0.125333		0.154647		0		0.000000		-1.000000		0		0.000000
6002113	10.4	0.08		0.1491		0.047037		0.315442		0.135782		0.160697		0.1491		0.047037		0.134483		0.161700		0		0.000000		-1.000000		0		0.000000
6002113	13	0.1		0.1552		0.043754		0.281990		0.142659		0.165858		0.1552		0.043754		0.141588		0.166567		0		0.000000		-1.000000		0		0.000000
6002113	26	0.2		0.1681		0.035342		0.210184		0.158540		0.176223		0.1681		0.035342		0.158200		0.176029		0		0.000000		-1.000000		0		0.000000
6002113	52	0.4		0.1701		0.030154		0.177263		0.162344		0.176974		0.1701		0.030154		0.162386		0.176517		0		0.000000		-1.000000		0		0.000000
6002113	78	0.6		0.1686		0.028745		0.170531		0.161397		0.175165		0.1686		0.028745		0.161503		0.174756		0		0.000000		-1.000000		0		0.000000
6002113	104	0.8		0.1672		0.028242		0.168893		0.160347		0.173720		0.1672		0.028242		0.160467		0.173367		0		0.000000		-1.000000		0		0.000000
6002113	130	1		0.1662		0.028033		0.168651		0.159522		0.172667		0.1662		0.028033		0.159644		0.172358		0		0.000000		-1.000000		0		0.000000
6002113	260	2		0.1638		0.027881		0.170229		0.157434		0.170141		0.1638		0.027881		0.157548		0.169936		0		0.000000		-1.000000		0		0.000000
6002113	520	4		0.1624		0.027965		0.172239		0.156179		0.168671		0.1624		0.027965		0.156284		0.168523		0		0.000000		-1.000000		0		0.000000
6002113	780	6		0.1619		0.028020		0.173115		0.155730		0.168151		0.1619		0.028020		0.155832		0.168024		0		0.000000		-1.000000		0		0.000000
6002113	1.04e+03	8		0.1616		0.028052		0.173594		0.155500		0.167886		0.1616		0.028052		0.155600		0.167768		0		0.000000		-1.000000		0		0.000000
6002113	1.3e+03	10		0.1614		0.028074		0.173895		0.155361		0.167725		0.1614		0.028074		0.155460		0.167614		0		0.000000		-1.000000		0		0.000000
6002113	2.6e+03	20		0.1611		0.028120		0.174526		0.155078		0.167399		0.1611		0.028120		0.155175		0.167300		0		0.000000		-1.000000		0		0.000000
6002113	5.2e+03	40		0.161		0.028146		0.174858		0.154935		0.167235		0.1610		0.028146		0.155030		0.167141		0		0.000000		-1.000000		0		0.000000
6002113	7.8e+03	60		0.1609		0.028155		0.174971		0.154887		0.167179		0.1609		0.028155		0.154982		0.167088		0		0.000000		-1.000000		0		0.000000
6002113	1.04e+04	80		0.1609		0.028159		0.175027		0.154863		0.167152		0.1609		0.028159		0.154958		0.167062		0		0.000000		-1.000000		0		0.000000
6002113	1.3e+04	1e+02		0.1609		0.028162		0.175062		0.154848		0.167135		0.1609		0.028162		0.154943		0.167046		0		0.000000		-1.000000		0		0.000000
6003113	13	0.01		0.2583		0.173623		0.672295		0.254724		0.262369		0.2583		0.173623		0.264647		0.247827		0		0.000000		-1.000000		0		0.000000
6003113	26	0.02		0.2397		0.122001		0.508955		0.240017		0.241750		0.2397		0.122001		0.244357		0.229027		0		0.000000		-1.000000		0		0.000000
6003113	52	0.04		0.229		0.097540		0.425955		0.230173		0.230670		0.2290		0.097540		0.228038		0.224052		0		0.000000		-1.000000		0		0.000000
6003113	78	0.06		0.2211		0.090262		0.408320		0.222504		0.222376		0.2211		0.090262		0.217987		0.218942		0		0.000000		-1.000000		0		0.000000
6003113	104	0.08		0.2155		0.086823		0.402838		0.217106		0.216593		0.2155		0.086823		0.211528		0.214856		0		0.000000		-1.000000		0		0.000000
6003113	130	0.1		0.2116		0.084826		0.400842		0.213275		0.212509		0.2116		0.084826		0.207134		0.211788		0		0.000000		-1.000000		0		0.000000
6003113	260	0.2		0.2024		0.080977		0.400149		0.204172		0.202865		0.2024		0.080977		0.197124		0.204088		0		0.000000		-1.000000		0		0.000000
6003113	520	0.4		0.197		0.079118		0.401600		0.198878		0.197290		0.1970		0.079118		0.191507		0.199405		0		0.000000		-1.000000		0		0.000000
6003113	780	0.6		0.1951		0.078506		0.402365		0.197004		0.195322		0.1951		0.078506		0.189546		0.197717		0		0.000000		-1.000000		0		0.000000
6003113	1.04e+03	0.8		0.1941		0.078202		0.402802		0.196047		0.194318		0.1941		0.078202		0.188550		0.196849		0		0.000000		-1.000000		0		0.000000
6003113	1.3e+03	1		0.1936		0.078019		0.403081		0.195466		0.193708		0.1936		0.078019		0.187946		0.196321		0		0.000000		-1.000000		0		0.000000
6003113	2.6e+03	2		0.1924		0.077655		0.403679		0.194289		0.192476		0.1924		0.077655		0.186729		0.195248		0		0.000000		-1.000000		0		0.000000
6003113	5.2e+03	4		0.1918		0.077473		0.403997		0.193694		0.191852		0.1918		0.077473		0.186114		0.194703		0		0.000000		-1.000000		0		0.000000
6003113	7.8e+03	6		0.1916		0.077413		0.404106		0.193495		0.191644		0.1916		0.077413		0.185909		0.194520		0		0.000000		-1.000000		0		0.000000
6003113	1.04e+04	8		0.1915		0.077383		0.404161		0.193395		0.191539		0.1915		0.077383		0.185806		0.194428		0		0.000000		-1.000000		0		0.000000
6003113	1.3e+04	10		0.1914		0.077365		0.404194		0.193335		0.191476		0.1914		0.077365		0.185744		0.194373		0		0.000000		-1.000000		0		0.000000
6003113	2.6e+04	20		0.1913		0.077328		0.404261		0.193214		0.191350		0.1913		0.077328		0.185620		0.194262		0		0.000000		-1.000000		0		0.000000
6003113	5.2e+04	40		0.1912		0.077310		0.404295		0.193154		0.191287		0.1912		0.077310		0.185558		0.194207		0		0.000000		-1.000000		0		0.000000
6003113	7.8e+04	60		0.1912		0.077304		0.404306		0.193134		0.191266		0.1912		0.077304		0.185537		0.194189		0		0.000000		-1.000000		0		0.000000
6003113	1.04e+05	80		0.1912		0.077301		0.404312		0.193124		0.191256		0.1912		0.077301		0.185527		0.194180		0		0.000000		-1.000000		0		0.000000
6003113	1.3e+05	1e+02		0.1912		0.077299		0.404315		0.193118		0.191250		0.1912		0.077299		0.185521		0.194174		0		0.000000		-1.000000		0		0.000000
