1000_020
ctau	factor	res_mu	err	res_e	err
0.05	0.033	0.429	0.004	0.234	0.002
0.08	0.05	0.449	0.005	0.237	0.002
0.15	0.1	0.448	0.005	0.247	0.002
0.5	0.33	0.462	0.005	0.286	0.002
0.75	0.5	0.492	0.006	0.304	0.003
1.5	1.0	0.559	0.007	0.333	0.005
3.0	2.0	0.619	0.009	0.359	0.007
4.5	3.0	0.643	0.011	0.371	0.009
15.0	10.0	0.681	0.02	0.394	0.019
30.0	20.0	0.689	0.028	0.401	0.028
45.0	30.0	0.692	0.035	0.403	0.034

1000_050
ctau	factor	res_mu	err	res_e	err
0.13	0.033	1.472	0.003	0.456	0.002
0.2	0.05	1.488	0.003	0.454	0.001
0.4	0.1	1.537	0.003	0.463	0.001
1.33	0.33	1.762	0.004	0.527	0.002
2.0	0.5	1.857	0.005	0.558	0.002
4.0	1.0	1.997	0.007	0.608	0.003
8.0	2.0	2.094	0.009	0.646	0.005
12.0	3.0	2.133	0.012	0.662	0.006
40.0	10.0	2.192	0.021	0.687	0.012
80.0	20.0	2.206	0.03	0.694	0.017
120.0	30.0	2.21	0.036	0.696	0.021

1000_150
ctau	factor	res_mu	err	res_e	err
0.33	0.033	4.496	0.008	1.136	0.003
0.5	0.05	4.532	0.008	1.139	0.003
1.0	0.1	4.636	0.008	1.143	0.003
3.33	0.33	5.165	0.011	1.149	0.003
5.0	0.5	5.4	0.012	1.156	0.003
10.0	1.0	5.742	0.016	1.171	0.004
20.0	2.0	5.962	0.022	1.186	0.005
30.0	3.0	6.042	0.027	1.192	0.006
100.0	10.0	6.158	0.047	1.201	0.011
200.0	20.0	6.184	0.067	1.202	0.015
300.0	30.0	6.192	0.082	1.203	0.018

1000_350
ctau	factor	res_mu	err	res_e	err
1.17	0.033	12.68	0.022	2.598	0.006
1.75	0.05	12.69	0.022	2.63	0.007
3.5	0.1	12.845	0.023	2.651	0.007
11.7	0.33	13.57	0.03	2.636	0.008
17.5	0.5	13.804	0.035	2.632	0.009
35.0	1.0	14.083	0.045	2.627	0.012
70.0	2.0	14.234	0.06	2.624	0.016
105.0	3.0	14.285	0.072	2.622	0.019
350.0	10.0	14.357	0.127	2.621	0.034
700.0	20.0	14.372	0.179	2.62	0.048
1050.0	30.0	14.377	0.219	2.62	0.059

200_020
ctau	factor	res_mu	err	res_e	err
0.23	0.033	0.241	0.001	0.224	0.004
0.35	0.05	0.241	0.001	0.237	0.004
0.7	0.1	0.246	0.001	0.252	0.004
2.33	0.33	0.286	0.001	0.308	0.008
3.5	0.5	0.305	0.001	0.33	0.011
7.0	1.0	0.337	0.002	0.361	0.018
14.0	2.0	0.36	0.003	0.381	0.028
21.0	3.0	0.37	0.003	0.389	0.036
70.0	10.0	0.385	0.006	0.4	0.069
140.0	20.0	0.388	0.008	0.402	0.098
210.0	30.0	0.389	0.01	0.403	0.12

200_050
ctau	factor	res_mu	err	res_e	err
0.67	0.033	0.648	0.002	0.496	0.011
1.0	0.05	0.65	0.002	0.516	0.01
2.0	0.1	0.665	0.002	0.509	0.008
6.67	0.33	0.736	0.003	0.521	0.009
10.0	0.5	0.759	0.004	0.53	0.01
20.0	1.0	0.787	0.005	0.54	0.013
40.0	2.0	0.803	0.006	0.545	0.018
60.0	3.0	0.808	0.007	0.546	0.022
200.0	10.0	0.816	0.013	0.547	0.038
400.0	20.0	0.817	0.018	0.548	0.054
600.0	30.0	0.818	0.022	0.548	0.066

400_020
ctau	factor	res_mu	err	res_e	err
0.13	0.033	0.287	0.001	0.208	0.001
0.2	0.05	0.294	0.001	0.214	0.001
0.4	0.1	0.31	0.001	0.228	0.001
1.33	0.33	0.383	0.001	0.287	0.003
2.0	0.5	0.417	0.001	0.316	0.004
4.0	1.0	0.468	0.002	0.365	0.007
8.0	2.0	0.504	0.002	0.404	0.012
12.0	3.0	0.518	0.003	0.421	0.016
40.0	10.0	0.54	0.005	0.447	0.033
80.0	20.0	0.545	0.007	0.454	0.048
120.0	30.0	0.547	0.009	0.456	0.059

400_050
ctau	factor	res_mu	err	res_e	err
0.27	0.033	0.779	0.002	0.484	0.002
0.4	0.05	0.79	0.002	0.474	0.002
0.8	0.1	0.817	0.002	0.468	0.002
2.67	0.33	0.949	0.002	0.502	0.003
4.0	0.5	1.017	0.003	0.524	0.003
8.0	1.0	1.127	0.004	0.559	0.004
16.0	2.0	1.205	0.005	0.586	0.006
24.0	3.0	1.234	0.006	0.596	0.007
80.0	10.0	1.278	0.01	0.614	0.012
160.0	20.0	1.288	0.014	0.618	0.018
240.0	30.0	1.292	0.016	0.619	0.022

400_150
ctau	factor	res_mu	err	res_e	err
1.33	0.033	2.786	0.005	1.416	0.006
2.0	0.05	2.823	0.005	1.416	0.006
4.0	0.1	2.896	0.005	1.407	0.006
13.3	0.33	3.062	0.007	1.384	0.008
20.0	0.5	3.103	0.008	1.379	0.009
40.0	1.0	3.145	0.01	1.374	0.011
80.0	2.0	3.165	0.013	1.372	0.015
120.0	3.0	3.172	0.015	1.372	0.018
400.0	10.0	3.18	0.027	1.371	0.032
800.0	20.0	3.182	0.038	1.371	0.045
1200.0	30.0	3.182	0.046	1.371	0.054

