PDG	Ctau	CtauScaleFactor	Efficiency	StatError	RelativeStatError	PuUpEffic	PuDownEffic	TruncEffic	StatError	EfficiencyNeg	StatError	RelativeStatError	TrunEfficNeg	StatError
6001113	0.04	0.01		0.0009833		0.000255		0.258952		0.000967		0.001035		0.000983		0.00025463		0.003139		0.003142		1.000919		0.003139		0.003142
6001113	0.08	0.02		0.01324		0.002094		0.158126		0.013226		0.013441		0.013245		0.00209437		0.002605		0.002603		0.999323		0.002605		0.002603
6001113	0.16	0.04		0.0552		0.005292		0.095863		0.055200		0.055481		0.055205		0.00529208		0.001626		0.001625		0.999276		0.001626		0.001625
6001113	0.24	0.06		0.09428		0.006755		0.071647		0.094040		0.094786		0.094285		0.00675519		0.001158		0.001156		0.998255		0.001158		0.001156
6001113	0.32	0.08		0.1262		0.007389		0.058540		0.125644		0.127023		0.126224		0.00738919		0.000901		0.000893		0.991475		0.000901		0.000893
6001113	0.4	0.1		0.1521		0.007649		0.050290		0.151210		0.153157		0.152095		0.00764881		0.000746		0.000727		0.974747		0.000746		0.000727
6001113	0.8	0.2		0.2293		0.007448		0.032485		0.227634		0.231041		0.229290		0.00744839		0.0004731		0.000388		0.820695		0.0004731		0.000388
6001113	1.6	0.4		0.2898		0.006463		0.022299		0.287442		0.292463		0.289813		0.00646265		0.0003467		0.000246		0.710656		0.0003467		0.000246
6001113	2.4	0.6		0.3138		0.005911		0.018835		0.310867		0.317232		0.313792		0.00591051		0.000281		0.000199		0.709850		0.000281		0.000199
6001113	3.2	0.8		0.3251		0.005651		0.017382		0.321801		0.329030		0.324918		0.00565007		0.0002357		0.000169		0.718839		0.0002357		0.000169
6001113	4	1		0.3309		0.005593		0.016904		0.327389		0.335107		0.330101		0.00558588		0.0002028		0.000147		0.726868		0.0002027		0.000147
6001113	8	2		0.3352		0.008399		0.025052		0.331379		0.340041		0.322382		0.00677471		0.0001202		0.000090		0.747806		0.0001192		0.000089
6001113	16	4		0.32		0.021524		0.067266		0.315602		0.325490		0.266399		0.00829411		7.13e-05		0.000054		0.761926		6.577e-05		0.000050
6001113	24	6		0.307		0.030509		0.099367		0.302433		0.312888		0.217761		0.00795050		5.539e-05		0.000043		0.768973		4.549e-05		0.000035
6001113	32	8		0.2985		0.035843		0.120080		0.293800		0.304523		0.182247		0.00721570		4.788e-05		0.000037		0.773519		3.478e-05		0.000027
6001113	40	10		0.2927		0.039240		0.134070		0.287941		0.298808		0.156110		0.00648888		4.358e-05		0.000034		0.776690		2.816e-05		0.000022
6001113	80	20		0.2795		0.046269		0.165515		0.274738		0.285837		0.090014		0.00412079		3.553e-05		0.000028		0.784235		1.443e-05		0.000011
6001113	160	40		0.2723		0.049795		0.182889		0.267442		0.278620		0.048475		0.00232751		3.181e-05		0.000025		0.788690		7.306e-06		0.000006
6001113	240	60		0.2697		0.050958		0.188910		0.264917		0.276114		0.033141		0.00161654		3.063e-05		0.000024		0.790285		4.892e-06		0.000004
6001113	320	80		0.2685		0.051535		0.191961		0.263637		0.274843		0.025173		0.00123756		3.004e-05		0.000024		0.791104		3.677e-06		0.000003
6001113	400	1e+02		0.2677		0.051880		0.193805		0.262864		0.274075		0.020293		0.00100234		2.97e-05		0.000024		0.791602		2.945e-06		0.000002
6002113	0.4	0.01		0.1753		0.025521		0.145567		0.173166		0.178557		0.175322		0.02552116		0.01071		0.007549		0.704550		0.01071		0.007549
6002113	0.8	0.02		0.2456		0.022802		0.092846		0.243720		0.249204		0.245590		0.02280203		0.007415		0.005251		0.708176		0.007415		0.005251
6002113	1.6	0.04		0.2938		0.018221		0.062014		0.291723		0.297473		0.293817		0.01822064		0.004394		0.003139		0.714349		0.004394		0.003139
6002113	2.4	0.06		0.3147		0.015542		0.049390		0.312383		0.318109		0.314673		0.01554155		0.003108		0.002228		0.716931		0.003108		0.002228
6002113	3.2	0.08		0.3257		0.013821		0.042439		0.323242		0.328941		0.325659		0.01382080		0.002408		0.001727		0.717190		0.002408		0.001727
6002113	4	0.1		0.3314		0.012597		0.038016		0.328859		0.334591		0.331376		0.01259745		0.001974		0.001410		0.714341		0.001974		0.001410
6002113	8	0.2		0.3314		0.009353		0.028226		0.328517		0.334667		0.331356		0.00935281		0.001121		0.000740		0.660585		0.001121		0.000740
6002113	16	0.4		0.3046		0.006964		0.022867		0.301646		0.307864		0.304556		0.00696414		0.000714		0.000422		0.590714		0.000714		0.000422
6002113	24	0.6		0.2756		0.005948		0.021586		0.272822		0.278664		0.275570		0.00594842		0.0005518		0.000324		0.587185		0.0005518		0.000324
6002113	32	0.8		0.2492		0.005362		0.021513		0.246711		0.252059		0.249231		0.00536152		0.0004531		0.000270		0.595471		0.0004531		0.000270
6002113	40	1		0.2264		0.004969		0.021950		0.224096		0.228927		0.226345		0.00496645		0.0003849		0.000233		0.604072		0.0003849		0.000233
6002113	80	2		0.1539		0.004359		0.028323		0.152590		0.155417		0.152157		0.00398733		0.0002227		0.000140		0.629229		0.0002201		0.000139
6002113	160	4		0.101		0.005931		0.058714		0.100465		0.101683		0.090807		0.00302050		0.0001323		0.000086		0.647071		0.000119		0.000077
6002113	240	6		0.08216		0.007018		0.085419		0.081858		0.082548		0.064594		0.00238928		0.0001038		0.000068		0.655665		8.159e-05		0.000053
6002113	320	8		0.07289		0.007550		0.103586		0.072704		0.073159		0.050105		0.00196167		9.034e-05		0.000060		0.661147		6.21e-05		0.000041
6002113	400	10		0.06745		0.007837		0.116189		0.067328		0.067655		0.040920		0.00165912		8.264e-05		0.000055		0.664975		5.013e-05		0.000033
6002113	800	20		0.05699		0.008285		0.145385		0.056965		0.057070		0.021343		0.00092955		6.818e-05		0.000046		0.674177		2.553e-05		0.000017
6002113	1600	40		0.05201		0.008425		0.161988		0.052031		0.052044		0.010905		0.00049251		6.147e-05		0.000042		0.679705		1.289e-05		0.000009
6002113	2400	60		0.05039		0.008457		0.167816		0.050430		0.050415		0.007323		0.00033479		5.932e-05		0.000040		0.681703		8.62e-06		0.000006
6002113	3200	80		0.0496		0.008470		0.170784		0.049638		0.049609		0.005513		0.00025355		5.826e-05		0.000040		0.682733		6.476e-06		0.000004
6002113	4000	1e+02		0.04912		0.008477		0.172582		0.049165		0.049129		0.004420		0.00020403		5.763e-05		0.000039		0.683361		5.185e-06		0.000003
6003113	4	0.01		0.3754		0.040719		0.108481		0.374766		0.374581		0.375360		0.04071920		0		-1.000000		-1.000000		0		-1.000000
6003113	8	0.02		0.361		0.028879		0.079997		0.358424		0.363663		0.361005		0.02887948		0		-1.000000		-1.000000		0		-1.000000
6003113	16	0.04		0.3279		0.020180		0.061550		0.323666		0.332410		0.327861		0.02017985		0		-1.000000		-1.000000		0		-1.000000
6003113	24	0.06		0.2956		0.016456		0.055679		0.291102		0.300257		0.295556		0.01645623		0		-1.000000		-1.000000		0		-1.000000
6003113	32	0.08		0.2668		0.014229		0.053342		0.262443		0.271226		0.266755		0.01422925		0		-1.000000		-1.000000		0		-1.000000
6003113	40	0.1		0.242		0.012670		0.052361		0.237920		0.246125		0.241971		0.01266994		0		-1.000000		-1.000000		0		-1.000000
6003113	80	0.2		0.1622		0.008486		0.052312		0.159383		0.165062		0.162211		0.00848553		0		-1.000000		-1.000000		0		-1.000000
6003113	160	0.4		0.09656		0.005228		0.054137		0.094865		0.098256		0.096563		0.00522766		0		-1.000000		-1.000000		0		-1.000000
6003113	240	0.6		0.06861		0.003792		0.055269		0.067378		0.069829		0.068609		0.00379191		0		-1.000000		-1.000000		0		-1.000000
6003113	320	0.8		0.0532		0.002979		0.056007		0.052215		0.054177		0.053199		0.00297949		0		-1.000000		-1.000000		0		-1.000000
6003113	400	1		0.04347		0.002458		0.056554		0.042635		0.044295		0.043471		0.00245829		0		-1.000000		-1.000000		0		-1.000000
6003113	800	2		0.0228		0.001374		0.060256		0.022353		0.023265		0.022895		0.00133957		0		-1.000000		-1.000000		0		-1.000000
6003113	1600	4		0.01224		0.001058		0.086452		0.012066		0.012442		0.011881		0.00073033		0		-1.000000		-1.000000		0		-1.000000
6003113	2400	6		0.009083		0.001002		0.110328		0.008991		0.009204		0.008040		0.00050893		0		-1.000000		-1.000000		0		-1.000000
6003113	3200	8		0.007656		0.000962		0.125675		0.007597		0.007743		0.006077		0.00039178		0		-1.000000		-1.000000		0		-1.000000
6003113	4000	10		0.006858		0.000932		0.135834		0.006818		0.006928		0.004886		0.00031879		0		-1.000000		-1.000000		0		-1.000000
6003113	8000	20		0.005413		0.000854		0.157865		0.005400		0.005453		0.002468		0.00016543		0		-1.000000		-1.000000		0		-1.000000
6003113	16000	40		0.004768		0.000808		0.169520		0.004766		0.004798		0.001240		0.00008440		0		-1.000000		-1.000000		0		-1.000000
6003113	24000	60		0.004565		0.000792		0.173470		0.004566		0.004591		0.000828		0.00005666		0		-1.000000		-1.000000		0		-1.000000
6003113	32000	80		0.004466		0.000784		0.175456		0.004468		0.004490		0.000622		0.00004264		0		-1.000000		-1.000000		0		-1.000000
6003113	40000	1e+02		0.004407		0.000779		0.176650		0.004410		0.004431		0.000498		0.00003419		0		-1.000000		-1.000000		0		-1.000000
