PDG	Ctau	CtauScaleFactor	Efficiency	StatError	RelativeStatError	PuUpEffic	PuDownEffic	TruncEffic	StatError	PuUpTrunEffic	PuDownTruncEffic	EfficiencyNeg	StatError	RelativeStatError	TrunEfficNeg	StatError
6001113	0.5	0.01		0.002366		0.001674		0.707705		0.002318		0.002386		0.002366		0.001674		0.002318		0.00238584		0		0.000000		-1.000000		0		0.000000
6001113	1	0.02		0.005323		0.003181		0.597602		0.005255		0.005294		0.005323		0.003181		0.005255		0.00529376		0		0.000000		-1.000000		0		0.000000
6001113	2	0.04		0.007979		0.003297		0.413225		0.007900		0.007896		0.007979		0.003297		0.007900		0.00789638		0		0.000000		-1.000000		0		0.000000
6001113	3	0.06		0.009073		0.003055		0.336668		0.008979		0.008978		0.009073		0.003055		0.008979		0.00897805		0		0.000000		-1.000000		0		0.000000
6001113	4	0.08		0.009391		0.002846		0.303086		0.009297		0.009289		0.009391		0.002846		0.009297		0.00928873		0		0.000000		-1.000000		0		0.000000
6001113	5	0.1		0.009361		0.002664		0.284554		0.009274		0.009257		0.009361		0.002664		0.009274		0.00925679		0		0.000000		-1.000000		0		0.000000
6001113	10	0.2		0.008399		0.001998		0.237828		0.008325		0.008349		0.008399		0.001998		0.008325		0.00834929		0		0.000000		-1.000000		0		0.000000
6001113	20	0.4		0.007258		0.001392		0.191837		0.007152		0.007325		0.007258		0.001392		0.007152		0.00732466		0		0.000000		-1.000000		0		0.000000
6001113	30	0.6		0.006522		0.001146		0.175686		0.006413		0.006617		0.006522		0.001146		0.006413		0.00661735		0		0.000000		-1.000000		0		0.000000
6001113	40	0.8		0.005907		0.001007		0.170508		0.005808		0.005997		0.005907		0.001007		0.005808		0.00599709		0		0.000000		-1.000000		0		0.000000
6001113	50	1		0.005376		0.000911		0.169427		0.005291		0.005454		0.005377		0.000911		0.005292		0.00545334		0		0.000000		-1.000000		0		0.000000
6001113	100	2		0.003603		0.000638		0.177060		0.003571		0.003622		0.003631		0.000639		0.003597		0.00364990		0		0.000000		-1.000000		0		0.000000
6001113	200	4		0.002138		0.000459		0.214624		0.002151		0.002116		0.002161		0.000404		0.002158		0.00214869		0		0.000000		-1.000000		0		0.000000
6001113	300	6		0.001606		0.000410		0.255270		0.001631		0.001575		0.001533		0.000295		0.001536		0.00151651		0		0.000000		-1.000000		0		0.000000
6001113	400	8		0.001354		0.000385		0.284077		0.001383		0.001320		0.001187		0.000232		0.001192		0.00117087		0		0.000000		-1.000000		0		0.000000
6001113	500	10		0.001211		0.000368		0.303962		0.001241		0.001176		0.000969		0.000191		0.000973		0.00095330		0		0.000000		-1.000000		0		0.000000
6001113	1e+03	20		0.0009471		0.000330		0.348660		0.000978		0.000913		0.000504		0.000102		0.000507		0.00049390		0		0.000000		-1.000000		0		0.000000
6001113	2e+03	40		0.0008288		0.000309		0.372920		0.000859		0.000796		0.000257		0.000053		0.000259		0.00025143		0		0.000000		-1.000000		0		0.000000
6001113	3e+03	60		0.0007916		0.000302		0.381212		0.000822		0.000760		0.000172		0.000035		0.000174		0.00016863		0		0.000000		-1.000000		0		0.000000
6001113	4e+03	80		0.0007733		0.000298		0.385390		0.000804		0.000742		0.000130		0.000027		0.000131		0.00012686		0		0.000000		-1.000000		0		0.000000
6001113	5e+03	1e+02		0.0007625		0.000296		0.387905		0.000793		0.000731		0.000104		0.000021		0.000105		0.00010167		0		0.000000		-1.000000		0		0.000000
6002113	5	0.01		0.009093		0.006149		0.676206		0.008561		0.009584		0.009093		0.006149		0.008561		0.00958388		0		0.000000		-1.000000		0		0.000000
6002113	10	0.02		0.0104		0.005742		0.552188		0.009636		0.011090		0.010399		0.005742		0.009636		0.01108988		0		0.000000		-1.000000		0		0.000000
6002113	20	0.04		0.009556		0.004539		0.475010		0.008789		0.010229		0.009556		0.004539		0.008789		0.01022909		0		0.000000		-1.000000		0		0.000000
6002113	30	0.06		0.008856		0.003716		0.419647		0.008153		0.009453		0.008856		0.003716		0.008153		0.00945322		0		0.000000		-1.000000		0		0.000000
6002113	40	0.08		0.008368		0.003177		0.379701		0.007723		0.008905		0.008368		0.003177		0.007723		0.00890471		0		0.000000		-1.000000		0		0.000000
6002113	50	0.1		0.007975		0.002804		0.351613		0.007380		0.008466		0.007975		0.002804		0.007380		0.00846568		0		0.000000		-1.000000		0		0.000000
6002113	100	0.2		0.006495		0.001891		0.291118		0.006065		0.006852		0.006495		0.001891		0.006065		0.00685161		0		0.000000		-1.000000		0		0.000000
6002113	200	0.4		0.004622		0.001234		0.266964		0.004342		0.004863		0.004622		0.001234		0.004342		0.00486278		0		0.000000		-1.000000		0		0.000000
6002113	300	0.6		0.003543		0.000930		0.262434		0.003334		0.003727		0.003543		0.000930		0.003334		0.00372713		0		0.000000		-1.000000		0		0.000000
6002113	400	0.8		0.002862		0.000748		0.261244		0.002694		0.003011		0.002861		0.000747		0.002694		0.00301072		0		0.000000		-1.000000		0		0.000000
6002113	500	1		0.002398		0.000626		0.260946		0.002258		0.002524		0.002396		0.000625		0.002256		0.00252186		0		0.000000		-1.000000		0		0.000000
6002113	1e+03	2		0.001343		0.000352		0.261746		0.001265		0.001411		0.001319		0.000345		0.001243		0.00138593		0		0.000000		-1.000000		0		0.000000
6002113	2e+03	4		0.0007875		0.000209		0.266020		0.000737		0.000826		0.000693		0.000182		0.000655		0.00072638		0		0.000000		-1.000000		0		0.000000
6002113	3e+03	6		0.0006158		0.000167		0.270837		0.000573		0.000647		0.000470		0.000124		0.000445		0.00049173		0		0.000000		-1.000000		0		0.000000
6002113	4e+03	8		0.0005356		0.000147		0.274720		0.000496		0.000563		0.000355		0.000094		0.000337		0.00037160		0		0.000000		-1.000000		0		0.000000
6002113	5e+03	10		0.0004898		0.000136		0.277689		0.000452		0.000516		0.000286		0.000076		0.000271		0.00029862		0		0.000000		-1.000000		0		0.000000
6002113	1e+04	20		0.000404		0.000115		0.285378		0.000370		0.000427		0.000144		0.000038		0.000137		0.00015065		0		0.000000		-1.000000		0		0.000000
6002113	2e+04	40		0.0003643		0.000106		0.290226		0.000332		0.000386		0.000073		0.000019		0.000069		0.00007566		0		0.000000		-1.000000		0		0.000000
6002113	3e+04	60		0.0003516		0.000103		0.292005		0.000320		0.000372		0.000048		0.000013		0.000046		0.00005051		0		0.000000		-1.000000		0		0.000000
6002113	4e+04	80		0.0003454		0.000101		0.292925		0.000314		0.000366		0.000036		0.000010		0.000034		0.00003791		0		0.000000		-1.000000		0		0.000000
6002113	5e+04	1e+02		0.0003416		0.000100		0.293488		0.000310		0.000362		0.000029		0.000008		0.000028		0.00003034		0		0.000000		-1.000000		0		0.000000
6003113	50	0.01		0.0001542		0.000155		1.003969		0.000153		0.000153		0.000154		0.000155		0.000153		0.00015275		0		0.000000		-1.000000		0		0.000000
6003113	100	0.02		0.0008072		0.000808		1.001211		0.000801		0.000804		0.000807		0.000808		0.000801		0.00080450		0		0.000000		-1.000000		0		0.000000
6003113	200	0.04		0.001276		0.001276		0.999695		0.001261		0.001279		0.001276		0.001276		0.001261		0.00127933		0		0.000000		-1.000000		0		0.000000
6003113	300	0.06		0.001248		0.001248		0.999404		0.001230		0.001255		0.001248		0.001248		0.001230		0.00125466		0		0.000000		-1.000000		0		0.000000
6003113	400	0.08		0.001135		0.001134		0.999359		0.001117		0.001142		0.001135		0.001134		0.001117		0.00114188		0		0.000000		-1.000000		0		0.000000
6003113	500	0.1		0.001019		0.001018		0.999380		0.001002		0.001025		0.001019		0.001018		0.001002		0.00102530		0		0.000000		-1.000000		0		0.000000
6003113	1e+03	0.2		0.0006386		0.000638		0.999570		0.000628		0.000642		0.000639		0.000638		0.000628		0.00064209		0		0.000000		-1.000000		0		0.000000
6003113	2e+03	0.4		0.0003571		0.000357		0.999760		0.000352		0.000358		0.000357		0.000357		0.000352		0.00035814		0		0.000000		-1.000000		0		0.000000
6003113	3e+03	0.6		0.0002478		0.000248		0.999842		0.000244		0.000248		0.000248		0.000248		0.000244		0.00024822		0		0.000000		-1.000000		0		0.000000
6003113	4e+03	0.8		0.0001899		0.000190		0.999889		0.000187		0.000190		0.000190		0.000190		0.000187		0.00019012		0		0.000000		-1.000000		0		0.000000
6003113	5e+03	1		0.000154		0.000154		0.999922		0.000152		0.000154		0.000154		0.000154		0.000152		0.00015415		0		0.000000		-1.000000		0		0.000000
6003113	1e+04	2		8e-05		0.000080		1.000098		0.000079		0.000080		0.000079		0.000079		0.000078		0.00007928		0		0.000000		-1.000000		0		0.000000
6003113	2e+04	4		4.483e-05		0.000045		1.001305		0.000044		0.000045		0.000040		0.000040		0.000040		0.00004017		0		0.000000		-1.000000		0		0.000000
6003113	3e+04	6		3.453e-05		0.000035		1.003061		0.000034		0.000035		0.000027		0.000027		0.000027		0.00002689		0		0.000000		-1.000000		0		0.000000
6003113	4e+04	8		2.981e-05		0.000030		1.004639		0.000029		0.000030		0.000020		0.000020		0.000020		0.00002020		0		0.000000		-1.000000		0		0.000000
6003113	5e+04	10		2.714e-05		0.000027		1.005918		0.000027		0.000027		0.000016		0.000016		0.000016		0.00001618		0		0.000000		-1.000000		0		0.000000
6003113	1e+05	20		2.22e-05		0.000022		1.009473		0.000022		0.000022		0.000008		0.000008		0.000008		0.00000810		0		0.000000		-1.000000		0		0.000000
6003113	2e+05	40		1.994e-05		0.000020		1.011867		0.000020		0.000020		0.000004		0.000004		0.000004		0.00000406		0		0.000000		-1.000000		0		0.000000
6003113	3e+05	60		1.921e-05		0.000019		1.012772		0.000019		0.000019		0.000003		0.000003		0.000003		0.00000270		0		0.000000		-1.000000		0		0.000000
6003113	4e+05	80		1.886e-05		0.000019		1.013246		0.000019		0.000019		0.000002		0.000002		0.000002		0.00000203		0		0.000000		-1.000000		0		0.000000
6003113	5e+05	1e+02		1.865e-05		0.000019		1.013537		0.000018		0.000019		0.000002		0.000002		0.000002		0.00000162		0		0.000000		-1.000000		0		0.000000
