PDG	Ctau	CtauScaleFactor	Efficiency	StatError	RelativeStatError	PuUpEffic	PuDownEffic	TruncEffic	StatError	PuUpTrunEffic	PuDownTruncEffic	EfficiencyNeg	StatError	RelativeStatError	TrunEfficNeg	StatError
6001113	0.07	0.01		0.003669		0.001246		0.339519		0.003747		0.003654		0.003669		0.001246		0.003747		0.00365351		0		0.000000		-1.000000		0		0.000000
6001113	0.14	0.02		0.01859		0.003720		0.200169		0.018857		0.018359		0.018585		0.003720		0.018857		0.01835869		0		0.000000		-1.000000		0		0.000000
6001113	0.28	0.04		0.04742		0.005865		0.123680		0.047976		0.046647		0.047419		0.005865		0.047976		0.04664717		0		0.000000		-1.000000		0		0.000000
6001113	0.42	0.06		0.06753		0.006470		0.095807		0.068085		0.066609		0.067531		0.006470		0.068085		0.06660948		0		0.000000		-1.000000		0		0.000000
6001113	0.56	0.08		0.08172		0.006593		0.080675		0.082194		0.080806		0.081718		0.006593		0.082194		0.08080555		0		0.000000		-1.000000		0		0.000000
6001113	0.7	0.1		0.09219		0.006544		0.070987		0.092576		0.091325		0.092185		0.006544		0.092576		0.09132461		0		0.000000		-1.000000		0		0.000000
6001113	1.4	0.2		0.1199		0.005881		0.049042		0.119914		0.119409		0.119911		0.005881		0.119914		0.11940866		0		0.000000		-1.000000		0		0.000000
6001113	2.8	0.4		0.139		0.004972		0.035770		0.138345		0.139190		0.139000		0.004972		0.138345		0.13918956		0		0.000000		-1.000000		0		0.000000
6001113	4.2	0.6		0.1454		0.004534		0.031172		0.144360		0.146172		0.145442		0.004534		0.144356		0.14616818		0		0.000000		-1.000000		0		0.000000
6001113	5.6	0.8		0.1481		0.004325		0.029202		0.146753		0.149247		0.148049		0.004325		0.146685		0.14919493		0		0.000000		-1.000000		0		0.000000
6001113	7	1		0.1493		0.004276		0.028632		0.147807		0.150790		0.149034		0.004271		0.147469		0.15052545		0		0.000000		-1.000000		0		0.000000
6001113	14	2		0.1505		0.006872		0.045671		0.148846		0.152278		0.143113		0.005273		0.140949		0.14574151		0		0.000000		-1.000000		0		0.000000
6001113	28	4		0.1506		0.018441		0.122470		0.149925		0.151206		0.116602		0.006760		0.114199		0.11980758		0		0.000000		-1.000000		0		0.000000
6001113	42	6		0.1506		0.026135		0.173506		0.150717		0.150349		0.094635		0.006636		0.092417		0.09765744		0		0.000000		-1.000000		0		0.000000
6001113	56	8		0.1506		0.030788		0.204385		0.151194		0.149795		0.078874		0.006104		0.076894		0.08159374		0		0.000000		-1.000000		0		0.000000
6001113	70	10		0.1506		0.033819		0.224515		0.151497		0.149419		0.067381		0.005535		0.065616		0.06981553		0		0.000000		-1.000000		0		0.000000
6001113	140	20		0.1506		0.040348		0.267973		0.152115		0.148557		0.038627		0.003577		0.037524		0.04015995		0		0.000000		-1.000000		0		0.000000
6001113	280	40		0.1505		0.043807		0.291068		0.152416		0.148068		0.020737		0.002039		0.020118		0.02159964		0		0.000000		-1.000000		0		0.000000
6001113	420	60		0.1505		0.044982		0.298935		0.152513		0.147897		0.014162		0.001421		0.013733		0.01476057		0		0.000000		-1.000000		0		0.000000
6001113	560	80		0.1505		0.045574		0.302897		0.152561		0.147809		0.010751		0.001089		0.010423		0.01120916		0		0.000000		-1.000000		0		0.000000
6001113	700	1e+02		0.1504		0.045930		0.305283		0.152589		0.147756		0.008664		0.000883		0.008398		0.00903483		0		0.000000		-1.000000		0		0.000000
6002113	0.7	0.01		0.07473		0.018472		0.247187		0.075636		0.074246		0.074731		0.018472		0.075636		0.07424621		0		0.000000		-1.000000		0		0.000000
6002113	1.4	0.02		0.09913		0.016197		0.163392		0.098783		0.099956		0.099131		0.016197		0.098783		0.09995551		0		0.000000		-1.000000		0		0.000000
6002113	2.8	0.04		0.1227		0.013089		0.106651		0.121709		0.124141		0.122723		0.013089		0.121709		0.12414083		0		0.000000		-1.000000		0		0.000000
6002113	4.2	0.06		0.1343		0.011294		0.084109		0.132864		0.135953		0.134274		0.011294		0.132864		0.13595289		0		0.000000		-1.000000		0		0.000000
6002113	5.6	0.08		0.1398		0.010122		0.072397		0.138099		0.141704		0.139807		0.010122		0.138099		0.14170415		0		0.000000		-1.000000		0		0.000000
6002113	7	0.1		0.1423		0.009275		0.065158		0.140431		0.144405		0.142345		0.009275		0.140431		0.14440456		0		0.000000		-1.000000		0		0.000000
6002113	14	0.2		0.1418		0.006967		0.049121		0.139531		0.144243		0.141826		0.006967		0.139531		0.14424304		0		0.000000		-1.000000		0		0.000000
6002113	28	0.4		0.1302		0.005187		0.039851		0.127802		0.132686		0.130159		0.005187		0.127802		0.13268620		0		0.000000		-1.000000		0		0.000000
6002113	42	0.6		0.1172		0.004381		0.037396		0.114949		0.119552		0.117160		0.004381		0.114948		0.11955086		0		0.000000		-1.000000		0		0.000000
6002113	56	0.8		0.1052		0.003880		0.036874		0.103188		0.107417		0.105211		0.003880		0.103182		0.10741367		0		0.000000		-1.000000		0		0.000000
6002113	70	1		0.09483		0.003515		0.037067		0.092978		0.096855		0.094836		0.003515		0.092975		0.09686363		0		0.000000		-1.000000		0		0.000000
6002113	140	2		0.06097		0.002687		0.044066		0.059782		0.062300		0.061654		0.002491		0.060350		0.06311146		0		0.000000		-1.000000		0		0.000000
6002113	280	4		0.03476		0.003374		0.097078		0.034287		0.035314		0.035397		0.001651		0.034587		0.03633083		0		0.000000		-1.000000		0		0.000000
6002113	420	6		0.02579		0.003603		0.139739		0.025562		0.026068		0.024712		0.001241		0.024128		0.02539455		0		0.000000		-1.000000		0		0.000000
6002113	560	8		0.02163		0.003587		0.165829		0.021508		0.021795		0.018965		0.000993		0.018509		0.01950216		0		0.000000		-1.000000		0		0.000000
6002113	700	10		0.01929		0.003525		0.182706		0.019225		0.019400		0.015383		0.000827		0.015009		0.01582490		0		0.000000		-1.000000		0		0.000000
6002113	1.4e+03	20		0.01505		0.003288		0.218458		0.015065		0.015064		0.007906		0.000449		0.007710		0.00814044		0		0.000000		-1.000000		0		0.000000
6002113	2.8e+03	40		0.01316		0.003119		0.236972		0.013209		0.013144		0.004008		0.000234		0.003907		0.00412846		0		0.000000		-1.000000		0		0.000000
6002113	4.2e+03	60		0.01257		0.003057		0.243192		0.012625		0.012542		0.002684		0.000158		0.002617		0.00276537		0		0.000000		-1.000000		0		0.000000
6002113	5.6e+03	80		0.01228		0.003025		0.246307		0.012340		0.012249		0.002018		0.000120		0.001967		0.00207895		0		0.000000		-1.000000		0		0.000000
6002113	7e+03	1e+02		0.01211		0.003006		0.248178		0.012171		0.012075		0.001616		0.000096		0.001576		0.00166552		0		0.000000		-1.000000		0		0.000000
6003113	7	0.01		0.09441		0.021533		0.228076		0.092313		0.097884		0.094410		0.021533		0.092313		0.09788396		0		0.000000		-1.000000		0		0.000000
6003113	14	0.02		0.1177		0.017606		0.149541		0.117237		0.119754		0.117732		0.017606		0.117237		0.11975449		0		0.000000		-1.000000		0		0.000000
6003113	28	0.04		0.1185		0.013601		0.114732		0.119275		0.119084		0.118543		0.013601		0.119275		0.11908367		0		0.000000		-1.000000		0		0.000000
6003113	42	0.06		0.1091		0.011285		0.103467		0.109921		0.109184		0.109065		0.011285		0.109921		0.10918379		0		0.000000		-1.000000		0		0.000000
6003113	56	0.08		0.09897		0.009726		0.098270		0.099702		0.098999		0.098973		0.009726		0.099702		0.09899909		0		0.000000		-1.000000		0		0.000000
6003113	70	0.1		0.08987		0.008589		0.095572		0.090442		0.089888		0.089866		0.008589		0.090442		0.08988790		0		0.000000		-1.000000		0		0.000000
6003113	140	0.2		0.05992		0.005534		0.092353		0.060085		0.059999		0.059920		0.005534		0.060085		0.05999921		0		0.000000		-1.000000		0		0.000000
6003113	280	0.4		0.03533		0.003279		0.092813		0.035337		0.035403		0.035329		0.003279		0.035337		0.03540266		0		0.000000		-1.000000		0		0.000000
6003113	420	0.6		0.02493		0.002331		0.093477		0.024922		0.024982		0.024932		0.002331		0.024923		0.02498271		0		0.000000		-1.000000		0		0.000000
6003113	560	0.8		0.01921		0.001805		0.093950		0.019204		0.019244		0.019214		0.001805		0.019207		0.01924644		0		0.000000		-1.000000		0		0.000000
6003113	700	1		0.01559		0.001470		0.094312		0.015583		0.015610		0.015597		0.001471		0.015594		0.01561859		0		0.000000		-1.000000		0		0.000000
6003113	1.4e+03	2		0.007905		0.000762		0.096438		0.007900		0.007932		0.007940		0.000760		0.007938		0.00794938		0		0.000000		-1.000000		0		0.000000
6003113	2.8e+03	4		0.004184		0.000452		0.108020		0.004168		0.004229		0.003962		0.000388		0.003956		0.00397230		0		0.000000		-1.000000		0		0.000000
6003113	4.2e+03	6		0.003123		0.000374		0.119627		0.003104		0.003170		0.002634		0.000261		0.002628		0.00264340		0		0.000000		-1.000000		0		0.000000
6003113	5.6e+03	8		0.002649		0.000339		0.127828		0.002630		0.002696		0.001972		0.000197		0.001967		0.00198024		0		0.000000		-1.000000		0		0.000000
6003113	7e+03	10		0.002386		0.000319		0.133573		0.002366		0.002432		0.001576		0.000159		0.001571		0.00158298		0		0.000000		-1.000000		0		0.000000
6003113	1.4e+04	20		0.001908		0.000280		0.146887		0.001888		0.001952		0.000786		0.000080		0.000783		0.00079016		0		0.000000		-1.000000		0		0.000000
6003113	2.8e+04	40		0.001694		0.000262		0.154405		0.001675		0.001736		0.000392		0.000040		0.000391		0.00039473		0		0.000000		-1.000000		0		0.000000
6003113	4.2e+04	60		0.001627		0.000255		0.157029		0.001608		0.001668		0.000261		0.000027		0.000260		0.00026307		0		0.000000		-1.000000		0		0.000000
6003113	5.6e+04	80		0.001594		0.000252		0.158362		0.001575		0.001635		0.000196		0.000020		0.000195		0.00019727		0		0.000000		-1.000000		0		0.000000
6003113	7e+04	1e+02		0.001574		0.000251		0.159169		0.001555		0.001615		0.000157		0.000016		0.000156		0.00015780		0		0.000000		-1.000000		0		0.000000
