PDG	Ctau	CtauScaleFactor	Efficiency	StatError	RelativeStatError	PuUpEffic	PuDownEffic	TruncEffic	StatError	EfficiencyNeg	StatError	RelativeStatError	TrunEfficNeg	StatError
6001113	0.08	0.01		0.01096		0.003280		0.299304		0.011159		0.010617		0.010958		0.00327965		0.01319		0.010525		0.798276		0.01319		0.010525
6001113	0.16	0.02		0.0406		0.006549		0.161286		0.042239		0.039105		0.040602		0.00654852		0.009514		0.006887		0.723821		0.009514		0.006887
6001113	0.32	0.04		0.08613		0.008586		0.099697		0.089160		0.083646		0.086126		0.00858642		0.006226		0.004164		0.668790		0.006226		0.004164
6001113	0.48	0.06		0.1129		0.008829		0.078172		0.116001		0.110466		0.112941		0.00882882		0.004771		0.003023		0.633605		0.004771		0.003023
6001113	0.64	0.08		0.1306		0.008648		0.066237		0.133276		0.128359		0.130558		0.00864778		0.00393		0.002397		0.609871		0.00393		0.002397
6001113	0.8	0.1		0.1433		0.008369		0.058407		0.145604		0.141431		0.143296		0.00836947		0.003375		0.001999		0.592185		0.003375		0.001999
6001113	1.6	0.2		0.1768		0.007132		0.040343		0.177526		0.176253		0.176786		0.00713203		0.002086		0.001128		0.540427		0.002086		0.001128
6001113	3.2	0.4		0.1985		0.005845		0.029448		0.198016		0.199095		0.198482		0.00584498		0.001325		0.000633		0.477298		0.001325		0.000633
6001113	4.8	0.6		0.2048		0.005255		0.025662		0.203835		0.205877		0.204777		0.00525505		0.001127		0.000464		0.412146		0.001126		0.000464
6001113	6.4	0.8		0.2059		0.004970		0.024135		0.204690		0.207296		0.205874		0.00496864		0.001081		0.000399		0.369153		0.001081		0.000399
6001113	8	1		0.2047		0.004866		0.023776		0.203231		0.206255		0.204485		0.00486084		0.001078		0.000382		0.353868		0.001077		0.000381
6001113	16	2		0.1819		0.009077		0.049897		0.178557		0.186278		0.184580		0.00556742		0.001019		0.000407		0.399267		0.001034		0.000411
6001113	32	4		0.1057		0.038474		0.363931		0.097570		0.119464		0.141324		0.00654027		0.0005968		0.000346		0.580112		0.0007977		0.000362
6001113	48	6		0.06734		0.037949		0.563571		0.060049		0.080996		0.111715		0.00618714		0.0003755		0.000276		0.735013		0.000623		0.000296
6001113	64	8		0.05063		0.033271		0.657203		0.044456		0.062745		0.091799		0.00557721		0.0002795		0.000228		0.814897		0.0005069		0.000247
6001113	80	10		0.04197		0.029700		0.707631		0.036558		0.052873		0.077737		0.00499437		0.00023		0.000198		0.859433		0.0004261		0.000210
6001113	160	20		0.02801		0.022199		0.792660		0.024068		0.036269		0.043761		0.00314400		0.0001508		0.000141		0.936853		0.0002356		0.000119
6001113	320	40		0.02261		0.018702		0.827131		0.019328		0.029612		0.023274		0.00176767		0.0001204		0.000117		0.969153		0.0001239		0.000063
6001113	480	60		0.02103		0.017609		0.837491		0.017944		0.027629		0.015845		0.00122579		0.0001115		0.000109		0.978982		8.406e-05		0.000043
6001113	640	80		0.02027		0.017077		0.842468		0.017286		0.026680		0.012010		0.00093768		0.0001073		0.000106		0.983726		6.359e-05		0.000033
6001113	800	1e+02		0.01983		0.016763		0.845391		0.016902		0.026124		0.009669		0.00075910		0.0001049		0.000103		0.986518		5.113e-05		0.000026
6002113	0.8	0.01		0.144		0.024676		0.171342		0.149512		0.140278		0.144016		0.02467593		0.00118		0.001183		1.002123		0.00118		0.001183
6002113	1.6	0.02		0.1826		0.020330		0.111308		0.184890		0.181981		0.182643		0.02032967		0.001887		0.001887		0.999779		0.001887		0.001887
6002113	3.2	0.04		0.2095		0.016306		0.077840		0.208961		0.210761		0.209476		0.01630570		0.001728		0.001726		0.999149		0.001728		0.001726
6002113	4.8	0.06		0.2174		0.014014		0.064454		0.215603		0.219604		0.217427		0.01401407		0.001424		0.001422		0.999154		0.001424		0.001422
6002113	6.4	0.08		0.2195		0.012449		0.056729		0.216908		0.222127		0.219450		0.01244919		0.00119		0.001188		0.998839		0.00119		0.001188
6002113	8	0.1		0.219		0.011296		0.051589		0.216000		0.221917		0.218955		0.01129556		0.001017		0.001014		0.996983		0.001017		0.001014
6002113	16	0.2		0.2069		0.008215		0.039713		0.203426		0.210116		0.206858		0.00821498		0.0006212		0.000576		0.926673		0.0006212		0.000576
6002113	32	0.4		0.1827		0.005993		0.032793		0.179683		0.185653		0.182745		0.00599274		0.0004937		0.000332		0.673256		0.0004937		0.000332
6002113	48	0.6		0.1634		0.005033		0.030790		0.160880		0.165901		0.163448		0.00503251		0.0004831		0.000274		0.567219		0.0004831		0.000274
6002113	64	0.8		0.1471		0.004466		0.030360		0.144961		0.149153		0.147104		0.00446604		0.0004689		0.000252		0.538098		0.0004689		0.000252
6002113	80	1		0.1331		0.004074		0.030607		0.131324		0.134838		0.133146		0.00407430		0.000447		0.000238		0.531319		0.0004471		0.000238
6002113	160	2		0.08738		0.003250		0.037196		0.086559		0.088059		0.087890		0.00303821		0.0003271		0.000176		0.539283		0.000329		0.000177
6002113	320	4		0.05237		0.003731		0.071248		0.052129		0.052444		0.051015		0.00213504		0.0002061		0.000114		0.553871		0.0002008		0.000111
6002113	480	6		0.0403		0.003918		0.097217		0.040208		0.040254		0.035773		0.00163969		0.0001611		0.000091		0.562169		0.000143		0.000079
6002113	640	8		0.03461		0.003917		0.113177		0.034569		0.034522		0.027521		0.00132565		0.0001393		0.000079		0.567408		0.0001108		0.000062
6002113	800	10		0.03136		0.003876		0.123580		0.031350		0.031261		0.022357		0.00111064		0.0001268		0.000072		0.570950		9.038e-05		0.000051
6002113	1600	20		0.02534		0.003697		0.145890		0.025369		0.025224		0.011529		0.00061031		0.0001033		0.000060		0.578965		4.699e-05		0.000026
6002113	3200	40		0.0226		0.003562		0.157619		0.022639		0.022479		0.005855		0.00032016		9.246e-05		0.000054		0.583433		2.395e-05		0.000014
6002113	4800	60		0.02173		0.003511		0.161590		0.021771		0.021607		0.003924		0.00021691		8.901e-05		0.000052		0.584987		1.607e-05		0.000009
6002113	6400	80		0.0213		0.003484		0.163585		0.021344		0.021179		0.002950		0.00016400		8.731e-05		0.000051		0.585776		1.209e-05		0.000007
6002113	8000	1e+02		0.02104		0.003468		0.164784		0.021091		0.020925		0.002364		0.00013183		8.63e-05		0.000051		0.586253		9.694e-06		0.000005
6003113	8	0.01		0.2551		0.039027		0.152974		0.247832		0.258432		0.255121		0.03902690		0		-1.000000		-1.000000		0		-1.000000
6003113	16	0.02		0.223		0.027452		0.123105		0.216671		0.226652		0.222993		0.02745155		0		-1.000000		-1.000000		0		-1.000000
6003113	32	0.04		0.1836		0.018569		0.101134		0.178349		0.187328		0.183605		0.01856867		0		-1.000000		-1.000000		0		-1.000000
6003113	48	0.06		0.1593		0.014520		0.091154		0.154830		0.162665		0.159287		0.01451962		0		-1.000000		-1.000000		0		-1.000000
6003113	64	0.08		0.1411		0.012140		0.086029		0.137297		0.144105		0.141121		0.01214048		0		-1.000000		-1.000000		0		-1.000000
6003113	80	0.1		0.1267		0.010544		0.083235		0.123346		0.129304		0.126672		0.01054358		0		-1.000000		-1.000000		0		-1.000000
6003113	160	0.2		0.08328		0.006636		0.079677		0.081345		0.084844		0.083284		0.00663586		0		-1.000000		-1.000000		0		-1.000000
6003113	320	0.4		0.0489		0.003912		0.080004		0.047898		0.049708		0.048898		0.00391205		0		-1.000000		-1.000000		0		-1.000000
6003113	480	0.6		0.03444		0.002777		0.080652		0.033777		0.034978		0.034438		0.00277751		0		-1.000000		-1.000000		0		-1.000000
6003113	640	0.8		0.02652		0.002152		0.081126		0.026030		0.026925		0.026522		0.00215161		0		-1.000000		-1.000000		0		-1.000000
6003113	800	1		0.02154		0.001755		0.081494		0.021148		0.021857		0.021538		0.00175519		0		-1.000000		-1.000000		0		-1.000000
6003113	1600	2		0.01111		0.000931		0.083777		0.010934		0.011228		0.011021		0.00091433		0		-1.000000		-1.000000		0		-1.000000
6003113	3200	4		0.006088		0.000594		0.097483		0.006036		0.006090		0.005519		0.00047235		0		-1.000000		-1.000000		0		-1.000000
6003113	4800	6		0.004634		0.000519		0.111919		0.004616		0.004605		0.003671		0.00032041		0		-1.000000		-1.000000		0		-1.000000
6003113	6400	8		0.003976		0.000486		0.122340		0.003972		0.003936		0.002748		0.00024285		0		-1.000000		-1.000000		0		-1.000000
6003113	8000	10		0.003607		0.000468		0.129725		0.003610		0.003561		0.002196		0.00019563		0		-1.000000		-1.000000		0		-1.000000
6003113	16000	20		0.002929		0.000431		0.147091		0.002944		0.002876		0.001095		0.00009933		0		-1.000000		-1.000000		0		-1.000000
6003113	32000	40		0.002622		0.000412		0.157042		0.002642		0.002567		0.000546		0.00005009		0		-1.000000		-1.000000		0		-1.000000
6003113	48000	60		0.002525		0.000405		0.160539		0.002546		0.002469		0.000364		0.00003349		0		-1.000000		-1.000000		0		-1.000000
6003113	64000	80		0.002477		0.000402		0.162321		0.002499		0.002421		0.000273		0.00002515		0		-1.000000		-1.000000		0		-1.000000
6003113	80000	1e+02		0.002448		0.000400		0.163400		0.002470		0.002393		0.000218		0.00002014		0		-1.000000		-1.000000		0		-1.000000
