PDG	Ctau	CtauScaleFactor	Efficiency	StatError	RelativeStatError	PuUpEffic	PuDownEffic	TruncEffic	StatError	EfficiencyNeg	StatError	RelativeStatError	TrunEfficNeg	StatError
6001113	0.08	0.01		0.01201		0.002777		0.231303		0.012253		0.011367		0.012007		0.00277730		0		-1.000000		-1.000000		0		-1.000000
6001113	0.16	0.02		0.05396		0.007226		0.133909		0.054659		0.051999		0.053960		0.00722575		0		-1.000000		-1.000000		0		-1.000000
6001113	0.32	0.04		0.1276		0.010413		0.081627		0.127890		0.125205		0.127564		0.01041266		0		-1.000000		-1.000000		0		-1.000000
6001113	0.48	0.06		0.1754		0.010832		0.061740		0.175080		0.173691		0.175443		0.01083185		0		-1.000000		-1.000000		0		-1.000000
6001113	0.64	0.08		0.2077		0.010612		0.051080		0.206863		0.206619		0.207746		0.01061161		0		-1.000000		-1.000000		0		-1.000000
6001113	0.8	0.1		0.2309		0.010242		0.044359		0.229621		0.230301		0.230893		0.01024224		0		-1.000000		-1.000000		0		-1.000000
6001113	1.6	0.2		0.2892		0.008569		0.029634		0.286622		0.290466		0.289168		0.00856927		0		-1.000000		-1.000000		0		-1.000000
6001113	3.2	0.4		0.3257		0.006891		0.021159		0.321985		0.328766		0.325673		0.00689077		0		-1.000000		-1.000000		0		-1.000000
6001113	4.8	0.6		0.3367		0.006152		0.018273		0.332738		0.340353		0.336667		0.00615190		0		-1.000000		-1.000000		0		-1.000000
6001113	6.4	0.8		0.3402		0.005806		0.017070		0.336278		0.343942		0.340062		0.00580499		0		-1.000000		-1.000000		0		-1.000000
6001113	8	1		0.3406		0.005697		0.016727		0.336901		0.344301		0.340189		0.00568926		0		-1.000000		-1.000000		0		-1.000000
6001113	16	2		0.3298		0.008013		0.024298		0.327578		0.332049		0.320884		0.00690686		0		-1.000000		-1.000000		0		-1.000000
6001113	32	4		0.3042		0.018579		0.061079		0.305655		0.303033		0.259554		0.00881011		0		-1.000000		-1.000000		0		-1.000000
6001113	48	6		0.2888		0.025733		0.089105		0.292707		0.285459		0.210547		0.00859537		0		-1.000000		-1.000000		0		-1.000000
6001113	64	8		0.2795		0.029993		0.107293		0.284958		0.274854		0.175532		0.00787009		0		-1.000000		-1.000000		0		-1.000000
6001113	80	10		0.2735		0.032722		0.119642		0.279907		0.267918		0.150011		0.00711439		0		-1.000000		-1.000000		0		-1.000000
6001113	160	20		0.2604		0.038438		0.147628		0.268957		0.252845		0.086101		0.00456422		0		-1.000000		-1.000000		0		-1.000000
6001113	320	40		0.2533		0.041359		0.163252		0.263099		0.244773		0.046264		0.00259068		0		-1.000000		-1.000000		0		-1.000000
6001113	480	60		0.2509		0.042333		0.168696		0.261097		0.242013		0.031605		0.00180223		0		-1.000000		-1.000000		0		-1.000000
6001113	640	80		0.2497		0.042819		0.171461		0.260086		0.240621		0.023998		0.00138082		0		-1.000000		-1.000000		0		-1.000000
6001113	800	1e+02		0.249		0.043111		0.173134		0.259478		0.239782		0.019341		0.00111891		0		-1.000000		-1.000000		0		-1.000000
6002113	0.8	0.01		0.1807		0.025866		0.143117		0.180183		0.179147		0.180730		0.02586553		0		-1.000000		-1.000000		0		-1.000000
6002113	1.6	0.02		0.2556		0.023483		0.091863		0.251918		0.256872		0.255633		0.02348330		0		-1.000000		-1.000000		0		-1.000000
6002113	3.2	0.04		0.3082		0.018905		0.061330		0.304324		0.310058		0.308246		0.01890460		0		-1.000000		-1.000000		0		-1.000000
6002113	4.8	0.06		0.3257		0.016027		0.049208		0.322575		0.327041		0.325700		0.01602695		0		-1.000000		-1.000000		0		-1.000000
6002113	6.4	0.08		0.3322		0.014120		0.042500		0.329701		0.333210		0.332227		0.01411971		0		-1.000000		-1.000000		0		-1.000000
6002113	8	0.1		0.3343		0.012765		0.038185		0.332136		0.335091		0.334295		0.01276524		0		-1.000000		-1.000000		0		-1.000000
6002113	16	0.2		0.3268		0.009318		0.028511		0.325064		0.327682		0.326824		0.00931823		0		-1.000000		-1.000000		0		-1.000000
6002113	32	0.4		0.2991		0.006929		0.023166		0.297171		0.300470		0.299091		0.00692880		0		-1.000000		-1.000000		0		-1.000000
6002113	48	0.6		0.2711		0.005935		0.021892		0.269237		0.272623		0.271121		0.00593539		0		-1.000000		-1.000000		0		-1.000000
6002113	64	0.8		0.2454		0.005357		0.021830		0.243666		0.246833		0.245423		0.00535737		0		-1.000000		-1.000000		0		-1.000000
6002113	80	1		0.2227		0.004960		0.022277		0.221117		0.223997		0.222818		0.00496156		0		-1.000000		-1.000000		0		-1.000000
6002113	160	2		0.1465		0.004647		0.031724		0.145303		0.147652		0.148947		0.00393541		0		-1.000000		-1.000000		0		-1.000000
6002113	320	4		0.08485		0.008676		0.102258		0.083806		0.086208		0.088330		0.00292289		0		-1.000000		-1.000000		0		-1.000000
6002113	480	6		0.06292		0.010101		0.160524		0.062020		0.064223		0.062668		0.00229322		0		-1.000000		-1.000000		0		-1.000000
6002113	640	8		0.05263		0.010382		0.197274		0.051818		0.053841		0.048544		0.00187505		0		-1.000000		-1.000000		0		-1.000000
6002113	800	10		0.04681		0.010368		0.221474		0.046066		0.047957		0.039610		0.00158197		0		-1.000000		-1.000000		0		-1.000000
6002113	1600	20		0.03621		0.009912		0.273743		0.035600		0.037191		0.020623		0.00088209		0		-1.000000		-1.000000		0		-1.000000
6002113	3200	40		0.03149		0.009489		0.301295		0.030952		0.032384		0.010528		0.00046628		0		-1.000000		-1.000000		0		-1.000000
6002113	4800	60		0.03001		0.009323		0.310619		0.029495		0.030872		0.007067		0.00031672		0		-1.000000		-1.000000		0		-1.000000
6002113	6400	80		0.02929		0.009236		0.315301		0.028783		0.030134		0.005319		0.00023978		0		-1.000000		-1.000000		0		-1.000000
6002113	8000	1e+02		0.02886		0.009182		0.318116		0.028362		0.029697		0.004264		0.00019291		0		-1.000000		-1.000000		0		-1.000000
6003113	8	0.01		0.2924		0.037752		0.129109		0.296346		0.290122		0.292402		0.03775175		0		-1.000000		-1.000000		0		-1.000000
6003113	16	0.02		0.3085		0.028118		0.091129		0.310064		0.308252		0.308549		0.02811775		0		-1.000000		-1.000000		0		-1.000000
6003113	32	0.04		0.2941		0.020498		0.069687		0.293367		0.295711		0.294137		0.02049751		0		-1.000000		-1.000000		0		-1.000000
6003113	48	0.06		0.2679		0.016773		0.062609		0.266605		0.269802		0.267900		0.01677307		0		-1.000000		-1.000000		0		-1.000000
6003113	64	0.08		0.242		0.014414		0.059570		0.240585		0.243837		0.241968		0.01441390		0		-1.000000		-1.000000		0		-1.000000
6003113	80	0.1		0.2189		0.012733		0.058170		0.217533		0.220644		0.218886		0.01273266		0		-1.000000		-1.000000		0		-1.000000
6003113	160	0.2		0.1437		0.008261		0.057500		0.142618		0.144932		0.143670		0.00826109		0		-1.000000		-1.000000		0		-1.000000
6003113	320	0.4		0.08306		0.004916		0.059185		0.082395		0.083820		0.083062		0.00491600		0		-1.000000		-1.000000		0		-1.000000
6003113	480	0.6		0.05815		0.003503		0.060248		0.057680		0.058677		0.058150		0.00350342		0		-1.000000		-1.000000		0		-1.000000
6003113	640	0.8		0.04476		0.002727		0.060924		0.044388		0.045165		0.044748		0.00272622		0		-1.000000		-1.000000		0		-1.000000
6003113	800	1		0.03643		0.002238		0.061416		0.036125		0.036776		0.036405		0.00223576		0		-1.000000		-1.000000		0		-1.000000
6003113	1600	2		0.01934		0.001235		0.063880		0.019166		0.019550		0.018986		0.00119982		0		-1.000000		-1.000000		0		-1.000000
6003113	3200	4		0.01114		0.000841		0.075515		0.011050		0.011264		0.009783		0.00064501		0		-1.000000		-1.000000		0		-1.000000
6003113	4800	6		0.008691		0.000759		0.087318		0.008634		0.008791		0.006601		0.00044628		0		-1.000000		-1.000000		0		-1.000000
6003113	6400	8		0.007562		0.000725		0.095805		0.007518		0.007649		0.004983		0.00034210		0		-1.000000		-1.000000		0		-1.000000
6003113	8000	10		0.006921		0.000705		0.101824		0.006883		0.006999		0.004002		0.00027760		0		-1.000000		-1.000000		0		-1.000000
6003113	16000	20		0.005725		0.000664		0.116005		0.005700		0.005789		0.002018		0.00014318		0		-1.000000		-1.000000		0		-1.000000
6003113	32000	40		0.005174		0.000642		0.124155		0.005155		0.005231		0.001013		0.00007281		0		-1.000000		-1.000000		0		-1.000000
6003113	48000	60		0.004997		0.000635		0.127024		0.004980		0.005053		0.000676		0.00004882		0		-1.000000		-1.000000		0		-1.000000
6003113	64000	80		0.004911		0.000631		0.128486		0.004894		0.004965		0.000508		0.00003672		0		-1.000000		-1.000000		0		-1.000000
6003113	80000	1e+02		0.004859		0.000629		0.129372		0.004843		0.004913		0.000406		0.00002943		0		-1.000000		-1.000000		0		-1.000000
