PDG	Ctau	CtauScaleFactor	Efficiency	StatError	RelativeStatError	PuUpEffic	PuDownEffic	TruncEffic	StatError	PuUpTrunEffic	PuDownTruncEffic	EfficiencyNeg	StatError	RelativeStatError	TrunEfficNeg	StatError
6001113	0.2	0.01		0.002804		0.002173		0.775106		0.003528		0.002466		0.002804		0.001537		0.003528		0.00246595		4.728e-09		0.000000		1.153108		4.728e-09		0.000000
6001113	0.4	0.02		0.04868		0.029011		0.595934		0.052695		0.046224		0.048682		0.020514		0.052695		0.04622409		3.061e-05		0.000033		1.083576		3.061e-05		0.000023
6001113	0.8	0.04		0.1745		0.058446		0.335013		0.178575		0.170499		0.174458		0.041327		0.178575		0.17049892		0.001411		0.001403		0.994140		0.001411		0.000992
6001113	1.2	0.06		0.2437		0.054762		0.224732		0.246438		0.239696		0.243680		0.038723		0.246438		0.23969589		0.00379		0.003470		0.915655		0.00379		0.002454
6001113	1.6	0.08		0.2744		0.046768		0.170417		0.276236		0.270667		0.274435		0.033070		0.276236		0.27066729		0.005435		0.004634		0.852699		0.005435		0.003277
6001113	2	0.1		0.2877		0.039935		0.138789		0.288924		0.284289		0.287737		0.028238		0.288924		0.28428924		0.006226		0.005034		0.808491		0.006226		0.003559
6001113	4	0.2		0.3006		0.022150		0.073679		0.300464		0.299156		0.300633		0.015663		0.300464		0.29915586		0.005423		0.003838		0.707681		0.005423		0.002714
6001113	8	0.4		0.3088		0.012200		0.039505		0.307803		0.308991		0.308809		0.008626		0.307803		0.30899106		0.003351		0.001798		0.536650		0.003351		0.001272
6001113	12	0.6		0.3096		0.009323		0.030114		0.307898		0.310543		0.309562		0.006592		0.307881		0.31052415		0.002767		0.001145		0.413920		0.002765		0.000810
6001113	16	0.8		0.3072		0.008186		0.026652		0.304869		0.308712		0.306944		0.005788		0.304657		0.30848740		0.002653		0.000929		0.350166		0.002621		0.000656
6001113	20	1		0.3043		0.007840		0.025768		0.301725		0.306022		0.303329		0.005535		0.300779		0.30506313		0.002914		0.000907		0.311090		0.00272		0.000626
6001113	40	2		0.2901		0.016458		0.056723		0.291714		0.287430		0.275871		0.009911		0.276334		0.27397986		0.01098		0.006293		0.573229		0.006515		0.003169
6001113	80	4		0.2572		0.045927		0.178585		0.267875		0.245455		0.206452		0.022737		0.212289		0.19905026		0.02547		0.017074		0.670411		0.01227		0.007787
6001113	120	6		0.237		0.058963		0.248787		0.251219		0.222092		0.158262		0.025212		0.164983		0.15029446		0.03025		0.021041		0.695555		0.01242		0.008228
6001113	160	8		0.2254		0.064877		0.287823		0.241176		0.209162		0.127202		0.024026		0.133622		0.11979065		0.03214		0.022811		0.709642		0.01133		0.007654
6001113	200	10		0.2181		0.068052		0.312037		0.234687		0.201162		0.106044		0.022062		0.111930		0.09934467		0.03307		0.023769		0.718706		0.01015		0.006937
6001113	400	20		0.2029		0.073328		0.361369		0.220891		0.184920		0.057537		0.014334		0.061337		0.05332451		0.03441		0.025400		0.738152		0.006295		0.004407
6001113	800	40		0.1952		0.075364		0.386125		0.213688		0.176801		0.029959		0.008112		0.032100		0.02761345		0.03481		0.026056		0.748438		0.003488		0.002472
6001113	1.2e+03	60		0.1926		0.075949		0.394350		0.211256		0.174110		0.020244		0.005630		0.021728		0.01862450		0.03491		0.026250		0.751934		0.002405		0.001711
6001113	1.6e+03	80		0.1913		0.076224		0.398453		0.210035		0.172768		0.015285		0.004308		0.016420		0.01404981		0.03495		0.026342		0.753693		0.001834		0.001308
6001113	2e+03	1e+02		0.1905		0.076383		0.400912		0.209301		0.171964		0.012278		0.003487		0.013196		0.01127910		0.03497		0.026396		0.754751		0.001482		0.001058
6002113	2	0.01		0.0341		0.033960		0.995771		0.027122		0.044949		0.034105		0.024014		0.027122		0.04494862		8.121e-35		0.000000		1.171563		8.121e-35		0.000000
6002113	4	0.02		0.1186		0.078508		0.662021		0.101094		0.144127		0.118589		0.055514		0.101094		0.14412745		5.479e-18		0.000000		1.073561		5.479e-18		0.000000
6002113	8	0.04		0.1893		0.066299		0.350149		0.172753		0.209037		0.189345		0.046880		0.172753		0.20903685		7.251e-10		0.000000		1.020102		7.251e-10		0.000000
6002113	12	0.06		0.2244		0.049637		0.221167		0.210481		0.238629		0.224431		0.035098		0.210481		0.23862861		2.559e-07		0.000000		1.006123		2.559e-07		0.000000
6002113	16	0.08		0.2471		0.039890		0.161455		0.234733		0.258448		0.247069		0.028207		0.234733		0.25844767		4.087e-06		0.000004		0.990805		4.087e-06		0.000003
6002113	20	0.1		0.2617		0.033817		0.129230		0.250486		0.271393		0.261683		0.023912		0.250486		0.27139317		1.991e-05		0.000019		0.965256		1.991e-05		0.000014
6002113	40	0.2		0.2819		0.020367		0.072243		0.274306		0.287679		0.281921		0.014401		0.274306		0.28767941		0.0003632		0.000281		0.774221		0.0003632		0.000199
6002113	80	0.4		0.253		0.011903		0.047054		0.248292		0.256125		0.252955		0.008416		0.248292		0.25612495		0.001059		0.000650		0.613543		0.001059		0.000460
6002113	120	0.6		0.217		0.008749		0.040323		0.213604		0.219003		0.216977		0.006187		0.213602		0.21900222		0.001149		0.000671		0.584385		0.001149		0.000475
6002113	160	0.8		0.1878		0.007178		0.038229		0.185187		0.189086		0.187760		0.005076		0.185163		0.18907542		0.001026		0.000593		0.578178		0.001026		0.000419
6002113	200	1		0.1648		0.006318		0.038341		0.162738		0.165635		0.164709		0.004466		0.162631		0.16557633		0.0008728		0.000504		0.577159		0.0008726		0.000356
6002113	400	2		0.09616		0.007883		0.081977		0.092937		0.098677		0.096550		0.004798		0.094262		0.09801304		0.0003963		0.000232		0.584359		0.0003995		0.000165
6002113	800	4		0.034		0.016783		0.493598		0.027884		0.043055		0.036292		0.012474		0.031193		0.04265900		0.0001068		0.000081		0.762035		0.0001155		0.000062
6002113	1.2e+03	6		0.01751		0.012051		0.688026		0.013503		0.024863		0.017292		0.009455		0.013789		0.02275498		4.876e-05		0.000044		0.900342		4.908e-05		0.000034
6002113	1.6e+03	8		0.01193		0.009146		0.766815		0.009006		0.017780		0.010365		0.006681		0.007998		0.01446601		3.107e-05		0.000030		0.961815		2.762e-05		0.000021
6002113	2e+03	10		0.009354		0.007545		0.806589		0.007000		0.014294		0.007137		0.004981		0.005417		0.01029850		2.336e-05		0.000023		0.993715		1.828e-05		0.000015
6002113	4e+03	20		0.005634		0.004902		0.870039		0.004173		0.008950		0.002572		0.002027		0.001903		0.00393377		1.287e-05		0.000013		1.045533		6.062e-06		0.000005
6002113	8e+03	40		0.00434		0.003883		0.894649		0.003208		0.006992		0.001080		0.000891		0.000792		0.00169253		9.454e-06		0.000010		1.065842		2.437e-06		0.000002
6002113	1.2e+04	60		0.003975		0.003586		0.901940		0.002938		0.006429		0.000679		0.000567		0.000496		0.00107114		8.521e-06		0.000009		1.071868		1.509e-06		0.000001
6002113	1.6e+04	80		0.003804		0.003444		0.905427		0.002811		0.006164		0.000494		0.000416		0.000361		0.00078246		8.088e-06		0.000009		1.074751		1.09e-06		0.000001
6002113	2e+04	1e+02		0.003705		0.003362		0.907470		0.002738		0.006009		0.000388		0.000328		0.000283		0.00061608		7.838e-06		0.000008		1.076439		8.526e-07		0.000001
6003113	20	0.01		0.03675		0.031295		0.851580		0.025230		0.052435		0.036750		0.022129		0.025230		0.05243513		0		0.000000		-1.000000		0		0.000000
6003113	40	0.02		0.1457		0.079890		0.548230		0.115998		0.177364		0.145724		0.056491		0.115998		0.17736430		0		0.000000		-1.000000		0		0.000000
6003113	80	0.04		0.1929		0.069026		0.357767		0.168127		0.216758		0.192935		0.048809		0.168127		0.21675833		0		0.000000		-1.000000		0		0.000000
6003113	120	0.06		0.1912		0.053906		0.281921		0.173130		0.208016		0.191210		0.038117		0.173130		0.20801561		0		0.000000		-1.000000		0		0.000000
6003113	160	0.08		0.1811		0.043174		0.238417		0.167629		0.193503		0.181088		0.030529		0.167629		0.19350314		0		0.000000		-1.000000		0		0.000000
6003113	200	0.1		0.1684		0.035591		0.211298		0.158041		0.178079		0.168439		0.025167		0.158041		0.17807875		0		0.000000		-1.000000		0		0.000000
6003113	400	0.2		0.113		0.017980		0.159149		0.108409		0.117496		0.112976		0.012714		0.108409		0.11749630		0		0.000000		-1.000000		0		0.000000
6003113	800	0.4		0.06135		0.007962		0.129781		0.059045		0.063807		0.061350		0.005630		0.059045		0.06380655		0		0.000000		-1.000000		0		0.000000
6003113	1.2e+03	0.6		0.04155		0.004761		0.114569		0.039892		0.043329		0.041551		0.003366		0.039892		0.04332921		0		0.000000		-1.000000		0		0.000000
6003113	1.6e+03	0.8		0.03193		0.003399		0.106463		0.030574		0.033345		0.031925		0.002403		0.030572		0.03334258		0		0.000000		-1.000000		0		0.000000
6003113	2e+03	1		0.02627		0.002751		0.104696		0.025104		0.027461		0.026262		0.001944		0.025093		0.02744740		0		0.000000		-1.000000		0		0.000000
6003113	4e+03	2		0.0145		0.001968		0.135726		0.013768		0.015143		0.014255		0.001357		0.013534		0.01488857		0		0.000000		-1.000000		0		0.000000
6003113	8e+03	4		0.008016		0.001795		0.223876		0.007621		0.008308		0.007060		0.001043		0.006690		0.00733947		0		0.000000		-1.000000		0		0.000000
6003113	1.2e+04	6		0.005964		0.001744		0.292461		0.005691		0.006148		0.004527		0.000864		0.004294		0.00468900		0		0.000000		-1.000000		0		0.000000
6003113	1.6e+04	8		0.005022		0.001689		0.336398		0.004806		0.005160		0.003292		0.000728		0.003127		0.00340194		0		0.000000		-1.000000		0		0.000000
6003113	2e+04	10		0.004494		0.001642		0.365504		0.004308		0.004606		0.002574		0.000623		0.002448		0.00265608		0		0.000000		-1.000000		0		0.000000
6003113	4e+04	20		0.003532		0.001514		0.428603		0.003401		0.003604		0.001217		0.000354		0.001160		0.00125123		0		0.000000		-1.000000		0		0.000000
6003113	8e+04	40		0.003102		0.001433		0.461898		0.002995		0.003158		0.000588		0.000188		0.000562		0.00060379		0		0.000000		-1.000000		0		0.000000
6003113	1.2e+05	60		0.002967		0.001404		0.473160		0.002867		0.003018		0.000388		0.000127		0.000370		0.00039744		0		0.000000		-1.000000		0		0.000000
6003113	1.6e+05	80		0.002901		0.001389		0.478814		0.002804		0.002950		0.000289		0.000096		0.000276		0.00029615		0		0.000000		-1.000000		0		0.000000
6003113	2e+05	1e+02		0.002862		0.001380		0.482213		0.002767		0.002909		0.000230		0.000077		0.000220		0.00023598		0		0.000000		-1.000000		0		0.000000
