PDG	Ctau	CtauScaleFactor	Efficiency	StatError	RelativeStatError	PuUpEffic	PuDownEffic	TruncEffic	StatError	EfficiencyNeg	StatError	RelativeStatError	TrunEfficNeg	StatError
6001113	0.04	0.01		0.0004934		0.000243		0.492353		0.000476		0.000509		0.000493		0.00024292		0.008165		0.006126		0.750231		0.008165		0.006126
6001113	0.08	0.02		0.005753		0.001424		0.247451		0.005521		0.005984		0.005753		0.00142358		0.008091		0.005653		0.698654		0.008091		0.005653
6001113	0.16	0.04		0.02579		0.003427		0.132899		0.025021		0.026588		0.025789		0.00342732		0.006092		0.003923		0.643966		0.006092		0.003923
6001113	0.24	0.06		0.04479		0.004509		0.100660		0.043826		0.045767		0.044794		0.00450897		0.004771		0.002958		0.619874		0.004771		0.002958
6001113	0.32	0.08		0.05974		0.005050		0.084541		0.058727		0.060690		0.059739		0.00505042		0.003913		0.002378		0.607901		0.003913		0.002378
6001113	0.4	0.1		0.07141		0.005312		0.074385		0.070391		0.072298		0.071413		0.00531203		0.003316		0.001994		0.601127		0.003316		0.001994
6001113	0.8	0.2		0.1045		0.005364		0.051321		0.103321		0.105335		0.104513		0.00536373		0.001888		0.001113		0.589455		0.001888		0.001113
6001113	1.6	0.4		0.1294		0.004806		0.037139		0.127759		0.130602		0.129403		0.00480589		0.001015		0.000594		0.585049		0.001015		0.000594
6001113	2.4	0.6		0.1398		0.004463		0.031925		0.137960		0.141140		0.139781		0.00446276		0.0006924		0.000404		0.583862		0.0006924		0.000404
6001113	3.2	0.8		0.1456		0.004309		0.029588		0.143767		0.146953		0.145510		0.00430830		0.0005238		0.000306		0.583332		0.0005238		0.000306
6001113	4	1		0.1495		0.004311		0.028846		0.147657		0.150722		0.149021		0.00430492		0.0004205		0.000245		0.583040		0.0004205		0.000245
6001113	8	2		0.1575		0.006604		0.041928		0.155961		0.158431		0.150669		0.00563767		0.0002118		0.000123		0.582680		0.0002105		0.000123
6001113	16	4		0.1573		0.012999		0.082617		0.155777		0.158191		0.127959		0.00741119		0.0001155		0.000067		0.583741		0.000105		0.000061
6001113	24	6		0.155		0.016447		0.106136		0.153284		0.155898		0.105616		0.00724028		8.817e-05		0.000052		0.585004		6.99e-05		0.000041
6001113	32	8		0.1531		0.018362		0.119897		0.151383		0.154158		0.088814		0.00662293		7.585e-05		0.000044		0.585955		5.239e-05		0.000031
6001113	40	10		0.1518		0.019552		0.128767		0.150018		0.152909		0.076291		0.00598060		6.895e-05		0.000040		0.586651		4.19e-05		0.000024
6001113	80	20		0.1487		0.021982		0.147788		0.146776		0.149944		0.044230		0.00382478		5.63e-05		0.000033		0.588355		2.093e-05		0.000012
6001113	160	40		0.1469		0.023200		0.157885		0.144904		0.148230		0.023881		0.00216653		5.057e-05		0.000030		0.589375		1.046e-05		0.000006
6001113	240	60		0.1463		0.023604		0.161330		0.144243		0.147625		0.016341		0.00150604		4.875e-05		0.000029		0.589741		6.973e-06		0.000004
6001113	320	80		0.146		0.023806		0.163066		0.143906		0.147316		0.012417		0.00115344		4.786e-05		0.000028		0.589928		5.229e-06		0.000003
6001113	400	1e+02		0.1458		0.023926		0.164112		0.143702		0.147129		0.010012		0.00093444		4.733e-05		0.000028		0.590043		4.183e-06		0.000002
6002113	0.4	0.01		0.06167		0.015088		0.244679		0.061098		0.064119		0.061665		0.01508814		0.01294		0.012813		0.990398		0.01294		0.012813
6002113	0.8	0.02		0.0926		0.014391		0.155407		0.091468		0.095591		0.092603		0.01439118		0.006453		0.006422		0.995236		0.006453		0.006422
6002113	1.6	0.04		0.1239		0.012231		0.098691		0.122510		0.126653		0.123931		0.01223097		0.003217		0.003210		0.997639		0.003217		0.003210
6002113	2.4	0.06		0.1398		0.010884		0.077851		0.138323		0.142247		0.139804		0.01088386		0.002144		0.002141		0.998436		0.002144		0.002141
6002113	3.2	0.08		0.1488		0.009942		0.066818		0.147242		0.151100		0.148795		0.00994212		0.001608		0.001606		0.998812		0.001608		0.001606
6002113	4	0.1		0.1542		0.009224		0.059823		0.152564		0.156418		0.154186		0.00922382		0.001287		0.001286		0.998844		0.001287		0.001286
6002113	8	0.2		0.161		0.007155		0.044444		0.159199		0.163038		0.160981		0.00715458		0.0006624		0.000645		0.973463		0.0006624		0.000645
6002113	16	0.4		0.1513		0.005454		0.036057		0.149463		0.153202		0.151256		0.00545379		0.0004425		0.000337		0.762127		0.0004425		0.000337
6002113	24	0.6		0.1373		0.004635		0.033768		0.135524		0.139150		0.137264		0.00463518		0.0004208		0.000263		0.623819		0.0004208		0.000263
6002113	32	0.8		0.124		0.004124		0.033262		0.122328		0.125774		0.123993		0.00412414		0.0004142		0.000242		0.583521		0.0004143		0.000242
6002113	40	1		0.1123		0.003759		0.033470		0.110757		0.113980		0.112350		0.00375972		0.0004029		0.000233		0.577498		0.0004031		0.000233
6002113	80	2		0.0749		0.002902		0.038741		0.073848		0.076024		0.074694		0.00277482		0.0003203		0.000193		0.603235		0.0003194		0.000193
6002113	160	4		0.04784		0.003036		0.063446		0.047220		0.048561		0.044093		0.00193370		0.000225		0.000142		0.630230		0.0002074		0.000130
6002113	240	6		0.03846		0.003284		0.085406		0.037973		0.039059		0.031221		0.00148669		0.0001866		0.000120		0.642015		0.0001515		0.000097
6002113	320	8		0.03392		0.003404		0.100348		0.033499		0.034472		0.024159		0.00120476		0.0001672		0.000108		0.648865		0.0001191		0.000077
6002113	400	10		0.03128		0.003463		0.110694		0.030898		0.031808		0.019700		0.00101152		0.0001556		0.000102		0.653380		9.8e-05		0.000063
6002113	800	20		0.02626		0.003535		0.134577		0.025943		0.026738		0.010243		0.00055929		0.000133		0.000088		0.663525		5.189e-05		0.000034
6002113	1600	40		0.0239		0.003541		0.148110		0.023613		0.024356		0.005225		0.00029462		0.0001222		0.000082		0.669247		2.671e-05		0.000017
6002113	2400	60		0.02314		0.003538		0.152853		0.022861		0.023587		0.003507		0.00019991		0.0001186		0.000080		0.671262		1.798e-05		0.000012
6002113	3200	80		0.02277		0.003535		0.155267		0.022490		0.023207		0.002639		0.00015127		0.0001169		0.000079		0.672290		1.355e-05		0.000009
6002113	4000	1e+02		0.02254		0.003533		0.156730		0.022268		0.022981		0.002116		0.00012166		0.0001158		0.000078		0.672914		1.087e-05		0.000007
6003113	4	0.01		0.109		0.023721		0.217578		0.110498		0.106282		0.109024		0.02372123		0.01233		0.012218		0.991218		0.01233		0.012218
6003113	8	0.02		0.1164		0.018651		0.160297		0.116209		0.115739		0.116356		0.01865146		0.006296		0.006268		0.995537		0.006296		0.006268
6003113	16	0.04		0.1157		0.013953		0.120556		0.115060		0.115633		0.115735		0.01395257		0.00324		0.003233		0.997716		0.00324		0.003233
6003113	24	0.06		0.1102		0.011534		0.104669		0.109556		0.110005		0.110200		0.01153449		0.002187		0.002183		0.998460		0.002187		0.002183
6003113	32	0.08		0.1029		0.009992		0.097133		0.102260		0.102648		0.102869		0.00999196		0.001649		0.001647		0.998839		0.001649		0.001647
6003113	40	0.1		0.09534		0.008886		0.093199		0.094748		0.095143		0.095340		0.00888566		0.001323		0.001321		0.999071		0.001323		0.001321
6003113	80	0.2		0.06651		0.005868		0.088219		0.065991		0.066490		0.066513		0.00586771		0.0006623		0.000662		0.999542		0.0006623		0.000662
6003113	160	0.4		0.04		0.003529		0.088226		0.039645		0.040049		0.039998		0.00352885		0.0003296		0.000329		0.999784		0.0003296		0.000329
6003113	240	0.6		0.02839		0.002521		0.088796		0.028143		0.028438		0.028392		0.00252113		0.0002188		0.000219		0.999867		0.0002188		0.000219
6003113	320	0.8		0.02195		0.001959		0.089231		0.021760		0.021982		0.021944		0.00195806		0.0001635		0.000163		0.999912		0.0001634		0.000163
6003113	400	1		0.01787		0.001600		0.089571		0.017719		0.017892		0.017851		0.00159887		0.0001303		0.000130		0.999942		0.0001302		0.000130
6003113	800	2		0.00935		0.000856		0.091547		0.009269		0.009370		0.009182		0.00083458		6.54e-05		0.000065		1.000112		6.423e-05		0.000064
6003113	1600	4		0.005211		0.000552		0.105874		0.005153		0.005252		0.004652		0.00043245		3.568e-05		0.000036		1.001516		3.186e-05		0.000032
6003113	2400	6		0.003975		0.000489		0.123074		0.003924		0.004023		0.003117		0.00029369		2.703e-05		0.000027		1.003477		2.119e-05		0.000021
6003113	3200	8		0.003408		0.000463		0.135968		0.003360		0.003457		0.002344		0.00022273		2.308e-05		0.000023		1.005138		1.588e-05		0.000016
6003113	4000	10		0.003086		0.000448		0.145219		0.003042		0.003136		0.001879		0.00017949		2.086e-05		0.000021		1.006430		1.27e-05		0.000013
6003113	8000	20		0.002493		0.000417		0.167086		0.002453		0.002542		0.000943		0.00009121		1.678e-05		0.000017		1.009815		6.346e-06		0.000006
6003113	16000	40		0.002223		0.000399		0.179598		0.002186		0.002271		0.000472		0.00004602		1.493e-05		0.000015		1.011959		3.172e-06		0.000003
6003113	24000	60		0.002137		0.000393		0.183981		0.002101		0.002185		0.000315		0.00003077		1.434e-05		0.000015		1.012746		2.115e-06		0.000002
6003113	32000	80		0.002094		0.000390		0.186210		0.002059		0.002142		0.000236		0.00002312		1.405e-05		0.000014		1.013153		1.586e-06		0.000002
6003113	40000	1e+02		0.002069		0.000388		0.187560		0.002034		0.002117		0.000189		0.00001851		1.388e-05		0.000014		1.013402		1.269e-06		0.000001
