PDG	Ctau	CtauScaleFactor	Efficiency	StatError	RelativeStatError	PuUpEffic	PuDownEffic	TruncEffic	StatError	EfficiencyNeg	StatError	RelativeStatError	TrunEfficNeg	StatError
6001113	0.2	0.01		0.001807		0.001676		0.927551		0.001907		0.001497		0.003613		0.00236707		0.0004762		0.000545		1.145181		0.0009525		0.000771
6001113	0.4	0.02		0.02324		0.016513		0.710532		0.025546		0.019415		0.046481		0.02298791		0.006441		0.006490		1.007567		0.01288		0.009129
6001113	0.8	0.04		0.05701		0.025487		0.447099		0.060716		0.052372		0.114012		0.03422338		0.01635		0.011247		0.687761		0.0327		0.015661
6001113	1.2	0.06		0.06063		0.020646		0.340509		0.063421		0.057838		0.121264		0.02743593		0.01756		0.009843		0.560494		0.03512		0.013679
6001113	1.6	0.08		0.05885		0.016488		0.280200		0.061123		0.056957		0.117690		0.02190940		0.01627		0.008256		0.507518		0.03254		0.011485
6001113	2	0.1		0.05726		0.013605		0.237588		0.059303		0.055787		0.114528		0.01810122		0.01458		0.006977		0.478483		0.02916		0.009722
6001113	4	0.2		0.05771		0.007462		0.129303		0.059110		0.056945		0.115414		0.00992906		0.008343		0.003565		0.427319		0.01669		0.005000
6001113	8	0.4		0.06369		0.004522		0.070996		0.063746		0.063961		0.127376		0.00597801		0.003637		0.001461		0.401889		0.007273		0.002059
6001113	12	0.6		0.06477		0.003591		0.055443		0.064161		0.065540		0.129540		0.00473842		0.002084		0.000797		0.382344		0.004168		0.001125
6001113	16	0.8		0.06327		0.003155		0.049861		0.062344		0.064283		0.126540		0.00416838		0.001413		0.000512		0.362378		0.002827		0.000723
6001113	20	1		0.06093		0.002958		0.048544		0.059843		0.062077		0.121871		0.00391890		0.001075		0.000375		0.348762		0.00215		0.000530
6001113	40	2		0.04957		0.004136		0.083436		0.048136		0.050935		0.098938		0.00543908		0.0005521		0.000261		0.472615		0.001102		0.000368
6001113	80	4		0.03772		0.007607		0.201646		0.035462		0.039459		0.068893		0.00914297		0.0003172		0.000208		0.656600		0.0005793		0.000268
6001113	120	6		0.033		0.008902		0.269731		0.030355		0.034952		0.052021		0.00932011		0.0002441		0.000176		0.719339		0.0003848		0.000195
6001113	160	8		0.03063		0.009452		0.308596		0.027804		0.032692		0.041622		0.00858481		0.0002105		0.000158		0.749359		0.000286		0.000151
6001113	200	10		0.02922		0.009736		0.333186		0.026301		0.031352		0.034641		0.00774620		0.0001915		0.000147		0.766801		0.000227		0.000123
6001113	400	20		0.02648		0.010183		0.384603		0.023401		0.028737		0.018777		0.00489047		0.0001566		0.000125		0.800223		0.0001111		0.000063
6001113	800	40		0.02515		0.010342		0.411137		0.022019		0.027474		0.009783		0.00273683		0.0001408		0.000115		0.816141		5.477e-05		0.000032
6001113	1200	60		0.02472		0.010385		0.420067		0.021569		0.027060		0.006613		0.00189324		0.0001358		0.000112		0.821324		3.632e-05		0.000021
6001113	1600	80		0.02451		0.010405		0.424544		0.021347		0.026855		0.004995		0.00144624		0.0001333		0.000110		0.823892		2.717e-05		0.000016
6001113	2000	1e+02		0.02438		0.010416		0.427234		0.021214		0.026732		0.004012		0.00116977		0.0001319		0.000109		0.825425		2.17e-05		0.000013
6002113	2	0.01		0.00639		0.006202		0.970529		0.005621		0.007185		0.012780		0.00873800		5.591e-06		0.000007		1.183063		1.118e-05		0.000009
6002113	4	0.02		0.03951		0.030909		0.782291		0.034040		0.045163		0.079023		0.04238674		0.0009906		0.001078		1.088099		0.001981		0.001523
6002113	8	0.04		0.06987		0.040096		0.573894		0.062026		0.078006		0.139732		0.05284988		0.007463		0.007637		1.023332		0.01493		0.010724
6002113	12	0.06		0.07177		0.030893		0.430441		0.065938		0.077736		0.143542		0.04043074		0.009932		0.009905		0.997321		0.01986		0.013869
6002113	16	0.08		0.06918		0.023087		0.333721		0.065043		0.073368		0.138361		0.03026284		0.009475		0.009236		0.974727		0.01895		0.012937
6002113	20	0.1		0.06644		0.017990		0.270762		0.063350		0.069609		0.132887		0.02365166		0.008405		0.007937		0.944303		0.01681		0.011130
6002113	40	0.2		0.05639		0.008594		0.152398		0.054999		0.058116		0.112786		0.01143594		0.005027		0.003685		0.732957		0.01005		0.005184
6002113	80	0.4		0.04348		0.004339		0.099778		0.042755		0.044546		0.086965		0.00585879		0.002882		0.001438		0.498962		0.005765		0.002028
6002113	120	0.6		0.03546		0.002941		0.082945		0.034935		0.036213		0.070921		0.00400764		0.001932		0.000825		0.426810		0.003864		0.001164
6002113	160	0.8		0.03021		0.002300		0.076154		0.029706		0.030858		0.060406		0.00315235		0.001389		0.000556		0.399988		0.002778		0.000785
6002113	200	1		0.02653		0.001979		0.074590		0.025977		0.027184		0.053013		0.00272065		0.001048		0.000408		0.388866		0.002095		0.000575
6002113	400	2		0.01734		0.001905		0.109852		0.016496		0.018271		0.033654		0.00256285		0.0003987		0.000153		0.384725		0.0007739		0.000210
6002113	800	4		0.01183		0.002158		0.182426		0.010891		0.012896		0.019416		0.00246142		0.0001692		0.000067		0.398429		0.0002778		0.000078
6002113	1200	6		0.01005		0.002177		0.216689		0.009124		0.011112		0.013634		0.00205558		0.000118		0.000048		0.406968		0.0001601		0.000046
6002113	1600	8		0.009198		0.002165		0.235314		0.008293		0.010250		0.010509		0.00172188		9.71e-05		0.000040		0.412132		0.0001109		0.000032
6002113	2000	10		0.008706		0.002149		0.246886		0.007815		0.009747		0.008551		0.00147069		8.602e-05		0.000036		0.415526		8.449e-05		0.000025
6002113	4000	20		0.007766		0.002103		0.270764		0.006908		0.008776		0.004430		0.00083642		6.686e-05		0.000028		0.422986		3.814e-05		0.000011
6002113	8000	40		0.007319		0.002071		0.283003		0.006481		0.008310		0.002256		0.00044555		5.868e-05		0.000025		0.427050		1.809e-05		0.000005
6002113	12000	60		0.007174		0.002060		0.287118		0.006343		0.008159		0.001514		0.00030333		5.614e-05		0.000024		0.428453		1.185e-05		0.000004
6002113	16000	80		0.007102		0.002054		0.289181		0.006274		0.008083		0.001139		0.00022988		5.49e-05		0.000024		0.429164		8.805e-06		0.000003
6002113	20000	1e+02		0.00706		0.002050		0.290421		0.006234		0.008038		0.000913		0.00018506		5.418e-05		0.000023		0.429593		7.006e-06		0.000002
6003113	20	0.01		0.4014		0.370014		0.921920		0.400303		0.379301		0.802703		0.12407138		0		-1.000000		-1.000000		0		-1.000000
6003113	40	0.02		0.2012		0.176838		0.878799		0.217590		0.163667		0.402454		0.17681597		0		-1.000000		-1.000000		0		-1.000000
6003113	80	0.04		0.08137		0.062599		0.769363		0.093737		0.061835		0.162730		0.08026362		0		-1.000000		-1.000000		0		-1.000000
6003113	120	0.06		0.05281		0.031895		0.603949		0.061258		0.041046		0.105623		0.04253697		0		-1.000000		-1.000000		0		-1.000000
6003113	160	0.08		0.04038		0.020063		0.496835		0.046495		0.032375		0.080765		0.02716822		0		-1.000000		-1.000000		0		-1.000000
6003113	200	0.1		0.03303		0.014293		0.432785		0.037602		0.027209		0.066050		0.01951908		0		-1.000000		-1.000000		0		-1.000000
6003113	400	0.2		0.0179		0.005409		0.302188		0.019314		0.016110		0.035797		0.00750945		0		-1.000000		-1.000000		0		-1.000000
6003113	800	0.4		0.01001		0.002228		0.222452		0.010319		0.009596		0.020028		0.00311847		0		-1.000000		-1.000000		0		-1.000000
6003113	1200	0.6		0.007085		0.001386		0.195639		0.007170		0.006937		0.014170		0.00194621		0		-1.000000		-1.000000		0		-1.000000
6003113	1600	0.8		0.005417		0.001012		0.186814		0.005429		0.005357		0.010831		0.00142292		0		-1.000000		-1.000000		0		-1.000000
6003113	2000	1		0.004307		0.000801		0.186088		0.004292		0.004281		0.008605		0.00112738		0		-1.000000		-1.000000		0		-1.000000
6003113	4000	2		0.001903		0.000390		0.205077		0.001873		0.001906		0.003707		0.00053583		0		-1.000000		-1.000000		0		-1.000000
6003113	8000	4		0.0008845		0.000207		0.234303		0.000860		0.000891		0.001483		0.00024290		0		-1.000000		-1.000000		0		-1.000000
6003113	12000	6		0.0006342		0.000159		0.250140		0.000612		0.000641		0.000889		0.00015455		0		-1.000000		-1.000000		0		-1.000000
6003113	16000	8		0.0005289		0.000137		0.259587		0.000508		0.000535		0.000628		0.00011302		0		-1.000000		-1.000000		0		-1.000000
6003113	20000	10		0.0004721		0.000125		0.265774		0.000452		0.000478		0.000484		0.00008902		0		-1.000000		-1.000000		0		-1.000000
6003113	40000	20		0.000372		0.000104		0.279332		0.000354		0.000378		0.000224		0.00004310		0		-1.000000		-1.000000		0		-1.000000
6003113	80000	40		0.0003286		0.000094		0.286699		0.000312		0.000334		0.000107		0.00002120		0		-1.000000		-1.000000		0		-1.000000
6003113	1.2e+05	60		0.000315		0.000091		0.289240		0.000299		0.000321		0.000071		0.00001405		0		-1.000000		-1.000000		0		-1.000000
6003113	1.6e+05	80		0.0003084		0.000090		0.290526		0.000292		0.000314		0.000053		0.00001051		0		-1.000000		-1.000000		0		-1.000000
6003113	2e+05	1e+02		0.0003045		0.000089		0.291303		0.000288		0.000310		0.000042		0.00000839		0		-1.000000		-1.000000		0		-1.000000
