PDG	Ctau	CtauScaleFactor	Efficiency	StatError	RelativeStatError	PuUpEffic	PuDownEffic	TruncEffic	StatError	EfficiencyNeg	StatError	RelativeStatError	TrunEfficNeg	StatError
6001113	0.07	0.01		2.212e-05		0.000021		0.967782		0.000023		0.000022		0.000044		0.00003027		0.0002411		0.000306		1.267759		0.0004823		0.000432
6001113	0.14	0.02		0.003382		0.002299		0.679790		0.003590		0.003184		0.006764		0.00324620		0.005134		0.005622		1.095039		0.01027		0.007918
6001113	0.28	0.04		0.02851		0.011889		0.416948		0.029721		0.027158		0.057027		0.01647783		0.0139		0.012016		0.864226		0.02781		0.016768
6001113	0.42	0.06		0.05319		0.015168		0.285180		0.054281		0.051920		0.106373		0.02054628		0.01575		0.011134		0.707152		0.03149		0.015501
6001113	0.56	0.08		0.07218		0.015150		0.209904		0.072819		0.071523		0.144351		0.02012088		0.01512		0.009358		0.618975		0.03024		0.013033
6001113	0.7	0.1		0.08639		0.014291		0.165418		0.086679		0.086323		0.172789		0.01867392		0.01381		0.007843		0.567893		0.02762		0.010936
6001113	1.4	0.2		0.1215		0.010256		0.084424		0.121113		0.122662		0.242969		0.01277052		0.008135		0.003836		0.471585		0.01627		0.005381
6001113	2.8	0.4		0.1463		0.006830		0.046667		0.145429		0.147955		0.292698		0.00818355		0.004004		0.001562		0.390072		0.008007		0.002200
6001113	4.2	0.6		0.1575		0.005564		0.035327		0.156244		0.159242		0.314999		0.00654036		0.002693		0.000914		0.339504		0.005386		0.001290
6001113	5.6	0.8		0.1624		0.005025		0.030944		0.161037		0.164131		0.324634		0.00584663		0.002127		0.000651		0.306013		0.004255		0.000919
6001113	7	1		0.1642		0.004879		0.029722		0.162868		0.165778		0.327519		0.00564753		0.001839		0.000535		0.290767		0.003678		0.000755
6001113	14	2		0.1624		0.009031		0.055627		0.162266		0.162803		0.308751		0.00941732		0.001275		0.000469		0.367518		0.002513		0.000652
6001113	28	4		0.157		0.020168		0.128427		0.158838		0.155344		0.245938		0.01739697		0.0008633		0.000404		0.468431		0.001485		0.000490
6001113	42	6		0.1538		0.025544		0.166085		0.156517		0.151004		0.197175		0.01845711		0.0007107		0.000359		0.505349		0.001027		0.000366
6001113	56	8		0.1518		0.028387		0.187018		0.155006		0.148381		0.163061		0.01743505		0.000636		0.000333		0.524067		0.0007814		0.000288
6001113	70	10		0.1504		0.030110		0.200144		0.153972		0.146656		0.138561		0.01600289		0.0005924		0.000317		0.535353		0.0006294		0.000237
6001113	140	20		0.1474		0.033531		0.227457		0.151599		0.142866		0.078454		0.01050289		0.0005088		0.000284		0.558011		0.0003178		0.000125
6001113	280	40		0.1457		0.035204		0.241547		0.150253		0.140806		0.041818		0.00600696		0.0004693		0.000267		0.569364		0.0001594		0.000064
6001113	420	60		0.1452		0.035753		0.246297		0.149781		0.140095		0.028487		0.00418709		0.0004564		0.000262		0.573149		0.0001063		0.000043
6001113	560	80		0.1449		0.036026		0.248680		0.149540		0.139735		0.021598		0.00321090		0.0004501		0.000259		0.575041		7.979e-05		0.000032
6001113	700	1e+02		0.1447		0.036188		0.250113		0.149394		0.139518		0.017392		0.00260316		0.0004463		0.000257		0.576177		6.384e-05		0.000026
6002113	0.7	0.01		0.3531		0.240935		0.682246		0.343295		0.358316		0.706298		0.13769937		3.174e-86		0.000000		1.141717		6.348e-86		0.000000
6002113	1.4	0.02		0.2668		0.139852		0.524252		0.258478		0.271498		0.533529		0.11919791		1.124e-43		0.000000		1.059162		2.248e-43		0.000000
6002113	2.8	0.04		0.2099		0.072877		0.347227		0.205287		0.212417		0.419768		0.07460834		1.288e-22		0.000000		1.020414		2.575e-22		0.000000
6002113	4.2	0.06		0.1949		0.048716		0.249982		0.190512		0.198162		0.389754		0.05231004		1.021e-15		0.000000		1.010472		2.043e-15		0.000000
6002113	5.6	0.08		0.1909		0.036202		0.189669		0.186123		0.195246		0.381733		0.03958575		2.461e-12		0.000000		1.006252		4.921e-12		0.000000
6002113	7	0.1		0.1897		0.028704		0.151334		0.184687		0.194753		0.379343		0.03166453		2.381e-10		0.000000		1.004107		4.763e-10		0.000000
6002113	14	0.2		0.1823		0.014439		0.079217		0.177444		0.187653		0.364534		0.01620159		1.356e-06		0.000001		1.000926		2.712e-06		0.000002
6002113	28	0.4		0.1601		0.007797		0.048706		0.156139		0.164300		0.320164		0.00902108		5.327e-05		0.000051		0.965293		0.0001065		0.000073
6002113	42	0.6		0.1406		0.005597		0.039810		0.137369		0.143932		0.281203		0.00666832		0.0001478		0.000124		0.841087		0.0002955		0.000176
6002113	56	0.8		0.1245		0.004551		0.036552		0.121819		0.127231		0.249043		0.00555768		0.0002394		0.000177		0.740749		0.0004789		0.000251
6002113	70	1		0.1112		0.003999		0.035965		0.108888		0.113442		0.222331		0.00498315		0.000313		0.000222		0.708256		0.0006259		0.000313
6002113	140	2		0.06705		0.004329		0.064571		0.065999		0.068339		0.131798		0.00574684		0.0003936		0.000305		0.773798		0.0007738		0.000423
6002113	280	4		0.03301		0.006244		0.189165		0.032782		0.033808		0.055584		0.00774801		0.0002541		0.000217		0.852926		0.0004283		0.000259
6002113	420	6		0.023		0.005884		0.255820		0.022984		0.023596		0.031916		0.00614400		0.0001884		0.000167		0.887679		0.0002618		0.000165
6002113	560	8		0.01877		0.005456		0.290631		0.018835		0.019266		0.021835		0.00481205		0.0001576		0.000143		0.906364		0.0001837		0.000119
6002113	700	10		0.01651		0.005143		0.311447		0.016615		0.016948		0.016453		0.00389992		0.0001404		0.000129		0.917809		0.0001402		0.000092
6002113	1400	20		0.01262		0.004444		0.352130		0.012783		0.012947		0.007236		0.00194934		0.0001095		0.000103		0.940837		6.296e-05		0.000042
6002113	2800	40		0.01097		0.004079		0.371733		0.011158		0.011252		0.003381		0.00096330		9.589e-05		0.000091		0.952257		2.965e-05		0.000020
6002113	4200	60		0.01047		0.003957		0.378133		0.010657		0.010730		0.002203		0.00063873		9.165e-05		0.000088		0.956031		1.937e-05		0.000013
6002113	5600	80		0.01022		0.003897		0.381307		0.010414		0.010477		0.001633		0.00047763		8.959e-05		0.000086		0.957910		1.437e-05		0.000010
6002113	7000	1e+02		0.01007		0.003861		0.383202		0.010271		0.010328		0.001298		0.00038139		8.836e-05		0.000085		0.959035		1.143e-05		0.000008
6003113	7	0.01		0.05428		0.058241		1.073028		0.050692		0.058820		0.108554		0.07852509		0.000105		0.000119		1.135851		0.00021		0.000169
6003113	14	0.02		0.06995		0.058202		0.832081		0.065790		0.074547		0.139896		0.07658905		0.002351		0.002484		1.056622		0.004702		0.003506
6003113	28	0.04		0.09427		0.041061		0.435589		0.090817		0.097855		0.188531		0.05268840		0.006778		0.006885		1.015799		0.01356		0.009673
6003113	42	0.06		0.1102		0.030568		0.277422		0.108303		0.112539		0.220369		0.03854365		0.006852		0.006878		1.003709		0.0137		0.009660
6003113	56	0.08		0.1143		0.024442		0.213924		0.113577		0.115677		0.228509		0.03055883		0.005791		0.005792		1.000184		0.01158		0.008143
6003113	70	0.1		0.1121		0.020435		0.182348		0.112035		0.112962		0.224132		0.02551794		0.004743		0.004738		0.998908		0.009486		0.006669
6003113	140	0.2		0.08285		0.010776		0.130069		0.082971		0.083462		0.165699		0.01386940		0.002005		0.001961		0.978035		0.00401		0.002768
6003113	280	0.4		0.04689		0.004835		0.103107		0.046581		0.047622		0.093778		0.00649866		0.0007427		0.000636		0.856390		0.001485		0.000899
6003113	420	0.6		0.03188		0.002908		0.091224		0.031539		0.032501		0.063751		0.00397700		0.0004125		0.000319		0.773761		0.000825		0.000451
6003113	560	0.8		0.02413		0.002063		0.085501		0.023815		0.024652		0.048238		0.00284630		0.0002673		0.000197		0.736270		0.0005346		0.000278
6003113	700	1		0.01956		0.001647		0.084188		0.019259		0.020003		0.039016		0.00228077		0.0001883		0.000136		0.719668		0.0003768		0.000192
6003113	1400	2		0.0111		0.001838		0.165638		0.010824		0.011367		0.021125		0.00220702		5.792e-05		0.000041		0.708681		0.0001173		0.000059
6003113	2800	4		0.006908		0.002712		0.392592		0.006696		0.007078		0.011109		0.00278333		1.733e-05		0.000013		0.731628		3.342e-05		0.000017
6003113	4200	6		0.005544		0.002761		0.497955		0.005367		0.005682		0.007393		0.00245243		9.884e-06		0.000007		0.752194		1.67e-05		0.000009
6003113	5600	8		0.004906		0.002708		0.552013		0.004746		0.005028		0.005511		0.00207869		7.241e-06		0.000006		0.765312		1.06e-05		0.000006
6003113	7000	10		0.004542		0.002653		0.584218		0.004393		0.004656		0.004385		0.00177878		5.954e-06		0.000005		0.773951		7.625e-06		0.000004
6003113	14000	20		0.003864		0.002500		0.647089		0.003735		0.003961		0.002162		0.00100359		3.951e-06		0.000003		0.792571		3.035e-06		0.000002
6003113	28000	40		0.003552		0.002406		0.677389		0.003433		0.003642		0.001072		0.00052944		3.19e-06		0.000003		0.802369		1.344e-06		0.000001
6003113	42000	60		0.003452		0.002373		0.687284		0.003337		0.003540		0.000713		0.00035898		2.968e-06		0.000002		0.805685		8.6e-07		0.000000
6003113	56000	80		0.003403		0.002356		0.692190		0.003289		0.003489		0.000534		0.00027148		2.862e-06		0.000002		0.807351		6.317e-07		0.000000
6003113	70000	1e+02		0.003374		0.002345		0.695121		0.003261		0.003459		0.000427		0.00021825		2.799e-06		0.000002		0.808352		4.991e-07		0.000000
