PDG	Ctau	CtauScaleFactor	Efficiency	StatError	RelativeStatError	PuUpEffic	PuDownEffic	TruncEffic	StatError	PuUpTrunEffic	PuDownTruncEffic	EfficiencyNeg	StatError	RelativeStatError	TrunEfficNeg	StatError
6001113	0.015	0.01		5.861e-05		0.000059		0.998396		0.000057		0.000060		0.000059		0.000059		0.000057		0.00006044		0		0.000000		-1.000000		0		0.000000
6001113	0.03	0.02		0.0005372		0.000478		0.889808		0.000519		0.000554		0.000537		0.000478		0.000519		0.00055361		0		0.000000		-1.000000		0		0.000000
6001113	0.06	0.04		0.002278		0.001017		0.446224		0.002189		0.002361		0.002278		0.001017		0.002189		0.00236069		0		0.000000		-1.000000		0		0.000000
6001113	0.09	0.06		0.005636		0.001282		0.227472		0.005432		0.005850		0.005636		0.001282		0.005432		0.00584989		0		0.000000		-1.000000		0		0.000000
6001113	0.12	0.08		0.01033		0.001550		0.150010		0.010008		0.010697		0.010330		0.001550		0.010008		0.01069716		0		0.000000		-1.000000		0		0.000000
6001113	0.15	0.1		0.01578		0.001825		0.115658		0.015361		0.016286		0.015782		0.001825		0.015361		0.01628560		0		0.000000		-1.000000		0		0.000000
6001113	0.3	0.2		0.04418		0.002818		0.063780		0.043602		0.044960		0.044177		0.002818		0.043602		0.04495968		0		0.000000		-1.000000		0		0.000000
6001113	0.6	0.4		0.08455		0.003506		0.041464		0.084220		0.085115		0.084548		0.003506		0.084220		0.08511487		0		0.000000		-1.000000		0		0.000000
6001113	0.9	0.6		0.1078		0.003724		0.034545		0.107727		0.108081		0.107813		0.003724		0.107724		0.10807688		0		0.000000		-1.000000		0		0.000000
6001113	1.2	0.8		0.1219		0.003865		0.031708		0.121866		0.122011		0.121859		0.003865		0.121839		0.12197779		0		0.000000		-1.000000		0		0.000000
6001113	1.5	1		0.1306		0.004019		0.030781		0.130456		0.130698		0.130486		0.004018		0.130395		0.13061174		0		0.000000		-1.000000		0		0.000000
6001113	3	2		0.1372		0.005841		0.042568		0.136064		0.138254		0.138962		0.005133		0.137989		0.13979901		0		0.000000		-1.000000		0		0.000000
6001113	6	4		0.1107		0.012534		0.113257		0.108595		0.112970		0.116691		0.006143		0.114951		0.11821337		0		0.000000		-1.000000		0		0.000000
6001113	9	6		0.09329		0.015412		0.165206		0.091095		0.095935		0.095253		0.005843		0.093491		0.09679893		0		0.000000		-1.000000		0		0.000000
6001113	12	8		0.08359		0.016416		0.196383		0.081411		0.086332		0.079550		0.005286		0.077922		0.08098085		0		0.000000		-1.000000		0		0.000000
6001113	15	10		0.07765		0.016801		0.216373		0.075497		0.080410		0.068024		0.004745		0.066548		0.06932239		0		0.000000		-1.000000		0		0.000000
6001113	30	20		0.06585		0.017012		0.258343		0.063807		0.068577		0.039048		0.003005		0.038099		0.03988316		0		0.000000		-1.000000		0		0.000000
6001113	60	40		0.06015		0.016836		0.279915		0.058179		0.062819		0.020971		0.001695		0.020433		0.02144480		0		0.000000		-1.000000		0		0.000000
6001113	90	60		0.05829		0.016738		0.287143		0.056351		0.060941		0.014323		0.001177		0.013949		0.01465260		0		0.000000		-1.000000		0		0.000000
6001113	120	80		0.05737		0.016682		0.290760		0.055447		0.060010		0.010874		0.000901		0.010587		0.01112625		0		0.000000		-1.000000		0		0.000000
6001113	150	1e+02		0.05683		0.016646		0.292931		0.054909		0.059455		0.008763		0.000730		0.008531		0.00896751		0		0.000000		-1.000000		0		0.000000
6002113	0.15	0.01		0.0118		0.003092		0.262049		0.012031		0.011538		0.011798		0.003092		0.012031		0.01153820		0		0.000000		-1.000000		0		0.000000
6002113	0.3	0.02		0.04034		0.006731		0.166845		0.040345		0.039855		0.040341		0.006731		0.040345		0.03985523		0		0.000000		-1.000000		0		0.000000
6002113	0.6	0.04		0.08325		0.008697		0.104467		0.082792		0.082821		0.083249		0.008697		0.082792		0.08282121		0		0.000000		-1.000000		0		0.000000
6002113	0.9	0.06		0.11		0.008872		0.080658		0.109193		0.109838		0.109998		0.008872		0.109193		0.10983769		0		0.000000		-1.000000		0		0.000000
6002113	1.2	0.08		0.1267		0.008674		0.068484		0.125667		0.126686		0.126661		0.008674		0.125667		0.12668585		0		0.000000		-1.000000		0		0.000000
6002113	1.5	0.1		0.1372		0.008385		0.061119		0.136103		0.137320		0.137189		0.008385		0.136103		0.13731963		0		0.000000		-1.000000		0		0.000000
6002113	3	0.2		0.1533		0.007021		0.045814		0.152067		0.153589		0.153252		0.007021		0.152067		0.15358870		0		0.000000		-1.000000		0		0.000000
6002113	6	0.4		0.1436		0.005448		0.037938		0.142317		0.144197		0.143614		0.005448		0.142317		0.14419740		0		0.000000		-1.000000		0		0.000000
6002113	9	0.6		0.1278		0.004599		0.035984		0.126525		0.128505		0.127817		0.004599		0.126525		0.12850500		0		0.000000		-1.000000		0		0.000000
6002113	12	0.8		0.1136		0.004047		0.035611		0.112408		0.114359		0.113633		0.004046		0.112399		0.11435749		0		0.000000		-1.000000		0		0.000000
6002113	15	1		0.1018		0.003651		0.035869		0.100620		0.102507		0.101747		0.003649		0.100579		0.10248684		0		0.000000		-1.000000		0		0.000000
6002113	30	2		0.06672		0.002727		0.040865		0.065765		0.067419		0.065649		0.002619		0.064713		0.06636681		0		0.000000		-1.000000		0		0.000000
6002113	60	4		0.04343		0.002448		0.056375		0.042459		0.044142		0.037983		0.001802		0.037318		0.03854170		0		0.000000		-1.000000		0		0.000000
6002113	90	6		0.03557		0.002409		0.067740		0.034569		0.036308		0.026681		0.001379		0.026174		0.02711710		0		0.000000		-1.000000		0		0.000000
6002113	120	8		0.03178		0.002385		0.075065		0.030764		0.032531		0.020557		0.001115		0.020150		0.02091173		0		0.000000		-1.000000		0		0.000000
6002113	150	10		0.02957		0.002366		0.080020		0.028551		0.030332		0.016719		0.000934		0.016379		0.01701622		0		0.000000		-1.000000		0		0.000000
6002113	300	20		0.02535		0.002312		0.091208		0.024323		0.026123		0.008645		0.000515		0.008460		0.00880876		0		0.000000		-1.000000		0		0.000000
6002113	600	40		0.02335		0.002276		0.097435		0.022324		0.024128		0.004397		0.000270		0.004301		0.00448323		0		0.000000		-1.000000		0		0.000000
6002113	900	60		0.02271		0.002262		0.099603		0.021677		0.023481		0.002949		0.000183		0.002883		0.00300673		0		0.000000		-1.000000		0		0.000000
6002113	1.2e+03	80		0.02239		0.002254		0.100704		0.021357		0.023161		0.002218		0.000139		0.002168		0.00226182		0		0.000000		-1.000000		0		0.000000
6002113	1.5e+03	1e+02		0.0222		0.002250		0.101370		0.021167		0.022970		0.001777		0.000112		0.001738		0.00181272		0		0.000000		-1.000000		0		0.000000
6003113	1.5	0.01		0.1169		0.023827		0.203831		0.113816		0.119769		0.116894		0.023827		0.113816		0.11976889		0		0.000000		-1.000000		0		0.000000
6003113	3	0.02		0.1307		0.018954		0.145069		0.128006		0.132574		0.130655		0.018954		0.128006		0.13257364		0		0.000000		-1.000000		0		0.000000
6003113	6	0.04		0.1239		0.013959		0.112643		0.122298		0.124935		0.123925		0.013959		0.122298		0.12493468		0		0.000000		-1.000000		0		0.000000
6003113	9	0.06		0.1114		0.011412		0.102490		0.110245		0.112011		0.111351		0.011412		0.110245		0.11201131		0		0.000000		-1.000000		0		0.000000
6003113	12	0.08		0.09977		0.009780		0.098029		0.098928		0.100266		0.099767		0.009780		0.098928		0.10026582		0		0.000000		-1.000000		0		0.000000
6003113	15	0.1		0.08991		0.008606		0.095713		0.089223		0.090322		0.089911		0.008606		0.089223		0.09032200		0		0.000000		-1.000000		0		0.000000
6003113	30	0.2		0.05914		0.005473		0.092545		0.058761		0.059361		0.059141		0.005473		0.058761		0.05936131		0		0.000000		-1.000000		0		0.000000
6003113	60	0.4		0.03469		0.003205		0.092376		0.034538		0.034749		0.034694		0.003205		0.034538		0.03474851		0		0.000000		-1.000000		0		0.000000
6003113	90	0.6		0.02452		0.002274		0.092739		0.024454		0.024510		0.024520		0.002274		0.024454		0.02451004		0		0.000000		-1.000000		0		0.000000
6003113	120	0.8		0.01898		0.001766		0.093055		0.018957		0.018948		0.018982		0.001766		0.018955		0.01894752		0		0.000000		-1.000000		0		0.000000
6003113	150	1		0.01551		0.001447		0.093319		0.015504		0.015466		0.015505		0.001447		0.015496		0.01546309		0		0.000000		-1.000000		0		0.000000
6003113	300	2		0.008211		0.000783		0.095416		0.008246		0.008149		0.008143		0.000769		0.008153		0.00810953		0		0.000000		-1.000000		0		0.000000
6003113	600	4		0.004514		0.000534		0.118343		0.004576		0.004438		0.004189		0.000404		0.004198		0.00417181		0		0.000000		-1.000000		0		0.000000
6003113	900	6		0.003386		0.000501		0.148048		0.003451		0.003311		0.002820		0.000276		0.002827		0.00280876		0		0.000000		-1.000000		0		0.000000
6003113	1.2e+03	8		0.002868		0.000489		0.170401		0.002932		0.002796		0.002125		0.000210		0.002130		0.00211701		0		0.000000		-1.000000		0		0.000000
6003113	1.5e+03	10		0.002575		0.000480		0.186385		0.002638		0.002506		0.001705		0.000169		0.001709		0.00169863		0		0.000000		-1.000000		0		0.000000
6003113	3e+03	20		0.002039		0.000457		0.223956		0.002096		0.001976		0.000858		0.000086		0.000860		0.00085434		0		0.000000		-1.000000		0		0.000000
6003113	6e+03	40		0.001797		0.000441		0.245322		0.001851		0.001738		0.000430		0.000044		0.000431		0.00042843		0		0.000000		-1.000000		0		0.000000
6003113	9e+03	60		0.00172		0.000435		0.252786		0.001773		0.001663		0.000287		0.000029		0.000288		0.00028590		0		0.000000		-1.000000		0		0.000000
6003113	1.2e+04	80		0.001682		0.000432		0.256579		0.001735		0.001626		0.000215		0.000022		0.000216		0.00021453		0		0.000000		-1.000000		0		0.000000
6003113	1.5e+04	1e+02		0.00166		0.000430		0.258873		0.001713		0.001605		0.000172		0.000018		0.000173		0.00017167		0		0.000000		-1.000000		0		0.000000
