PDG	Ctau	CtauScaleFactor	Efficiency	StatError	RelativeStatError	PuUpEffic	PuDownEffic	TruncEffic	StatError	PuUpTrunEffic	PuDownTruncEffic	EfficiencyNeg	StatError	RelativeStatError	TrunEfficNeg	StatError
6001113	0.04	0.01		0.0001841		0.000066		0.359757		0.000177		0.000192		0.000184		0.000066		0.000177		0.00019222		0		0.000000		-1.000000		0		0.000000
6001113	0.08	0.02		0.00481		0.000930		0.193312		0.004697		0.004919		0.004810		0.000930		0.004697		0.00491858		0		0.000000		-1.000000		0		0.000000
6001113	0.16	0.04		0.03048		0.003296		0.108149		0.030183		0.030742		0.030475		0.003296		0.030183		0.03074170		0		0.000000		-1.000000		0		0.000000
6001113	0.24	0.06		0.06104		0.004828		0.079099		0.060516		0.061543		0.061037		0.004828		0.060516		0.06154348		0		0.000000		-1.000000		0		0.000000
6001113	0.32	0.08		0.08907		0.005699		0.063978		0.088242		0.089903		0.089072		0.005699		0.088242		0.08990255		0		0.000000		-1.000000		0		0.000000
6001113	0.4	0.1		0.1134		0.006193		0.054611		0.112284		0.114549		0.113411		0.006193		0.112284		0.11454935		0		0.000000		-1.000000		0		0.000000
6001113	0.8	0.2		0.1936		0.006711		0.034664		0.191601		0.195653		0.193602		0.006711		0.191601		0.19565312		0		0.000000		-1.000000		0		0.000000
6001113	1.6	0.4		0.2641		0.006177		0.023387		0.261317		0.267175		0.264116		0.006177		0.261317		0.26717488		0		0.000000		-1.000000		0		0.000000
6001113	2.4	0.6		0.2944		0.005765		0.019581		0.291104		0.298148		0.294383		0.005765		0.291090		0.29813199		0		0.000000		-1.000000		0		0.000000
6001113	3.2	0.8		0.3097		0.005565		0.017969		0.306159		0.313867		0.309537		0.005565		0.305986		0.31367437		0		0.000000		-1.000000		0		0.000000
6001113	4	1		0.3183		0.005540		0.017405		0.314604		0.322632		0.317502		0.005532		0.313865		0.32181064		0		0.000000		-1.000000		0		0.000000
6001113	8	2		0.3291		0.008379		0.025457		0.325261		0.333835		0.316319		0.006775		0.313086		0.32032254		0		0.000000		-1.000000		0		0.000000
6001113	16	4		0.3173		0.021438		0.067574		0.312931		0.322595		0.263888		0.008309		0.261534		0.26685679		0		0.000000		-1.000000		0		0.000000
6001113	24	6		0.3053		0.030410		0.099614		0.300738		0.310958		0.216322		0.007964		0.214483		0.21863876		0		0.000000		-1.000000		0		0.000000
6001113	32	8		0.2972		0.035747		0.120293		0.292531		0.303020		0.181284		0.007227		0.179776		0.18317704		0		0.000000		-1.000000		0		0.000000
6001113	40	10		0.2916		0.039149		0.134261		0.286904		0.297540		0.155404		0.006499		0.154126		0.15700271		0		0.000000		-1.000000		0		0.000000
6001113	80	20		0.2789		0.046196		0.165658		0.274107		0.284986		0.089735		0.004126		0.089012		0.09063269		0		0.000000		-1.000000		0		0.000000
6001113	160	40		0.2718		0.049734		0.183007		0.266985		0.277951		0.048358		0.002330		0.047971		0.04883506		0		0.000000		-1.000000		0		0.000000
6001113	240	60		0.2693		0.050901		0.189018		0.264513		0.275501		0.033068		0.001619		0.032804		0.03339305		0		0.000000		-1.000000		0		0.000000
6001113	320	80		0.268		0.051481		0.192066		0.263259		0.274257		0.025120		0.001239		0.024920		0.02536652		0		0.000000		-1.000000		0		0.000000
6001113	400	1e+02		0.2673		0.051827		0.193907		0.262501		0.273505		0.020251		0.001004		0.020090		0.02044976		0		0.000000		-1.000000		0		0.000000
6002113	0.4	0.01		0.1245		0.019201		0.154183		0.124554		0.125081		0.124531		0.019201		0.124554		0.12508115		0		0.000000		-1.000000		0		0.000000
6002113	0.8	0.02		0.1989		0.020059		0.100846		0.198252		0.201122		0.198904		0.020059		0.198252		0.20112197		0		0.000000		-1.000000		0		0.000000
6002113	1.6	0.04		0.2561		0.017010		0.066426		0.254765		0.258951		0.256082		0.017010		0.254765		0.25895145		0		0.000000		-1.000000		0		0.000000
6002113	2.4	0.06		0.2837		0.014799		0.052159		0.282086		0.286512		0.283718		0.014799		0.282086		0.28651194		0		0.000000		-1.000000		0		0.000000
6002113	3.2	0.08		0.2996		0.013305		0.044413		0.297774		0.302273		0.299578		0.013305		0.297774		0.30227345		0		0.000000		-1.000000		0		0.000000
6002113	4	0.1		0.3089		0.012214		0.039539		0.306975		0.311565		0.308904		0.012214		0.306975		0.31156487		0		0.000000		-1.000000		0		0.000000
6002113	8	0.2		0.3181		0.009203		0.028930		0.315774		0.320982		0.318118		0.009203		0.315774		0.32098180		0		0.000000		-1.000000		0		0.000000
6002113	16	0.4		0.2967		0.006902		0.023265		0.294152		0.299659		0.296688		0.006902		0.294152		0.29965871		0		0.000000		-1.000000		0		0.000000
6002113	24	0.6		0.2694		0.005907		0.021922		0.267024		0.272241		0.269447		0.005907		0.267025		0.27224122		0		0.000000		-1.000000		0		0.000000
6002113	32	0.8		0.244		0.005326		0.021826		0.241807		0.246575		0.244028		0.005326		0.241808		0.24657108		0		0.000000		-1.000000		0		0.000000
6002113	40	1		0.2218		0.004934		0.022248		0.219790		0.224078		0.221762		0.004932		0.219767		0.22404120		0		0.000000		-1.000000		0		0.000000
6002113	80	2		0.1509		0.004311		0.028562		0.149807		0.152229		0.149204		0.003948		0.148050		0.15049784		0		0.000000		-1.000000		0		0.000000
6002113	160	4		0.09908		0.005830		0.058842		0.098667		0.099609		0.089067		0.002983		0.088523		0.08964247		0		0.000000		-1.000000		0		0.000000
6002113	240	6		0.08059		0.006891		0.085512		0.080401		0.080867		0.063360		0.002357		0.063020		0.06370425		0		0.000000		-1.000000		0		0.000000
6002113	320	8		0.0715		0.007412		0.103665		0.071414		0.071669		0.049149		0.001935		0.048905		0.04938853		0		0.000000		-1.000000		0		0.000000
6002113	400	10		0.06617		0.007693		0.116262		0.066135		0.066277		0.040140		0.001636		0.039951		0.04032096		0		0.000000		-1.000000		0		0.000000
6002113	800	20		0.0559		0.008131		0.145445		0.055960		0.055908		0.020937		0.000916		0.020849		0.02101572		0		0.000000		-1.000000		0		0.000000
6002113	1.6e+03	40		0.05102		0.008268		0.162044		0.051114		0.050985		0.010698		0.000485		0.010656		0.01073370		0		0.000000		-1.000000		0		0.000000
6002113	2.4e+03	60		0.04944		0.008299		0.167870		0.049542		0.049388		0.007184		0.000330		0.007157		0.00720724		0		0.000000		-1.000000		0		0.000000
6002113	3.2e+03	80		0.04865		0.008312		0.170837		0.048764		0.048599		0.005408		0.000250		0.005387		0.00542490		0		0.000000		-1.000000		0		0.000000
6002113	4e+03	1e+02		0.04819		0.008319		0.172635		0.048300		0.048129		0.004336		0.000201		0.004320		0.00434931		0		0.000000		-1.000000		0		0.000000
6003113	4	0.01		0.364		0.040365		0.110894		0.363948		0.362748		0.363995		0.040365		0.363948		0.36274796		0		0.000000		-1.000000		0		0.000000
6003113	8	0.02		0.3526		0.028687		0.081365		0.350387		0.354810		0.352573		0.028687		0.350387		0.35481042		0		0.000000		-1.000000		0		0.000000
6003113	16	0.04		0.3218		0.020064		0.062357		0.317764		0.326044		0.321766		0.020064		0.317764		0.32604408		0		0.000000		-1.000000		0		0.000000
6003113	24	0.06		0.2904		0.016367		0.056356		0.286081		0.294956		0.290432		0.016367		0.286081		0.29495602		0		0.000000		-1.000000		0		0.000000
6003113	32	0.08		0.2622		0.014153		0.053971		0.257985		0.266585		0.262237		0.014153		0.257985		0.26658524		0		0.000000		-1.000000		0		0.000000
6003113	40	0.1		0.2379		0.012601		0.052966		0.233894		0.241975		0.237909		0.012601		0.233894		0.24197462		0		0.000000		-1.000000		0		0.000000
6003113	80	0.2		0.1595		0.008433		0.052865		0.156683		0.162335		0.159511		0.008433		0.156683		0.16233450		0		0.000000		-1.000000		0		0.000000
6003113	160	0.4		0.09496		0.005190		0.054658		0.093255		0.096647		0.094961		0.005190		0.093255		0.09664689		0		0.000000		-1.000000		0		0.000000
6003113	240	0.6		0.06747		0.003763		0.055778		0.066234		0.068690		0.067472		0.003763		0.066234		0.06869021		0		0.000000		-1.000000		0		0.000000
6003113	320	0.8		0.05232		0.002957		0.056510		0.051329		0.053295		0.052319		0.002957		0.051329		0.05329662		0		0.000000		-1.000000		0		0.000000
6003113	400	1		0.04275		0.002439		0.057054		0.041912		0.043575		0.042752		0.002439		0.041913		0.04358456		0		0.000000		-1.000000		0		0.000000
6003113	800	2		0.02243		0.001362		0.060728		0.021974		0.022888		0.022517		0.001328		0.022010		0.02302697		0		0.000000		-1.000000		0		0.000000
6003113	1.6e+03	4		0.01204		0.001045		0.086784		0.011862		0.012241		0.011685		0.000724		0.011394		0.01197681		0		0.000000		-1.000000		0		0.000000
6003113	2.4e+03	6		0.008934		0.000988		0.110589		0.008838		0.009055		0.007907		0.000504		0.007703		0.00810995		0		0.000000		-1.000000		0		0.000000
6003113	3.2e+03	8		0.007529		0.000948		0.125905		0.007468		0.007617		0.005977		0.000388		0.005820		0.00613275		0		0.000000		-1.000000		0		0.000000
6003113	4e+03	10		0.006745		0.000918		0.136046		0.006702		0.006816		0.004805		0.000316		0.004678		0.00493115		0		0.000000		-1.000000		0		0.000000
6003113	8e+03	20		0.005323		0.000841		0.158048		0.005309		0.005365		0.002427		0.000164		0.002361		0.00249138		0		0.000000		-1.000000		0		0.000000
6003113	1.6e+04	40		0.00469		0.000796		0.169690		0.004685		0.004720		0.001220		0.000084		0.001186		0.00125235		0		0.000000		-1.000000		0		0.000000
6003113	2.4e+04	60		0.00449		0.000780		0.173637		0.004489		0.004517		0.000815		0.000056		0.000792		0.00083640		0		0.000000		-1.000000		0		0.000000
6003113	3.2e+04	80		0.004392		0.000771		0.175620		0.004393		0.004418		0.000611		0.000042		0.000595		0.00062786		0		0.000000		-1.000000		0		0.000000
6003113	4e+04	1e+02		0.004335		0.000766		0.176813		0.004336		0.004359		0.000489		0.000034		0.000476		0.00050256		0		0.000000		-1.000000		0		0.000000
