PDG	Ctau	CtauScaleFactor	Efficiency	StatError	RelativeStatError	PuUpEffic	PuDownEffic	TruncEffic	StatError	EfficiencyNeg	StatError	RelativeStatError	TrunEfficNeg	StatError
6001113	0.015	0.01		2.77e-06		0.000003		1.195318		0.000003		0.000003		0.000006		0.00000468		0.0001811		0.000217		1.199059		0.0003623		0.000307
6001113	0.03	0.02		0.0005275		0.000526		0.996286		0.000520		0.000534		0.001055		0.00074284		0.003367		0.003395		1.008100		0.006735		0.004787
6001113	0.06	0.04		0.005626		0.003945		0.701228		0.005573		0.005674		0.011253		0.00555033		0.01097		0.008065		0.735495		0.02193		0.011287
6001113	0.09	0.06		0.01385		0.006122		0.442051		0.013928		0.013800		0.027699		0.00854700		0.01483		0.008682		0.585550		0.02965		0.012100
6001113	0.12	0.08		0.02411		0.006991		0.289957		0.024308		0.023981		0.048220		0.00967112		0.01603		0.008145		0.508130		0.03206		0.011335
6001113	0.15	0.1		0.03516		0.007346		0.208949		0.035391		0.035038		0.070315		0.01006612		0.01592		0.007340		0.460966		0.03184		0.010214
6001113	0.3	0.2		0.08286		0.007407		0.089395		0.083170		0.082774		0.165720		0.00970449		0.01186		0.004163		0.350967		0.02372		0.005817
6001113	0.6	0.4		0.137		0.006296		0.045962		0.137381		0.136714		0.273962		0.00771591		0.007113		0.001908		0.268230		0.01423		0.002679
6001113	0.9	0.6		0.1637		0.005582		0.034097		0.163897		0.163603		0.327393		0.00654911		0.005204		0.001186		0.227901		0.01041		0.001669
6001113	1.2	0.8		0.1778		0.005247		0.029513		0.177740		0.177913		0.355302		0.00598563		0.00419		0.000873		0.208286		0.008349		0.001229
6001113	1.5	1		0.1855		0.005222		0.028156		0.185189		0.185886		0.369841		0.00585036		0.003597		0.000720		0.200141		0.007061		0.001006
6001113	3	2		0.1913		0.009917		0.051842		0.190204		0.192585		0.365296		0.00989312		0.003346		0.001629		0.486841		0.005089		0.001666
6001113	6	4		0.174		0.023421		0.134638		0.173548		0.174681		0.280692		0.02074414		0.004203		0.003371		0.802168		0.004565		0.003031
6001113	9	6		0.1621		0.029857		0.184164		0.162361		0.162228		0.217279		0.02313537		0.004438		0.003876		0.873403		0.003914		0.002982
6001113	12	8		0.1551		0.033033		0.212922		0.155764		0.154881		0.175585		0.02227387		0.004504		0.004067		0.902857		0.003341		0.002685
6001113	15	10		0.1507		0.034849		0.231279		0.151535		0.150181		0.146879		0.02062402		0.004523		0.004157		0.918918		0.002889		0.002387
6001113	30	20		0.1413		0.038147		0.270047		0.142591		0.140285		0.080260		0.01368032		0.004511		0.004277		0.948061		0.001686		0.001462
6001113	60	40		0.1364		0.039583		0.290253		0.137934		0.135161		0.041942		0.00783678		0.00448		0.004307		0.961394		0.0009097		0.000805
6001113	90	60		0.1347		0.040025		0.297084		0.136361		0.133436		0.028375		0.00546234		0.004466		0.004313		0.965683		0.0006219		0.000554
6001113	120	80		0.1339		0.040239		0.300516		0.135572		0.132571		0.021438		0.00418831		0.004458		0.004314		0.967800		0.0004723		0.000422
6001113	150	1e+02		0.1334		0.040365		0.302579		0.135097		0.132052		0.017226		0.00339520		0.004453		0.004315		0.969062		0.0003807		0.000341
6002113	0.15	0.01		0.00438		0.004288		0.978988		0.005106		0.003914		0.008759		0.00605001		1.786e-23		0.000000		1.211603		3.572e-23		0.000000
6002113	0.3	0.02		0.04902		0.030910		0.630512		0.057158		0.043022		0.098046		0.04272454		2.062e-12		0.000000		1.077366		4.125e-12		0.000000
6002113	0.6	0.04		0.1416		0.047199		0.333297		0.153161		0.131451		0.283227		0.06082740		4.257e-07		0.000000		0.868756		8.514e-07		0.000001
6002113	0.9	0.06		0.1788		0.041012		0.229361		0.186204		0.171305		0.357622		0.04960112		1.95e-05		0.000015		0.761457		3.901e-05		0.000021
6002113	1.2	0.08		0.193		0.033973		0.176022		0.197220		0.187933		0.386010		0.03944097		0.0001151		0.000081		0.703820		0.0002303		0.000115
6002113	1.5	0.1		0.1988		0.028402		0.142872		0.201063		0.195348		0.397586		0.03217991		0.0003052		0.000204		0.669893		0.0006105		0.000289
6002113	3	0.2		0.1997		0.015141		0.075809		0.198868		0.199679		0.399454		0.01662044		0.001353		0.000814		0.601279		0.002706		0.001149
6002113	6	0.4		0.1796		0.008189		0.045595		0.177859		0.181282		0.359194		0.00918249		0.001564		0.000834		0.533212		0.003129		0.001178
6002113	9	0.6		0.1593		0.005929		0.037218		0.157667		0.161132		0.318582		0.00686285		0.001284		0.000617		0.481014		0.002567		0.000872
6002113	12	0.8		0.1425		0.004869		0.034174		0.141111		0.144097		0.284865		0.00579325		0.001062		0.000470		0.442520		0.002124		0.000664
6002113	15	1		0.1285		0.004321		0.033616		0.127479		0.129877		0.256766		0.00525749		0.0009053		0.000383		0.423205		0.001808		0.000541
6002113	30	2		0.08738		0.004204		0.048107		0.087213		0.087657		0.168258		0.00525885		0.0005269		0.000249		0.471739		0.001015		0.000338
6002113	60	4		0.06154		0.005073		0.082437		0.061725		0.061344		0.098728		0.00544957		0.0003242		0.000182		0.562824		0.0005201		0.000207
6002113	90	6		0.05323		0.005372		0.100912		0.053475		0.052952		0.070096		0.00478218		0.0002636		0.000158		0.599371		0.0003471		0.000147
6002113	120	8		0.04927		0.005497		0.111556		0.049531		0.048965		0.054411		0.00412366		0.0002356		0.000146		0.618178		0.0002602		0.000114
6002113	150	10		0.04697		0.005561		0.118387		0.047237		0.046654		0.044485		0.00358829		0.0002197		0.000138		0.629557		0.000208		0.000093
6002113	300	20		0.04257		0.005662		0.133020		0.042835		0.042233		0.023295		0.00212365		0.0001897		0.000124		0.652403		0.0001038		0.000048
6002113	600	40		0.04047		0.005698		0.140807		0.040735		0.040131		0.011938		0.00115536		0.0001758		0.000117		0.663820		5.187e-05		0.000024
6002113	900	60		0.03978		0.005708		0.143469		0.040050		0.039447		0.008026		0.00079223		0.0001713		0.000114		0.667619		3.457e-05		0.000016
6002113	1200	80		0.03945		0.005712		0.144813		0.039711		0.039109		0.006046		0.00060260		0.0001691		0.000113		0.669517		2.592e-05		0.000012
6002113	1500	1e+02		0.03924		0.005715		0.145623		0.039508		0.038906		0.004849		0.00048617		0.0001678		0.000113		0.670655		2.073e-05		0.000010
6003113	1.5	0.01		0.002619		0.002368		0.903823		0.002507		0.002888		0.005239		0.00334475		0		-1.000000		-1.000000		0		-1.000000
6003113	3	0.02		0.04657		0.030249		0.649587		0.043307		0.052434		0.093131		0.04191389		0		-1.000000		-1.000000		0		-1.000000
6003113	6	0.04		0.1154		0.042581		0.368851		0.106921		0.127976		0.230884		0.05440889		0		-1.000000		-1.000000		0		-1.000000
6003113	9	0.06		0.1211		0.034645		0.286042		0.112407		0.133361		0.242239		0.04284747		0		-1.000000		-1.000000		0		-1.000000
6003113	12	0.08		0.1134		0.027704		0.244326		0.105776		0.123949		0.226775		0.03430457		0		-1.000000		-1.000000		0		-1.000000
6003113	15	0.1		0.1039		0.022494		0.216560		0.097569		0.112563		0.207737		0.02813237		0		-1.000000		-1.000000		0		-1.000000
6003113	30	0.2		0.06992		0.010300		0.147308		0.067450		0.073272		0.139848		0.01345632		0		-1.000000		-1.000000		0		-1.000000
6003113	60	0.4		0.04255		0.004452		0.104618		0.041611		0.043773		0.085108		0.00601477		0		-1.000000		-1.000000		0		-1.000000
6003113	90	0.6		0.03088		0.002797		0.090579		0.030294		0.031650		0.061760		0.00383003		0		-1.000000		-1.000000		0		-1.000000
6003113	120	0.8		0.02436		0.002059		0.084509		0.023940		0.024946		0.048685		0.00283930		0		-1.000000		-1.000000		0		-1.000000
6003113	150	1		0.0202		0.001669		0.082649		0.019889		0.020666		0.040255		0.00230860		0		-1.000000		-1.000000		0		-1.000000
6003113	300	2		0.01118		0.001416		0.126658		0.011195		0.011387		0.021193		0.00173274		0		-1.000000		-1.000000		0		-1.000000
6003113	600	4		0.006498		0.001675		0.257701		0.006610		0.006614		0.010035		0.00162184		0		-1.000000		-1.000000		0		-1.000000
6003113	900	6		0.005109		0.001666		0.326085		0.005223		0.005208		0.006376		0.00133009		0		-1.000000		-1.000000		0		-1.000000
6003113	1200	8		0.00448		0.001629		0.363663		0.004590		0.004572		0.004640		0.00109421		0		-1.000000		-1.000000		0		-1.000000
6003113	1500	10		0.004127		0.001597		0.386983		0.004233		0.004214		0.003640		0.00092137		0		-1.000000		-1.000000		0		-1.000000
6003113	3000	20		0.003478		0.001512		0.434760		0.003575		0.003558		0.001744		0.00050529		0		-1.000000		-1.000000		0		-1.000000
6003113	6000	40		0.003183		0.001461		0.458956		0.003275		0.003259		0.000853		0.00026328		0		-1.000000		-1.000000		0		-1.000000
6003113	9000	60		0.003089		0.001443		0.467035		0.003179		0.003164		0.000564		0.00017782		0		-1.000000		-1.000000		0		-1.000000
6003113	12000	80		0.003043		0.001434		0.471075		0.003132		0.003117		0.000421		0.00013422		0		-1.000000		-1.000000		0		-1.000000
6003113	15000	1e+02		0.003016		0.001428		0.473499		0.003104		0.003089		0.000336		0.00010778		0		-1.000000		-1.000000		0		-1.000000
