PDG	Ctau	CtauScaleFactor	Efficiency	StatError	RelativeStatError	PuUpEffic	PuDownEffic	TruncEffic	StatError	PuUpTrunEffic	PuDownTruncEffic	EfficiencyNeg	StatError	RelativeStatError	TrunEfficNeg	StatError
6001113	0.1	0.01		0.04262		0.031913		0.748765		0.045152		0.040062		0.042621		0.022566		0.045152		0.04006160		0.0004636		0.000504		1.086623		0.0004636		0.000356
6001113	0.2	0.02		0.1591		0.082815		0.520372		0.161686		0.155033		0.159146		0.058559		0.161686		0.15503310		0.01045		0.009480		0.907208		0.01045		0.006703
6001113	0.4	0.04		0.2732		0.080561		0.294856		0.274545		0.269799		0.273222		0.056965		0.274545		0.26979883		0.03473		0.023954		0.689724		0.03473		0.016938
6001113	0.6	0.06		0.3304		0.063510		0.192238		0.332194		0.326888		0.330371		0.044908		0.332194		0.32688785		0.04273		0.024469		0.572657		0.04273		0.017302
6001113	0.8	0.08		0.3728		0.051750		0.138829		0.374822		0.369493		0.372761		0.036593		0.374822		0.36949271		0.04323		0.021667		0.501218		0.04323		0.015321
6001113	1	0.1		0.4071		0.043618		0.107150		0.409007		0.404339		0.407079		0.030843		0.409007		0.40433940		0.04131		0.018622		0.450820		0.04131		0.013168
6001113	2	0.2		0.5091		0.024470		0.048065		0.509774		0.508501		0.509107		0.017303		0.509774		0.50850131		0.03156		0.009434		0.298946		0.03156		0.006671
6001113	4	0.4		0.5761		0.013853		0.024046		0.575301		0.577197		0.576096		0.009795		0.575301		0.57719724		0.02476		0.004545		0.183575		0.02476		0.003214
6001113	6	0.6		0.5917		0.010473		0.017699		0.590088		0.593677		0.591688		0.007405		0.590060		0.59364822		0.02185		0.003200		0.146447		0.02185		0.002263
6001113	8	0.8		0.5944		0.009114		0.015333		0.592418		0.596722		0.594066		0.006445		0.592068		0.59639158		0.01971		0.002619		0.132867		0.01968		0.001852
6001113	10	1		0.5932		0.008734		0.014723		0.591206		0.595640		0.591718		0.006172		0.589636		0.59419817		0.01794		0.002320		0.129326		0.01782		0.001637
6001113	20	2		0.5835		0.018893		0.032377		0.584363		0.584067		0.553153		0.011323		0.552605		0.55512934		0.01293		0.002953		0.228454		0.01184		0.001714
6001113	40	4		0.5846		0.052121		0.089150		0.590771		0.580750		0.449339		0.025516		0.451522		0.44936559		0.009764		0.004531		0.464066		0.0071		0.002174
6001113	60	6		0.5889		0.070094		0.119030		0.597012		0.583089		0.366758		0.029119		0.369535		0.36602894		0.008647		0.004859		0.561973		0.005089		0.001983
6001113	80	8		0.5918		0.080036		0.135235		0.600893		0.585136		0.307065		0.028475		0.309814		0.30610778		0.008087		0.004939		0.610695		0.003967		0.001727
6001113	100	10		0.5939		0.086218		0.145183		0.603435		0.586646		0.263187		0.026662		0.265756		0.26218368		0.007753		0.004957		0.639385		0.003252		0.001506
6001113	200	20		0.5984		0.098894		0.165252		0.608925		0.590280		0.152060		0.018174		0.153778		0.15126919		0.007094		0.004929		0.694882		0.00171		0.000890
6001113	400	40		0.601		0.105313		0.175238		0.611841		0.592385		0.082002		0.010582		0.082987		0.08152008		0.00677		0.004884		0.721463		0.0008776		0.000482
6001113	600	60		0.6018		0.107456		0.178544		0.612834		0.593127		0.056091		0.007419		0.056777		0.05574904		0.006664		0.004865		0.730128		0.0005903		0.000330
6001113	800	80		0.6023		0.108528		0.180192		0.613334		0.593505		0.042617		0.005706		0.043142		0.04235173		0.00661		0.004855		0.734423		0.0004447		0.000251
6001113	1e+03	1e+02		0.6026		0.109170		0.181178		0.613635		0.593735		0.034360		0.004634		0.034786		0.03414425		0.006579		0.004848		0.736987		0.0003567		0.000202
6002113	1	0.01		0.1256		0.122993		0.979154		0.155985		0.105266		0.125611		0.086969		0.155985		0.10526643		4.04e-12		0.000000		1.304355		4.04e-12		0.000000
6002113	2	0.02		0.3883		0.208481		0.536954		0.421896		0.366224		0.388265		0.147418		0.421896		0.36622442		1.239e-06		0.000001		1.020544		1.239e-06		0.000001
6002113	4	0.04		0.5709		0.124066		0.217303		0.585066		0.565476		0.570934		0.087728		0.585066		0.56547579		0.0004273		0.000310		0.724729		0.0004273		0.000219
6002113	6	0.06		0.6144		0.079934		0.130095		0.621265		0.613734		0.614428		0.056522		0.621265		0.61373374		0.002411		0.001453		0.602840		0.002411		0.001028
6002113	8	0.08		0.6207		0.058079		0.093569		0.623447		0.622618		0.620705		0.041068		0.623447		0.62261826		0.005167		0.002753		0.532834		0.005167		0.001947
6002113	10	0.1		0.6142		0.045655		0.074338		0.614357		0.617732		0.614161		0.032283		0.614357		0.61773242		0.007707		0.003726		0.483535		0.007707		0.002635
6002113	20	0.2		0.5622		0.023586		0.041954		0.558561		0.567796		0.562175		0.016678		0.558561		0.56779644		0.01325		0.004697		0.354481		0.01325		0.003321
6002113	40	0.4		0.4957		0.013500		0.027232		0.491141		0.501331		0.495731		0.009546		0.491141		0.50133080		0.01228		0.003227		0.262855		0.01228		0.002282
6002113	60	0.6		0.4449		0.010339		0.023237		0.440468		0.450057		0.444935		0.007311		0.440465		0.45005429		0.009829		0.002264		0.230392		0.009829		0.001601
6002113	80	0.8		0.4014		0.008978		0.022368		0.397300		0.405958		0.401374		0.006348		0.397283		0.40592940		0.007824		0.001712		0.218787		0.007824		0.001210
6002113	100	1		0.3635		0.008372		0.023028		0.359778		0.367669		0.363479		0.005915		0.359743		0.36755870		0.00631		0.001358		0.215135		0.006309		0.000960
6002113	200	2		0.2352		0.010156		0.043186		0.231221		0.239501		0.232754		0.006685		0.229448		0.23631100		0.002735		0.000604		0.220746		0.002706		0.000422
6002113	400	4		0.1404		0.013840		0.098558		0.135711		0.145539		0.123713		0.007797		0.120570		0.12712935		0.001165		0.000283		0.242613		0.001027		0.000174
6002113	600	6		0.1101		0.014168		0.128708		0.105459		0.115052		0.082397		0.006871		0.079788		0.08522015		0.0007939		0.000205		0.257673		0.0005943		0.000106
6002113	800	8		0.09614		0.013996		0.145586		0.091666		0.100918		0.061504		0.005866		0.059339		0.06383790		0.0006427		0.000172		0.267006		0.0004112		0.000076
6002113	1e+03	10		0.08826		0.013784		0.156173		0.083916		0.092897		0.049000		0.005052		0.047167		0.05097166		0.0005627		0.000154		0.273156		0.0003124		0.000059
6002113	2e+03	20		0.07375		0.013139		0.178154		0.069709		0.078019		0.024236		0.002901		0.023217		0.02532408		0.0004258		0.000122		0.286578		0.0001399		0.000028
6002113	4e+03	40		0.06714		0.012720		0.189449		0.063276		0.071200		0.012039		0.001547		0.011504		0.01260764		0.0003681		0.000108		0.293784		6.6e-05		0.000014
6002113	6e+03	60		0.06504		0.012568		0.193247		0.061233		0.069022		0.008008		0.001053		0.007645		0.00839180		0.0003503		0.000104		0.296249		4.313e-05		0.000009
6002113	8e+03	80		0.064		0.012490		0.195152		0.060230		0.067950		0.005999		0.000798		0.005725		0.00628871		0.0003417		0.000102		0.297493		3.203e-05		0.000007
6002113	1e+04	1e+02		0.06339		0.012443		0.196296		0.059634		0.067313		0.004795		0.000642		0.004575		0.00502846		0.0003366		0.000100		0.298243		2.547e-05		0.000005
6003113	10	0.01		0.236		0.201799		0.855055		0.226186		0.245103		0.236007		0.142693		0.226186		0.24510267		0.0006859		0.000772		1.125277		0.0006859		0.000546
6003113	20	0.02		0.2638		0.151954		0.576038		0.242457		0.285615		0.263791		0.107447		0.242457		0.28561504		0.006576		0.006943		1.055684		0.006576		0.004909
6003113	40	0.04		0.2948		0.092309		0.313100		0.270479		0.321745		0.294821		0.065272		0.270479		0.32174503		0.01141		0.011518		1.009572		0.01141		0.008144
6003113	60	0.06		0.2976		0.067268		0.226040		0.278256		0.319592		0.297593		0.047566		0.278256		0.31959195		0.01006		0.010063		1.000639		0.01006		0.007116
6003113	80	0.08		0.2886		0.052772		0.182883		0.274572		0.304773		0.288558		0.037316		0.274572		0.30477298		0.008052		0.008040		0.998431		0.008052		0.005685
6003113	100	0.1		0.2754		0.043084		0.156423		0.265583		0.287039		0.275432		0.030465		0.265583		0.28703900		0.006376		0.006363		0.997939		0.006376		0.004499
6003113	200	0.2		0.2104		0.021642		0.102854		0.208362		0.212992		0.210410		0.015303		0.208362		0.21299176		0.00242		0.002417		0.998757		0.00242		0.001709
6003113	400	0.4		0.1349		0.010617		0.078715		0.134321		0.135545		0.134876		0.007507		0.134321		0.13554504		0.0007476		0.000747		0.999625		0.0007476		0.000528
6003113	600	0.6		0.09653		0.006938		0.071871		0.096278		0.096843		0.096526		0.004906		0.096275		0.09684103		0.0003584		0.000358		0.999860		0.0003584		0.000253
6003113	800	0.8		0.07456		0.005147		0.069036		0.074456		0.074730		0.074537		0.003639		0.074425		0.07471281		0.0002099		0.000210		0.999958		0.0002098		0.000148
6003113	1e+03	1		0.06071		0.004179		0.068839		0.060688		0.060840		0.060647		0.002953		0.060585		0.06079509		0.0001377		0.000138		1.000017		0.0001377		0.000097
6003113	2e+03	2		0.02803		0.003990		0.142338		0.028895		0.028230		0.029241		0.002645		0.029527		0.02955064		3.222e-05		0.000032		1.005466		3.409e-05		0.000024
6003113	4e+03	4		0.007281		0.003612		0.496023		0.008584		0.007173		0.008319		0.003186		0.008990		0.00846660		4.542e-06		0.000005		1.104849		5.503e-06		0.000004
6003113	6e+03	6		0.003698		0.002272		0.614350		0.004767		0.003510		0.003697		0.001929		0.004223		0.00371859		1.749e-06		0.000002		1.157704		1.912e-06		0.000002
6003113	8e+03	8		0.002585		0.001713		0.662642		0.003513		0.002389		0.002199		0.001280		0.002602		0.00218537		1.047e-06		0.000001		1.180651		9.916e-07		0.000001
6003113	1e+04	10		0.00208		0.001432		0.688451		0.002924		0.001887		0.001521		0.000935		0.001844		0.00149859		7.627e-07		0.000001		1.192962		6.293e-07		0.000001
6003113	2e+04	20		0.001346		0.000988		0.734214		0.002030		0.001168		0.000566		0.000380		0.000723		0.00054429		3.99e-07		0.000000		1.214390		1.946e-07		0.000000
6003113	4e+04	40		0.001084		0.000818		0.754749		0.001696		0.000917		0.000244		0.000169		0.000321		0.00023117		2.869e-07		0.000000		1.223647		7.602e-08		0.000000
6003113	6e+04	60		0.001009		0.000768		0.761315		0.001598		0.000846		0.000155		0.000109		0.000205		0.00014592		2.569e-07		0.000000		1.226539		4.664e-08		0.000000
6003113	8e+04	80		0.0009732		0.000744		0.764552		0.001551		0.000813		0.000113		0.000080		0.000151		0.00010649		2.43e-07		0.000000		1.227950		3.356e-08		0.000000
6003113	1e+05	1e+02		0.0009525		0.000730		0.766479		0.001524		0.000794		0.000089		0.000063		0.000119		0.00008380		2.351e-07		0.000000		1.228786		2.618e-08		0.000000
