PDG	Ctau	CtauScaleFactor	Efficiency	StatError	RelativeStatError	PuUpEffic	PuDownEffic	TruncEffic	StatError	PuUpTrunEffic	PuDownTruncEffic	EfficiencyNeg	StatError	RelativeStatError	TrunEfficNeg	StatError
6001113	0.015	0.01		7.321e-10		0.000000		1.157762		0.000000		0.000000		0.000000		0.000000		0.000000		0.00000000		0		0.000000		-1.000000		0		0.000000
6001113	0.03	0.02		9.135e-06		0.000008		0.844946		0.000008		0.000012		0.000009		0.000005		0.000008		0.00001194		0		0.000000		-1.000000		0		0.000000
6001113	0.06	0.04		0.001175		0.000526		0.447463		0.001159		0.001270		0.001175		0.000372		0.001159		0.00126996		0		0.000000		-1.000000		0		0.000000
6001113	0.09	0.06		0.00741		0.002113		0.285159		0.007359		0.007664		0.007410		0.001494		0.007359		0.00766367		0		0.000000		-1.000000		0		0.000000
6001113	0.12	0.08		0.01946		0.004218		0.216730		0.019165		0.020030		0.019463		0.002983		0.019165		0.02002971		0		0.000000		-1.000000		0		0.000000
6001113	0.15	0.1		0.03486		0.006187		0.177479		0.034152		0.035864		0.034863		0.004375		0.034152		0.03586437		0		0.000000		-1.000000		0		0.000000
6001113	0.3	0.2		0.1116		0.010268		0.092030		0.109489		0.113722		0.111568		0.007260		0.109489		0.11372240		0		0.000000		-1.000000		0		0.000000
6001113	0.6	0.4		0.207		0.009575		0.046252		0.204928		0.208902		0.207028		0.006771		0.204928		0.20890189		0		0.000000		-1.000000		0		0.000000
6001113	0.9	0.6		0.2564		0.008494		0.033128		0.254583		0.257999		0.256373		0.006006		0.254566		0.25798197		0		0.000000		-1.000000		0		0.000000
6001113	1.2	0.8		0.2833		0.007933		0.028001		0.281761		0.284761		0.283083		0.005609		0.281534		0.28453917		0		0.000000		-1.000000		0		0.000000
6001113	1.5	1		0.2984		0.007853		0.026316		0.297015		0.299853		0.297432		0.005545		0.296005		0.29887433		0		0.000000		-1.000000		0		0.000000
6001113	3	2		0.3119		0.015098		0.048404		0.310809		0.313509		0.296269		0.009207		0.294649		0.29823633		0		0.000000		-1.000000		0		0.000000
6001113	6	4		0.2862		0.037567		0.131278		0.286918		0.286349		0.227264		0.018298		0.226344		0.22873790		0		0.000000		-1.000000		0		0.000000
6001113	9	6		0.2682		0.048691		0.181565		0.270096		0.267284		0.175966		0.020125		0.175638		0.17682096		0		0.000000		-1.000000		0		0.000000
6001113	12	8		0.2575		0.054303		0.210879		0.260077		0.256002		0.142282		0.019275		0.142243		0.14278704		0		0.000000		-1.000000		0		0.000000
6001113	15	10		0.2507		0.057558		0.229625		0.253622		0.248771		0.119084		0.017802		0.119184		0.11939147		0		0.000000		-1.000000		0		0.000000
6001113	30	20		0.2362		0.063596		0.269286		0.239895		0.233500		0.065171		0.011764		0.065397		0.06518581		0		0.000000		-1.000000		0		0.000000
6001113	60	40		0.2286		0.066295		0.289991		0.232707		0.225568		0.034091		0.006731		0.034261		0.03405147		0		0.000000		-1.000000		0		0.000000
6001113	90	60		0.2261		0.067139		0.296995		0.230274		0.222893		0.023072		0.004690		0.023199		0.02303401		0		0.000000		-1.000000		0		0.000000
6001113	120	80		0.2248		0.067550		0.300514		0.229052		0.221552		0.017435		0.003595		0.017536		0.01740169		0		0.000000		-1.000000		0		0.000000
6001113	150	1e+02		0.224		0.067792		0.302630		0.228316		0.220745		0.014011		0.002914		0.014094		0.01398224		0		0.000000		-1.000000		0		0.000000
6002113	0.15	0.01		0.00871		0.008532		0.979626		0.010158		0.007782		0.008710		0.006033		0.010158		0.00778248		1.626e-16		0.000000		1.212764		1.626e-16		0.000000
6002113	0.3	0.02		0.09277		0.058528		0.630892		0.108470		0.081197		0.092770		0.041385		0.108470		0.08119710		5.177e-09		0.000000		1.110886		5.177e-09		0.000000
6002113	0.6	0.04		0.2478		0.080272		0.323874		0.268827		0.229159		0.247849		0.056761		0.268827		0.22915853		1.531e-05		0.000016		1.031203		1.531e-05		0.000011
6002113	0.9	0.06		0.3045		0.065670		0.215650		0.317584		0.290856		0.304522		0.046436		0.317584		0.29085629		0.0001544		0.000156		1.013367		0.0001544		0.000111
6002113	1.2	0.08		0.3264		0.052731		0.161536		0.333759		0.317169		0.326434		0.037286		0.333759		0.31716936		0.0004119		0.000415		1.007020		0.0004119		0.000293
6002113	1.5	0.1		0.3364		0.043360		0.128912		0.340254		0.329989		0.336351		0.030660		0.340254		0.32998938		0.0006668		0.000669		1.003993		0.0006668		0.000473
6002113	3	0.2		0.3417		0.022740		0.066552		0.340432		0.341157		0.341690		0.016080		0.340432		0.34115737		0.001037		0.001037		1.000119		0.001037		0.000733
6002113	6	0.4		0.309		0.012587		0.040738		0.306461		0.311343		0.308979		0.008900		0.306461		0.31134310		0.0006314		0.000631		0.999719		0.0006314		0.000446
6002113	9	0.6		0.2757		0.009353		0.033929		0.273233		0.278498		0.275661		0.006614		0.273229		0.27849505		0.0003778		0.000378		0.999826		0.0003778		0.000267
6002113	12	0.8		0.2484		0.007863		0.031656		0.246262		0.251076		0.248325		0.005558		0.246202		0.25102468		0.0002476		0.000248		0.999909		0.0002476		0.000175
6002113	15	1		0.2258		0.007132		0.031590		0.224029		0.228105		0.225489		0.005036		0.223738		0.22783805		0.0001745		0.000174		0.999970		0.0001743		0.000123
6002113	30	2		0.1574		0.007476		0.047482		0.157051		0.158158		0.151586		0.005051		0.151127		0.15232495		5.755e-05		0.000058		1.000327		5.541e-05		0.000039
6002113	60	4		0.113		0.009372		0.082906		0.113246		0.112906		0.090675		0.005256		0.090752		0.09060897		2.361e-05		0.000024		1.001407		1.894e-05		0.000013
6002113	90	6		0.09848		0.010026		0.101799		0.098796		0.098176		0.064840		0.004623		0.064975		0.06466456		1.646e-05		0.000016		1.002213		1.084e-05		0.000008
6002113	120	8		0.09149		0.010307		0.112659		0.091837		0.091122		0.050516		0.003992		0.050649		0.05033032		1.358e-05		0.000014		1.002745		7.495e-06		0.000005
6002113	150	10		0.08741		0.010456		0.119619		0.087773		0.087015		0.041392		0.003476		0.041514		0.04121659		1.205e-05		0.000012		1.003112		5.704e-06		0.000004
6002113	300	20		0.07957		0.010702		0.134509		0.079940		0.079124		0.021772		0.002061		0.021848		0.02165609		9.407e-06		0.000009		1.003962		2.574e-06		0.000002
6002113	600	40		0.07581		0.010797		0.142422		0.076186		0.075354		0.011182		0.001122		0.011224		0.01111706		8.278e-06		0.000008		1.004450		1.221e-06		0.000001
6002113	900	60		0.07458		0.010824		0.145126		0.074959		0.074125		0.007524		0.000770		0.007553		0.00747855		7.928e-06		0.000008		1.004622		7.997e-07		0.000001
6002113	1.2e+03	80		0.07398		0.010837		0.146491		0.074351		0.073515		0.005669		0.000586		0.005691		0.00563454		7.758e-06		0.000008		1.004710		5.945e-07		0.000000
6002113	1.5e+03	1e+02		0.07361		0.010844		0.147313		0.073988		0.073151		0.004548		0.000472		0.004566		0.00452005		7.657e-06		0.000008		1.004764		4.731e-07		0.000000
6003113	1.5	0.01		0.005026		0.004610		0.917235		0.004811		0.005549		0.005026		0.003260		0.004811		0.00554855		0		0.000000		-1.000000		0		0.000000
6003113	3	0.02		0.08099		0.054322		0.670727		0.075396		0.091450		0.080990		0.038412		0.075396		0.09145046		0		0.000000		-1.000000		0		0.000000
6003113	6	0.04		0.1825		0.070031		0.383815		0.169516		0.203167		0.182461		0.049520		0.169516		0.20316666		0		0.000000		-1.000000		0		0.000000
6003113	9	0.06		0.1867		0.055557		0.297515		0.174179		0.206507		0.186738		0.039285		0.174179		0.20650723		0		0.000000		-1.000000		0		0.000000
6003113	12	0.08		0.174		0.044163		0.253801		0.163393		0.190897		0.174006		0.031228		0.163393		0.19089694		0		0.000000		-1.000000		0		0.000000
6003113	15	0.1		0.1598		0.035891		0.224543		0.151301		0.173681		0.159841		0.025379		0.151301		0.17368077		0		0.000000		-1.000000		0		0.000000
6003113	30	0.2		0.1125		0.016817		0.149545		0.109381		0.117837		0.112454		0.011891		0.109381		0.11783749		0		0.000000		-1.000000		0		0.000000
6003113	60	0.4		0.07262		0.007674		0.105683		0.071319		0.074755		0.072617		0.005427		0.071319		0.07475544		0		0.000000		-1.000000		0		0.000000
6003113	90	0.6		0.05398		0.004999		0.092600		0.053055		0.055433		0.053979		0.003535		0.053050		0.05542820		0		0.000000		-1.000000		0		0.000000
6003113	120	0.8		0.04308		0.003758		0.087227		0.042360		0.044220		0.043036		0.002657		0.042318		0.04417722		0		0.000000		-1.000000		0		0.000000
6003113	150	1		0.0359		0.003083		0.085874		0.035368		0.036830		0.035762		0.002176		0.035232		0.03668864		0		0.000000		-1.000000		0		0.000000
6003113	300	2		0.01993		0.002659		0.133460		0.020015		0.020296		0.018783		0.001620		0.018920		0.01909685		0		0.000000		-1.000000		0		0.000000
6003113	600	4		0.0116		0.003201		0.276002		0.011884		0.011767		0.008827		0.001525		0.009167		0.00886759		0		0.000000		-1.000000		0		0.000000
6003113	900	6		0.009141		0.003198		0.349884		0.009426		0.009277		0.005598		0.001255		0.005890		0.00559641		0		0.000000		-1.000000		0		0.000000
6003113	1.2e+03	8		0.00803		0.003134		0.390256		0.008303		0.008154		0.004072		0.001034		0.004313		0.00406081		0		0.000000		-1.000000		0		0.000000
6003113	1.5e+03	10		0.007406		0.003075		0.415220		0.007669		0.007524		0.003194		0.000871		0.003396		0.00317993		0		0.000000		-1.000000		0		0.000000
6003113	3e+03	20		0.00626		0.002918		0.466129		0.006499		0.006367		0.001531		0.000479		0.001640		0.00151919		0		0.000000		-1.000000		0		0.000000
6003113	6e+03	40		0.005739		0.002822		0.491780		0.005964		0.005841		0.000748		0.000250		0.000805		0.00074174		0		0.000000		-1.000000		0		0.000000
6003113	9e+03	60		0.005573		0.002788		0.500324		0.005793		0.005673		0.000495		0.000169		0.000533		0.00049054		0		0.000000		-1.000000		0		0.000000
6003113	1.2e+04	80		0.005492		0.002771		0.504592		0.005709		0.005591		0.000370		0.000127		0.000399		0.00036643		0		0.000000		-1.000000		0		0.000000
6003113	1.5e+04	1e+02		0.005443		0.002760		0.507151		0.005659		0.005542		0.000295		0.000102		0.000318		0.00029243		0		0.000000		-1.000000		0		0.000000
