2.320058e-06 1.101069e+09 6003113 1.128175e+09 6003113
2.156738e-07 1.099821e+09 6003113 1.091864e+09 6003113
7.75449e-07 1.099875e+09 6003113 1.107927e+09 6003113
7.025794e-07 1.097945e+09 6003113 1.068527e+09 6003113
1.972422e-06 1.043921e+09 6002113 1.086089e+09 6002113
1.607978e-06 1.100191e+09 6003113 1.100785e+09 6003113
1.772581e-06 1.115208e+09 6003113 1.109483e+09 6003113
7.75449e-07 1.100046e+09 6003113 1.094393e+09 6003113
1.772581e-06 1.099927e+09 6003113 1.108087e+09 6003113
1.187912e-06 1.093635e+09 6003113 1.101621e+09 6003113
1.913986e-06 1.079948e+09 6002113 1.089389e+09 6002113
1.459571e-06 1.108409e+09 6003113 1.104997e+09 6003113
1.847523e-06 1.085526e+09 6002113 1.087128e+09 6002113
1.672394e-06 1.110709e+09 6003113 1.113763e+09 6003113
1.899544e-06 1.09305e+09 6002113 1.082544e+09 6002113
1.622694e-06 1.08255e+09 6002113 1.092259e+09 6002113
1.608911e-06 1.08376e+09 6002113 1.06703e+09 6002113
1.735281e-06 1.094457e+09 6002113 1.074081e+09 6002113
1.899544e-06 1.049234e+09 6002113 1.085476e+09 6002113
1.625242e-08 1.114259e+09 6003113 1.095524e+09 6003113
1.608911e-06 1.094081e+09 6003113 1.11202e+09 6003113
3.647434e-07 1.11894e+09 6003113 1.091541e+09 6003113
1.982185e-06 1.083549e+09 6003113 1.094428e+09 6003113
1.735281e-06 1.083092e+09 6002113 1.096747e+09 6002113
8.9438e-08 1.051596e+09 6002113 1.085228e+09 6002113
1.941449e-06 1.1111e+09 6003113 1.090638e+09 6003113
1.712084e-06 1.11962e+09 6003113 1.107487e+09 6003113
1.680268e-06 1.117172e+09 6003113 1.108015e+09 6003113
1.323546e-06 1.092456e+09 6003113 1.109588e+09 6003113
1.053829e-06 1.09815e+09 6003113 1.131362e+09 6003113
5.473255e-07 1.126212e+09 6003113 1.099809e+09 6003113
1.633565e-06 1.09185e+09 6003113 1.112717e+09 6003113
1.941449e-06 1.088692e+09 6002113 1.088149e+09 6002113
1.929615e-06 1.084576e+09 6002113 1.06644e+09 6002113
1.185353e-06 1.059672e+09 6002113 1.099317e+09 6002113
1.941817e-06 1.106355e+09 6003113 1.098585e+09 6003113
1.2537e-06 1.058916e+09 6003113 1.092565e+09 6003113
1.753949e-06 1.091021e+09 6003113 1.087489e+09 6003113
1.622694e-06 1.098137e+09 6003113 1.083317e+09 6003113
1.644839e-06 1.075046e+09 6002113 1.077403e+09 6002113
1.982185e-06 1.097266e+09 6003113 1.097881e+09 6003113
1.916662e-06 1.096213e+09 6003113 1.056138e+09 6003113
2.011476e-06 1.094072e+09 6002113 1.069658e+09 6002113
1.913986e-06 1.073949e+09 6002113 1.090327e+09 6002113
5.959509e-07 1.053216e+09 6002113 1.089181e+09 6002113
1.764542e-06 1.090529e+09 6002113 1.090014e+09 6002113
1.937863e-06 1.086383e+09 6003113 1.10114e+09 6003113
1.519725e-06 1.078275e+09 6002113 1.08536e+09 6002113
1.908829e-06 1.081871e+09 6002113 1.090074e+09 6002113
1.628474e-06 1.085161e+09 6002113 1.071138e+09 6002113
7.75449e-07 1.099872e+09 6003113 1.056105e+09 6003113
1.608911e-06 1.091503e+09 6002113 1.042863e+09 6002113
1.764542e-06 1.119149e+09 6003113 1.091468e+09 6003113
2.356621e-06 1.095788e+09 6002113 1.034022e+09 6002113
1.607978e-06 1.092303e+09 6003113 1.102241e+09 6003113
2.461665e-06 1.083214e+09 6002113 1.090687e+09 6002113
1.458251e-06 1.082021e+09 6002113 1.094539e+09 6002113
1.712084e-06 1.086434e+09 6002113 1.081108e+09 6002113
1.261318e-06 1.110174e+09 6003113 1.105833e+09 6003113
1.937863e-06 1.085657e+09 6002113 1.087323e+09 6002113
1.672394e-06 1.104815e+09 6003113 1.088468e+09 6003113
1.680737e-06 1.085418e+09 6002113 1.094946e+09 6002113
4.370955e-09 1.092415e+09 6002113 1.035446e+09 6002113
1.633565e-06 1.030507e+09 6002113 1.086481e+09 6002113
1.902845e-06 1.099956e+09 6003113 1.096174e+09 6003113
1.854298e-06 1.098956e+09 6003113 1.095665e+09 6003113
1.764542e-06 1.093423e+09 6003113 1.115893e+09 6003113
1.326668e-06 1.069235e+09 6002113 1.084404e+09 6002113
1.832103e-06 1.09126e+09 6002113 1.089433e+09 6002113
1.955789e-06 1.096831e+09 6002113 1.063438e+09 6002113
1.689245e-06 1.090872e+09 6002113 1.07964e+09 6002113
1.682824e-06 1.087682e+09 6002113 1.091329e+09 6002113
1.701616e-06 1.088322e+09 6003113 1.096794e+09 6003113
1.621712e-06 1.095769e+09 6003113 1.106138e+09 6003113
5.310525e-07 1.097852e+09 6003113 1.095314e+09 6003113
8.976918e-07 1.103339e+09 6003113 1.099476e+09 6003113
1.459571e-06 1.088965e+09 6002113 1.086661e+09 6002113
1.771467e-06 1.100696e+09 6003113 1.126213e+09 6003113
1.680268e-06 1.074227e+09 6002113 1.092421e+09 6002113
