8.304177e-07 1.10115e+09 6002113 1.087716e+09 6002113
1.326528e-06 1.078767e+09 6003113 1.101249e+09 6003113
9.896668e-08 1.133562e+09 6003114 1.10533e+09 6003113
1.156302e-06 1.115866e+09 6003114 1.114756e+09 6003113
1.300768e-06 1.093525e+09 6002113 1.086084e+09 6002113
1.340623e-06 1.102521e+09 6002114 1.093471e+09 6002113
1.424708e-06 1.101828e+09 6003113 1.104137e+09 6003113
1.169098e-06 1.103393e+09 6003113 1.106856e+09 6003113
1.174602e-06 1.092755e+09 6003114 1.110007e+09 6003113
1.784228e-06 1.079105e+09 6002113 1.092113e+09 6002113
1.286202e-06 1.111899e+09 6003113 1.119902e+09 6003113
1.248774e-06 1.101194e+09 6003113 1.125637e+09 6003113
3.507236e-07 1.085981e+09 6002114 1.104081e+09 6002113
1.169098e-06 1.115058e+09 6003114 1.094138e+09 6003113
1.124719e-06 1.119538e+09 6003113 1.097551e+09 6003113
1.342792e-07 1.092088e+09 6002114 1.10712e+09 6002113
1.341146e-06 1.085426e+09 6002114 1.095586e+09 6002113
5.063975e-08 1.11821e+09 6003114 1.109636e+09 6003113
1.289494e-06 1.104765e+09 6002113 1.091393e+09 6002113
1.233514e-06 1.056711e+09 6002114 1.105134e+09 6002113
1.230168e-06 1.103246e+09 6002113 1.080546e+09 6002113
1.375035e-06 1.079329e+09 6002114 1.086603e+09 6002113
1.647411e-06 1.130201e+09 6003113 1.114463e+09 6003113
1.341146e-06 1.100585e+09 6003113 1.116384e+09 6003113
1.062374e-06 1.099345e+09 6002114 1.107505e+09 6002113
1.914244e-09 1.115251e+09 6003113 1.124306e+09 6003113
1.345186e-06 1.106303e+09 6002113 1.099314e+09 6002113
1.341146e-06 1.125434e+09 6003114 1.106155e+09 6003113
1.213059e-06 1.091612e+09 6003113 1.110065e+09 6003113
1.337984e-06 1.093677e+09 6002113 1.067025e+09 6002113
2.703177e-07 1.097489e+09 6002114 1.108218e+09 6002113
1.324177e-06 1.110148e+09 6003113 1.127986e+09 6003113
1.375035e-06 1.115641e+09 6003113 1.116487e+09 6003113
1.375035e-06 1.120068e+09 6003114 1.102137e+09 6003113
4.649037e-07 1.101482e+09 6002113 1.092373e+09 6002113
1.378834e-06 1.073791e+09 6002113 1.104358e+09 6002113
1.142236e-06 1.090932e+09 6002113 1.083434e+09 6002113
1.211975e-06 1.109168e+09 6003113 1.115969e+09 6003113
1.124719e-06 1.087326e+09 6002114 1.096396e+09 6002113
1.173484e-06 1.108736e+09 6003113 1.127431e+09 6003113
1.295442e-06 1.132706e+09 6003114 1.104289e+09 6003113
1.747306e-06 1.100148e+09 6002113 1.084562e+09 6002113
1.280743e-06 1.102477e+09 6003114 1.088899e+09 6003113
1.169098e-06 1.111382e+09 6003114 1.105771e+09 6003113
1.239134e-06 1.108533e+09 6003114 1.106732e+09 6003113
1.142236e-06 1.111976e+09 6003114 1.101878e+09 6003113
1.236274e-06 1.099339e+09 6002114 1.106354e+09 6002113
1.26582e-07 1.102814e+09 6003113 1.125107e+09 6003113
1.647411e-06 1.090907e+09 6002113 1.103682e+09 6002113
1.156551e-06 1.109821e+09 6003114 1.098466e+09 6003113
1.314107e-06 1.091733e+09 6002113 1.097901e+09 6002113
1.141954e-06 1.108983e+09 6002114 1.106074e+09 6002113
1.357182e-06 1.100541e+09 6003114 1.104604e+09 6003113
1.067245e-06 1.095316e+09 6003113 1.127031e+09 6003113
1.784228e-06 1.100567e+09 6002113 1.084036e+09 6002113
3.089018e-07 1.130596e+09 6003113 1.106393e+09 6003113
1.319053e-06 1.08549e+09 6002113 1.107566e+09 6002113
1.621852e-06 1.103857e+09 6003113 1.128429e+09 6003113
5.213332e-09 1.08255e+09 6002114 1.095106e+09 6002113
1.341146e-06 1.103548e+09 6003113 1.086973e+09 6003113
1.354675e-06 1.090141e+09 6002113 1.081915e+09 6002113
1.169098e-06 1.083462e+09 6002114 1.109192e+09 6002113
1.174602e-06 1.121003e+09 6003113 1.108671e+09 6003113
1.327888e-06 1.087753e+09 6002114 1.102891e+09 6002113
1.341146e-06 1.075801e+09 6002113 1.101468e+09 6002113
3.712356e-07 1.083963e+09 6002113 1.094377e+09 6002113
1.180877e-06 1.092212e+09 6002114 1.096698e+09 6002113
1.233514e-06 1.047006e+09 6002113 1.093657e+09 6002113
1.138395e-06 1.085137e+09 6002113 1.102145e+09 6002113
6.25222e-08 1.101175e+09 6002113 1.083356e+09 6002113
7.749455e-07 1.122744e+09 6003114 1.101023e+09 6003113
1.647411e-06 1.080667e+09 6002114 1.107057e+09 6002113
1.327888e-06 1.118475e+09 6003114 1.102265e+09 6003113
1.239134e-06 1.1222e+09 6003114 1.101797e+09 6003113
6.373873e-07 1.102031e+09 6003113 1.095304e+09 6003113
1.300768e-06 1.109621e+09 6003113 1.112327e+09 6003113
5.297854e-07 1.090378e+09 6002113 1.10026e+09 6002113
1.262652e-06 1.071597e+09 6002114 1.103428e+09 6002113
1.232514e-06 1.085967e+09 6002114 1.101474e+09 6002113
2.613201e-09 1.100168e+09 6002113 1.088498e+09 6002113
1.286202e-06 1.100487e+09 6003113 1.093875e+09 6003113
1.280743e-06 1.062311e+09 6003113 1.094155e+09 6003113
1.367207e-06 1.121125e+09 6003114 1.108049e+09 6003113
1.196843e-06 1.120823e+09 6003113 1.102426e+09 6003113
1.330196e-06 1.108414e+09 6003114 1.10251e+09 6003113
8.764069e-07 1.086547e+09 6002114 1.101411e+09 6002113
1.124719e-06 1.092799e+09 6002114 1.093348e+09 6002113
1.327888e-06 1.107415e+09 6002113 1.105615e+09 6002113
1.233514e-06 1.079837e+09 6003113 1.108682e+09 6003113
1.406135e-06 1.086649e+09 6002113 1.088719e+09 6002113
1.062374e-06 1.042559e+09 6002113 1.096386e+09 6002113
3.389739e-07 1.104034e+09 6002113 1.074502e+09 6002113
1.156551e-06 1.096871e+09 6003114 1.108889e+09 6003113
1.344503e-06 1.128275e+09 6003114 1.109013e+09 6003113
1.861852e-06 1.121125e+09 6003113 1.102009e+09 6003113
1.367207e-06 1.118584e+09 6003114 1.111331e+09 6003113
1.226109e-06 1.084705e+09 6002113 1.100557e+09 6002113
1.319053e-06 1.121552e+09 6003113 1.108306e+09 6003113
1.230168e-06 1.100657e+09 6003113 1.127121e+09 6003113
1.211975e-06 1.12549e+09 6003114 1.106255e+09 6003113
1.327888e-06 1.103588e+09 6003113 1.110862e+09 6003113
1.239678e-06 1.103838e+09 6002113 1.08413e+09 6002113
1.196843e-06 1.103051e+09 6002113 1.089617e+09 6002113
1.169098e-06 1.08034e+09 6002113 1.104563e+09 6002113
1.286202e-06 1.126245e+09 6003114 1.113947e+09 6003113
1.314107e-06 1.10335e+09 6003113 1.09695e+09 6003113
1.233514e-06 1.118694e+09 6003114 1.107109e+09 6003113
1.34891e-06 1.103269e+09 6003113 1.097664e+09 6003113
1.280743e-06 1.100444e+09 6003113 1.108565e+09 6003113
1.133668e-06 1.084041e+09 6002114 1.085188e+09 6002113
1.747306e-06 1.094904e+09 6002113 1.101055e+09 6002113
1.357182e-06 1.102658e+09 6002113 1.077512e+09 6002113
1.176388e-06 1.099457e+09 6002113 1.088824e+09 6002113
1.319053e-06 1.123883e+09 6003113 1.101523e+09 6003113
1.138395e-06 1.090187e+09 6002113 1.093568e+09 6002113
1.189525e-06 1.107407e+09 6003113 1.126767e+09 6003113
1.213059e-06 1.089733e+09 6003113 1.077154e+09 6003113
1.28342e-06 1.099009e+09 6002113 1.090743e+09 6002113
1.339855e-06 1.090721e+09 6003113 1.106764e+09 6003113
1.375035e-06 1.131766e+09 6003114 1.102481e+09 6003113
9.252333e-07 1.107934e+09 6003113 1.108228e+09 6003113
1.13888e-06 1.109908e+09 6003113 1.108668e+09 6003113
1.17493e-06 1.107427e+09 6003113 1.107008e+09 6003113
8.474114e-07 1.105748e+09 6003114 1.105072e+09 6003113
1.17493e-06 1.099419e+09 6002114 1.093312e+09 6002113
3.389739e-07 1.098748e+09 6002113 1.101766e+09 6002113
1.239134e-06 1.09502e+09 6002114 1.092648e+09 6002113
1.196843e-06 1.099688e+09 6002114 1.101915e+09 6002113
1.291387e-06 1.12608e+09 6003113 1.104971e+09 6003113
1.196843e-06 1.103477e+09 6003113 1.095609e+09 6003113
1.239678e-06 1.09495e+09 6002113 1.100069e+09 6002113
1.344503e-06 1.092448e+09 6002113 1.07507e+09 6002113
8.724518e-08 1.090246e+09 6002114 1.106989e+09 6002113
1.406135e-06 1.10898e+09 6003114 1.107695e+09 6003113
7.273816e-07 1.110891e+09 6003114 1.102947e+09 6003113
6.815101e-07 1.083814e+09 6003114 1.108069e+09 6003113
1.341146e-06 1.120443e+09 6003114 1.1104e+09 6003113
1.326528e-06 1.10521e+09 6002114 1.09081e+09 6002113
8.817323e-07 1.136763e+09 6003113 1.108088e+09 6003113
1.569447e-06 1.093951e+09 6002114 1.100899e+09 6002113
1.040597e-06 1.118862e+09 6003114 1.103494e+09 6003113
1.13888e-06 1.11405e+09 6003113 1.081957e+09 6003113
9.69463e-07 1.070818e+09 6002113 1.095488e+09 6002113
1.296259e-06 1.117267e+09 6003113 1.105632e+09 6003113
1.230168e-06 1.122462e+09 6003114 1.10934e+09 6003113
1.291387e-06 1.098989e+09 6002114 1.096914e+09 6002113
7.820191e-07 1.101404e+09 6003114 1.10745e+09 6003113
6.275371e-07 1.091861e+09 6002113 1.09352e+09 6002113
1.17493e-06 1.100136e+09 6002113 1.090817e+09 6002113
1.375035e-06 1.103417e+09 6002114 1.085948e+09 6002113
1.230168e-06 1.117956e+09 6003114 1.106289e+09 6003113
6.561617e-09 1.092201e+09 6002113 1.111794e+09 6002113
5.950559e-07 1.091194e+09 6002113 1.090521e+09 6002113
1.720842e-06 1.107636e+09 6002113 1.099747e+09 6002113
6.373873e-07 1.09099e+09 6002113 1.101326e+09 6002113
1.378834e-06 1.105292e+09 6003113 1.142793e+09 6003113
1.34891e-06 1.102125e+09 6003113 1.132709e+09 6003113
1.020323e-06 1.09924e+09 6003113 1.109614e+09 6003113
1.17493e-06 1.117321e+09 6003113 1.097709e+09 6003113
1.334379e-06 1.109572e+09 6003114 1.106236e+09 6003113
1.124067e-06 1.108177e+09 6003113 1.099126e+09 6003113
2.809322e-07 1.101868e+09 6003113 1.106365e+09 6003113
1.365519e-06 1.11056e+09 6003113 1.127909e+09 6003113
1.327888e-06 1.106728e+09 6003113 1.074664e+09 6003113
1.914244e-09 1.131049e+09 6003114 1.108093e+09 6003113
1.230168e-06 1.106597e+09 6002114 1.100433e+09 6002113
1.647411e-06 1.087365e+09 6002113 1.109094e+09 6002113
1.050123e-08 1.103281e+09 6002113 1.102093e+09 6002113
1.062374e-06 1.108668e+09 6003113 1.12584e+09 6003113
1.174602e-06 1.075975e+09 6002113 1.105183e+09 6002113
7.749455e-07 1.082347e+09 6002114 1.102019e+09 6002113
1.314107e-06 1.103261e+09 6002113 1.079902e+09 6002113
1.808228e-06 1.103137e+09 6003113 1.113203e+09 6003113
5.606063e-09 1.10722e+09 6002114 1.099032e+09 6002113
1.324177e-06 1.097286e+09 6002113 1.104249e+09 6002113
1.141954e-06 1.108351e+09 6003113 1.077038e+09 6003113
1.345186e-06 1.107589e+09 6003113 1.114755e+09 6003113
1.385659e-06 1.121676e+09 6003114 1.099303e+09 6003113
1.156551e-06 1.104525e+09 6002113 1.099398e+09 6002113
1.13888e-06 1.112787e+09 6003113 1.116147e+09 6003113
1.32114e-06 1.098439e+09 6002113 1.091956e+09 6002113
7.36686e-07 1.109558e+09 6003113 1.108601e+09 6003113
1.354675e-06 1.091281e+09 6002114 1.100709e+09 6002113
7.820191e-07 1.116803e+09 6003113 1.076245e+09 6003113
4.911426e-07 1.057953e+09 6002114 1.097689e+09 6002113
1.334379e-06 1.095177e+09 6002114 1.100268e+09 6002113
1.156302e-06 1.08828e+09 6002113 1.105666e+09 6002113
2.443317e-07 1.106713e+09 6003113 1.108478e+09 6003113
1.211975e-06 1.123216e+09 6003114 1.098095e+09 6003113
1.28342e-06 1.101782e+09 6002113 1.093716e+09 6002113
1.134354e-06 1.102903e+09 6002113 1.043113e+09 6002113
1.330196e-06 1.068459e+09 6002114 1.091045e+09 6002113
1.324177e-06 1.08913e+09 6002114 1.093745e+09 6002113
1.169098e-06 1.082718e+09 6002114 1.099529e+09 6002113
1.375035e-06 1.109418e+09 6002114 1.10763e+09 6002113
6.815101e-07 1.100978e+09 6003114 1.095893e+09 6003113
1.569447e-06 1.075535e+09 6003113 1.110879e+09 6003113
1.141954e-06 1.07577e+09 6002113 1.10073e+09 6002113
1.171624e-06 1.120365e+09 6003114 1.112969e+09 6003113
1.149835e-06 1.088062e+09 6002113 1.089147e+09 6002113
1.365519e-06 1.108737e+09 6003113 1.112091e+09 6003113
5.297854e-07 1.097449e+09 6002114 1.098806e+09 6002113
1.291387e-06 1.086541e+09 6002114 1.100886e+09 6002113
1.0194e-06 1.106539e+09 6002113 1.098448e+09 6002113
7.67614e-08 1.099725e+09 6002114 1.10559e+09 6002113
1.174602e-06 1.093417e+09 6002114 1.105433e+09 6002113
7.36686e-07 1.117981e+09 6003114 1.105428e+09 6003113
1.180877e-06 1.092265e+09 6002113 1.088743e+09 6002113
8.286284e-07 1.101498e+09 6002113 1.085928e+09 6002113
1.339855e-06 1.11788e+09 6003114 1.10014e+09 6003113
1.1566e-09 1.108099e+09 6002114 1.102405e+09 6002113
1.327888e-06 1.102588e+09 6002113 1.096593e+09 6002113
1.174602e-06 1.121228e+09 6003114 1.104526e+09 6003113
1.330196e-06 1.089362e+09 6002113 1.095043e+09 6002113
1.662945e-06 1.107377e+09 6002114 1.107491e+09 6002113
1.180877e-06 1.085961e+09 6003114 1.109221e+09 6003113
1.286202e-06 1.114596e+09 6003114 1.113115e+09 6003113
1.678512e-06 1.091539e+09 6002113 1.103787e+09 6002113
1.365036e-06 1.12442e+09 6003114 1.098101e+09 6003113
1.291387e-06 1.067958e+09 6002113 1.099339e+09 6002113
1.230168e-06 1.09451e+09 6002113 1.092258e+09 6002113
1.365036e-06 1.114615e+09 6003113 1.111074e+09 6003113
1.138395e-06 1.110929e+09 6003113 1.102621e+09 6003113
4.527613e-07 1.028825e+09 6002114 1.096363e+09 6002113
1.317409e-06 1.092088e+09 6003113 1.081244e+09 6003113
6.815101e-07 1.110903e+09 6003114 1.108752e+09 6003113
1.262652e-06 1.029961e+09 6002113 1.099166e+09 6002113
1.406135e-06 1.118993e+09 6003113 1.098917e+09 6003113
1.238355e-06 1.112802e+09 6003113 1.108692e+09 6003113
1.17493e-06 1.075367e+09 6002114 1.100794e+09 6002113
1.156302e-06 1.088574e+09 6003114 1.105867e+09 6003113
1.176388e-06 1.121762e+09 6003114 1.100505e+09 6003113
9.252333e-07 1.096391e+09 6002114 1.093782e+09 6002113
1.300768e-06 1.060479e+09 6002114 1.090511e+09 6002113
1.173484e-06 1.094763e+09 6002113 1.079156e+09 6002113
1.34891e-06 1.077724e+09 6002114 1.090409e+09 6002113
1.357439e-06 1.089565e+09 6002114 1.100857e+09 6002113
1.365519e-06 1.126308e+09 6003114 1.096542e+09 6003113
1.124719e-06 1.073911e+09 6001113 1.041562e+09 6001113
7.273816e-07 1.108364e+09 6003113 1.113499e+09 6003113
3.990098e-10 1.09697e+09 6002113 1.108387e+09 6002113
1.134354e-06 1.09956e+09 6002113 1.078143e+09 6002113
1.281963e-06 1.088678e+09 6002113 1.094504e+09 6002113
1.226109e-06 1.094325e+09 6002113 1.094135e+09 6002113
2.809322e-07 1.104373e+09 6002113 1.081775e+09 6002113
1.898732e-06 1.111293e+09 6003114 1.105903e+09 6003113
1.341146e-06 1.066975e+09 6002114 1.097364e+09 6002113
1.537486e-06 1.073568e+09 6002114 1.101658e+09 6002113
1.020323e-06 1.122989e+09 6003114 1.099193e+09 6003113
1.747306e-06 1.108416e+09 6003113 1.109463e+09 6003113
7.273816e-07 1.106443e+09 6003113 1.103851e+09 6003113
9.252333e-07 1.109398e+09 6003114 1.105323e+09 6003113
1.595663e-06 1.112525e+09 6003113 1.101374e+09 6003113
6.25222e-08 1.028456e+09 6001114 1.085186e+09 6001113
5.024667e-07 1.071645e+09 6002114 1.103943e+09 6002113
1.341146e-06 1.130521e+09 6003113 1.108792e+09 6003113
1.319053e-06 1.099202e+09 6002113 1.083295e+09 6002113
1.385659e-06 1.107135e+09 6003113 1.102286e+09 6003113
4.649037e-07 1.102014e+09 6002114 1.099309e+09 6002113
1.330196e-06 1.075016e+09 6002114 1.105494e+09 6002113
1.239678e-06 1.106078e+09 6002113 1.091601e+09 6002113
1.314107e-06 1.124459e+09 6003114 1.102165e+09 6003113
1.180877e-06 1.101674e+09 6002113 1.077334e+09 6002113
1.120393e-07 1.090164e+09 6002113 1.104455e+09 6002113
1.124067e-06 1.098514e+09 6002113 1.105127e+09 6002113
3.712356e-07 1.110567e+09 6003113 1.100256e+09 6003113
1.248774e-06 1.101131e+09 6002113 1.057257e+09 6002113
1.861852e-06 1.113277e+09 6003114 1.100694e+09 6003113
8.286284e-07 1.074434e+09 6002114 1.092953e+09 6002113
5.063975e-08 1.083952e+09 6002113 1.105621e+09 6002113
1.317409e-06 1.10581e+09 6002114 1.090819e+09 6002113
1.147584e-06 1.113179e+09 6003113 1.106783e+09 6003113
3.389739e-07 1.12066e+09 6003113 1.096089e+09 6003113
6.561617e-09 1.109854e+09 6003113 1.100307e+09 6003113
1.354675e-06 1.090784e+09 6002113 1.078949e+09 6002113
3.507236e-07 1.112868e+09 6003113 1.095333e+09 6003113
5.46032e-08 1.061793e+09 6002114 1.101453e+09 6002113
3.990098e-10 1.131277e+09 6003113 1.110203e+09 6003113
1.327888e-06 1.114817e+09 6003113 1.117457e+09 6003113
1.888708e-07 1.125593e+09 6003114 1.107906e+09 6003113
5.950559e-07 1.102532e+09 6003113 1.113232e+09 6003113
1.156551e-06 1.063423e+09 6002113 1.092472e+09 6002113
1.124067e-06 1.100176e+09 6003113 1.118581e+09 6003113
1.129815e-06 1.10743e+09 6003113 1.110213e+09 6003113
1.147584e-06 1.11357e+09 6003114 1.104598e+09 6003113
2.703177e-07 1.092727e+09 6003113 1.107501e+09 6003113
1.983647e-07 1.134876e+09 6003113 1.10508e+09 6003113
1.180877e-06 1.11865e+09 6003114 1.094466e+09 6003113
1.330196e-06 1.089268e+09 6002113 1.102092e+09 6002113
1.149835e-06 1.074154e+09 6002113 1.098533e+09 6002113
1.124719e-06 1.110275e+09 6003113 1.102743e+09 6003113
1.291387e-06 1.083852e+09 6003113 1.085779e+09 6003113
1.326528e-06 1.087143e+09 6002113 1.083272e+09 6002113
1.317409e-06 1.110828e+09 6003113 1.113397e+09 6003113
1.133668e-06 1.095015e+09 6002113 1.099412e+09 6002113
1.28342e-06 1.125594e+09 6003114 1.109044e+09 6003113
1.326528e-06 1.118802e+09 6003113 1.102026e+09 6003113
1.339855e-06 1.095264e+09 6003113 1.105544e+09 6003113
1.133668e-06 1.086623e+09 6002114 1.101198e+09 6002113
1.141954e-06 1.086431e+09 6003113 1.121398e+09 6003113
1.173484e-06 1.113338e+09 6003114 1.100683e+09 6003113
1.375035e-06 1.093466e+09 6002113 1.100954e+09 6002113
1.149835e-06 1.122194e+09 6003113 1.10831e+09 6003113
1.13888e-06 1.096138e+09 6003113 1.095461e+09 6003113
6.103521e-09 1.103405e+09 6002113 1.081347e+09 6002113
1.262652e-06 1.100145e+09 6003114 1.104175e+09 6003113
4.911426e-07 1.103728e+09 6003113 1.119978e+09 6003113
1.147584e-06 1.091164e+09 6002114 1.099674e+09 6002113
1.189525e-06 1.091857e+09 6002114 1.103434e+09 6002113
1.124719e-06 1.107343e+09 6003114 1.111441e+09 6003113
1.345186e-06 1.119222e+09 6003114 1.09832e+09 6003113
1.196843e-06 1.0951e+09 6003113 1.108335e+09 6003113
4.649037e-07 1.099169e+09 6002113 1.095036e+09 6002113
1.142236e-06 1.08794e+09 6002113 1.100595e+09 6002113
1.538287e-06 1.080903e+09 6002113 1.088414e+09 6002113
8.817323e-07 1.066361e+09 6002113 1.100965e+09 6002113
1.344503e-06 1.105302e+09 6003113 1.082304e+09 6003113
7.820191e-07 1.09526e+09 6002114 1.098971e+09 6002113
1.341146e-06 1.085153e+09 6002114 1.105972e+09 6002113
1.365036e-06 1.106579e+09 6003113 1.110459e+09 6003113
1.233514e-06 1.105546e+09 6003113 1.107391e+09 6003113
1.345186e-06 1.116537e+09 6003113 1.092308e+09 6003113
1.339855e-06 1.102918e+09 6003113 1.118708e+09 6003113
5.420825e-07 1.07585e+09 6002114 1.092808e+09 6002113
1.238355e-06 1.101087e+09 6003113 1.108669e+09 6003113
1.319053e-06 1.107293e+09 6003114 1.101648e+09 6003113
1.341146e-06 1.097374e+09 6002113 1.093153e+09 6002113
1.326528e-06 1.090366e+09 6002113 1.088138e+09 6002113
3.389739e-07 1.098854e+09 6002113 1.096886e+09 6002113
1.365036e-06 1.078227e+09 6002113 1.088637e+09 6002113
1.365036e-06 1.099738e+09 6002113 1.112702e+09 6002113
1.262652e-06 1.116349e+09 6003114 1.091823e+09 6003113
9.252333e-07 1.098522e+09 6002113 1.094659e+09 6002113
1.337984e-06 1.09526e+09 6002113 1.091003e+09 6002113
1.169098e-06 1.099732e+09 6002114 1.107649e+09 6002113
4.649037e-07 1.094626e+09 6002114 1.104614e+09 6002113
1.13888e-06 1.113831e+09 6003114 1.105325e+09 6003113
3.389739e-07 1.101058e+09 6002113 1.092147e+09 6002113
1.142236e-06 1.090242e+09 6002114 1.095038e+09 6002113
1.367207e-06 1.119868e+09 6003113 1.113171e+09 6003113
1.341146e-06 1.107982e+09 6002113 1.045133e+09 6002113
1.238355e-06 1.112381e+09 6003113 1.104261e+09 6003113
1.378834e-06 1.123409e+09 6003113 1.096356e+09 6003113
9.252333e-07 1.07388e+09 6002114 1.105508e+09 6002113
1.339855e-06 1.051053e+09 6002113 1.099946e+09 6002113
1.983647e-07 1.095493e+09 6002114 1.095074e+09 6002113
1.32114e-06 1.080617e+09 6002114 1.101944e+09 6002113
1.174602e-06 1.074102e+09 6002113 1.105789e+09 6002113
5.46032e-08 1.098873e+09 6002113 1.076114e+09 6002113
1.291522e-06 1.102929e+09 6002114 1.099086e+09 6002113
1.375035e-06 1.077495e+09 6002113 1.098989e+09 6002113
1.169098e-06 1.089967e+09 6003114 1.105585e+09 6003113
1.129815e-06 1.085415e+09 6002113 1.094214e+09 6002113
1.149835e-06 1.100048e+09 6002113 1.107451e+09 6002113
1.289494e-06 1.090515e+09 6002113 1.094819e+09 6002113
1.147584e-06 1.103008e+09 6002113 1.10526e+09 6002113
1.17493e-06 1.080025e+09 6002114 1.094526e+09 6002113
1.141954e-06 1.088377e+09 6002114 1.103886e+09 6002113
1.327888e-06 1.082104e+09 6002113 1.093185e+09 6002113
1.334379e-06 1.120898e+09 6003114 1.107297e+09 6003113
1.326528e-06 1.11197e+09 6003114 1.100269e+09 6003113
1.239678e-06 1.081661e+09 6002114 1.105228e+09 6002113
1.040597e-06 1.096054e+09 6002113 1.098703e+09 6002113
8.286284e-07 1.100577e+09 6002113 1.097011e+09 6002113
1.367207e-06 1.097561e+09 6003114 1.107874e+09 6003113
1.344503e-06 1.083364e+09 6003113 1.104814e+09 6003113
1.375035e-06 1.104058e+09 6003113 1.09907e+09 6003113
1.595663e-06 1.095212e+09 6002113 1.099292e+09 6002113
1.248774e-06 1.073111e+09 6002114 1.102205e+09 6002113
1.17493e-06 1.097274e+09 6003114 1.099401e+09 6003113
1.236274e-06 1.054523e+09 6002113 1.095104e+09 6002113
1.621852e-06 1.075794e+09 6003113 1.101507e+09 6003113
1.142236e-06 1.105558e+09 6003113 1.104985e+09 6003113
4.911426e-07 1.124122e+09 6003114 1.094673e+09 6003113
1.345186e-06 1.110241e+09 6003113 1.090811e+09 6003113
1.32114e-06 1.104414e+09 6003114 1.103702e+09 6003113
1.365519e-06 1.101536e+09 6003113 1.111211e+09 6003113
1.595663e-06 1.075743e+09 6002114 1.096065e+09 6002113
1.324177e-06 1.094856e+09 6002113 1.092376e+09 6002113
8.401376e-07 1.074696e+09 6003113 1.101598e+09 6003113
1.537486e-06 1.095331e+09 6003113 1.127963e+09 6003113
1.149835e-06 1.119932e+09 6003113 1.101222e+09 6003113
1.365036e-06 1.106271e+09 6003113 1.114593e+09 6003113
3.055544e-09 1.102447e+09 6002113 1.074395e+09 6002113
1.238355e-06 1.104305e+09 6002113 1.082872e+09 6002113
1.32114e-06 1.096341e+09 6002113 1.086207e+09 6002113
1.129815e-06 1.102077e+09 6002113 1.102457e+09 6002113
1.378834e-06 1.108246e+09 6003113 1.118597e+09 6003113
1.156551e-06 1.05549e+09 6002113 1.10099e+09 6002113
1.319053e-06 1.104792e+09 6002113 1.102661e+09 6002113
1.344503e-06 1.07891e+09 6002114 1.097123e+09 6002113
7.36686e-07 1.094743e+09 6002113 1.094759e+09 6002113
1.230168e-06 1.118264e+09 6003114 1.113148e+09 6003113
1.337984e-06 1.093743e+09 6002114 1.107376e+09 6002113
1.647411e-06 1.090333e+09 6002114 1.100281e+09 6002113
7.14623e-08 1.089858e+09 6002113 1.088636e+09 6002113
1.375035e-06 1.094081e+09 6002113 1.104037e+09 6002113
1.280743e-06 1.128063e+09 6003113 1.102236e+09 6003113
1.289494e-06 1.091985e+09 6002113 1.085575e+09 6002113
1.147584e-06 1.111211e+09 6003113 1.106806e+09 6003113
1.233514e-06 1.096181e+09 6002113 1.089937e+09 6002113
1.365036e-06 1.101313e+09 6002113 1.091593e+09 6002113
1.291522e-06 1.075618e+09 6002114 1.076715e+09 6002113
1.149835e-06 1.091419e+09 6002113 1.092501e+09 6002113
1.13888e-06 1.102558e+09 6002114 1.090997e+09 6002113
1.32114e-06 1.125862e+09 6003113 1.106432e+09 6003113
1.262652e-06 1.110216e+09 6003114 1.104369e+09 6003113
1.213059e-06 1.112512e+09 6003113 1.095243e+09 6003113
1.568106e-06 1.091811e+09 6002113 1.101261e+09 6002113
1.226109e-06 1.101297e+09 6002113 1.098957e+09 6002113
1.34891e-06 1.099446e+09 6003113 1.113751e+09 6003113
7.820191e-07 1.083531e+09 6002114 1.098269e+09 6002113
1.211975e-06 1.076475e+09 6002113 1.102579e+09 6002113
5.950559e-07 1.082252e+09 6002113 1.07319e+09 6002113
1.339855e-06 1.118233e+09 6003113 1.103031e+09 6003113
1.211975e-06 1.105636e+09 6002113 1.073568e+09 6002113
1.314107e-06 1.096227e+09 6003113 1.105088e+09 6003113
1.142236e-06 1.082453e+09 6003114 1.102504e+09 6003113
1.341146e-06 1.098552e+09 6003113 1.11565e+09 6003113
2.203831e-07 1.118299e+09 6003113 1.10246e+09 6003113
9.736617e-07 1.075112e+09 6002113 1.096252e+09 6002113
1.367207e-06 1.110713e+09 6003114 1.108994e+09 6003113
1.327888e-06 1.110904e+09 6003114 1.091475e+09 6003113
1.129815e-06 1.118917e+09 6003113 1.107287e+09 6003113
1.149835e-06 1.082602e+09 6002114 1.101531e+09 6002113
9.325585e-07 1.098922e+09 6002113 1.075043e+09 6002113
1.124719e-06 1.105985e+09 6002113 1.099433e+09 6002113
1.13888e-06 1.106747e+09 6003113 1.108318e+09 6003113
1.286202e-06 1.095383e+09 6002113 1.065775e+09 6002113
2.549762e-07 1.107596e+09 6002113 1.071063e+09 6002113
1.0194e-06 1.083199e+09 6002114 1.102906e+09 6002113
1.262652e-06 1.10536e+09 6003113 1.133501e+09 6003113
1.357182e-06 1.085278e+09 6002113 1.091857e+09 6002113
1.226109e-06 1.104243e+09 6002113 1.082993e+09 6002113
1.232514e-06 1.097663e+09 6002113 1.095303e+09 6002113
1.239134e-06 1.093042e+09 6002113 1.101455e+09 6002113
1.317409e-06 1.094134e+09 6002113 1.093439e+09 6002113
1.129815e-06 1.106395e+09 6003113 1.077661e+09 6003113
1.28342e-06 1.111299e+09 6003113 1.109305e+09 6003113
1.129815e-06 1.115905e+09 6003114 1.108637e+09 6003113
9.736617e-07 1.091369e+09 6002114 1.105188e+09 6002113
1.133668e-06 1.102599e+09 6002113 1.073665e+09 6002113
1.337984e-06 1.09518e+09 6002113 1.064922e+09 6002113
1.319053e-06 1.089818e+09 6002114 1.088025e+09 6002113
1.647411e-06 1.117319e+09 6003113 1.105083e+09 6003113
1.238355e-06 1.086722e+09 6002114 1.099212e+09 6002113
1.569447e-06 1.122066e+09 6003113 1.104333e+09 6003113
1.345186e-06 1.084007e+09 6002114 1.098377e+09 6002113
1.134354e-06 1.093648e+09 6002114 1.102994e+09 6002113
1.239678e-06 1.087305e+09 6002114 1.101834e+09 6002113
1.330196e-06 1.092603e+09 6003114 1.102466e+09 6003113
1.385659e-06 1.124689e+09 6003114 1.109497e+09 6003113
1.17493e-06 1.103564e+09 6002113 1.096329e+09 6002113
1.239678e-06 1.102865e+09 6003113 1.114961e+09 6003113
1.365036e-06 1.088425e+09 6002113 1.069065e+09 6002113
1.34891e-06 1.099485e+09 6002113 1.093452e+09 6002113
1.828341e-09 1.032518e+09 6002114 1.098254e+09 6002113
1.34891e-06 1.090756e+09 6002113 1.099781e+09 6002113
1.747859e-10 1.115217e+09 6003113 1.097385e+09 6003113
1.213059e-06 1.108988e+09 6003113 1.120456e+09 6003113
9.736617e-07 1.107552e+09 6002114 1.105763e+09 6002113
2.443317e-07 1.090732e+09 6002113 1.072908e+09 6002113
3.826114e-07 1.105202e+09 6003113 1.117695e+09 6003113
1.888708e-07 1.091946e+09 6002114 1.08986e+09 6002113
1.291387e-06 1.133891e+09 6003113 1.108082e+09 6003113
1.314107e-06 1.101426e+09 6002113 1.108684e+09 6002113
5.8377e-07 1.100951e+09 6003113 1.110366e+09 6003113
1.327888e-06 1.102244e+09 6003114 1.095515e+09 6003113
1.226109e-06 1.116942e+09 6003114 1.107077e+09 6003113
1.909065e-06 1.100425e+09 6002113 1.100639e+09 6002113
3.712356e-07 1.103937e+09 6002113 1.10692e+09 6002113
1.406135e-06 1.087731e+09 6002114 1.101239e+09 6002113
1.330196e-06 1.063514e+09 6002114 1.111116e+09 6002113
1.062374e-06 1.091318e+09 6002114 1.095191e+09 6002113
1.861852e-06 1.115895e+09 6003113 1.109434e+09 6003113
1.141954e-06 1.116412e+09 6003113 1.103537e+09 6003113
1.020323e-06 1.104876e+09 6003113 1.1324e+09 6003113
1.174602e-06 1.109073e+09 6003113 1.114874e+09 6003113
1.406135e-06 1.103867e+09 6002113 1.101022e+09 6002113
1.334379e-06 1.108839e+09 6002113 1.096784e+09 6002113
1.300768e-06 1.120879e+09 6003113 1.107696e+09 6003113
1.621852e-06 1.093942e+09 6002114 1.098799e+09 6002113
8.33814e-10 1.092248e+09 6003113 1.099027e+09 6003113
1.983647e-07 1.093828e+09 6002114 1.091338e+09 6002113
1.291387e-06 1.079326e+09 6002113 1.072149e+09 6002113
3.507236e-07 1.087472e+09 6003113 1.099159e+09 6003113
1.193437e-07 1.107e+09 6002113 1.076181e+09 6002113
1.28342e-06 1.100861e+09 6003113 1.110052e+09 6003113
4.911426e-07 1.129907e+09 6003114 1.108756e+09 6003113
2.861401e-08 1.107718e+09 6003113 1.108529e+09 6003113
1.105151e-06 1.10942e+09 6003113 1.087763e+09 6003113
1.300768e-06 1.100042e+09 6002113 1.091432e+09 6002113
1.337984e-06 1.075312e+09 6002114 1.103302e+09 6002113
1.341146e-06 1.091803e+09 6002114 1.090946e+09 6002113
1.196843e-06 1.107407e+09 6003113 1.13065e+09 6003113
1.289494e-06 1.133389e+09 6003113 1.10566e+09 6003113
1.149835e-06 1.130063e+09 6003114 1.107182e+09 6003113
8.286284e-07 1.096606e+09 6003113 1.11503e+09 6003113
1.319053e-06 1.088396e+09 6003114 1.103836e+09 6003113
3.307605e-08 1.106426e+09 6003113 1.11802e+09 6003113
1.124067e-06 1.082782e+09 6003113 1.094755e+09 6003113
1.314107e-06 1.101369e+09 6002114 1.098583e+09 6002113
1.339855e-06 1.105195e+09 6003113 1.117283e+09 6003113
1.339855e-06 1.098393e+09 6003113 1.112746e+09 6003113
1.357439e-06 1.100896e+09 6003113 1.108908e+09 6003113
1.326528e-06 1.096612e+09 6002113 1.088837e+09 6002113
1.28342e-06 1.110881e+09 6003113 1.114645e+09 6003113
1.319053e-06 1.090005e+09 6003113 1.106417e+09 6003113
1.280743e-06 1.105056e+09 6002113 1.103272e+09 6002113
9.252333e-07 1.101002e+09 6003113 1.108229e+09 6003113
1.232514e-06 1.106042e+09 6003113 1.106271e+09 6003113
1.291387e-06 1.119244e+09 6003114 1.109413e+09 6003113
1.067245e-06 1.066567e+09 6002113 1.102222e+09 6002113
7.326166e-07 1.123851e+09 6003114 1.104988e+09 6003113
1.300768e-06 1.056004e+09 6002113 1.087874e+09 6002113
7.14623e-08 1.10782e+09 6002113 1.099801e+09 6002113
1.226109e-06 1.070624e+09 6002113 1.102344e+09 6002113
1.233514e-06 1.11199e+09 6003113 1.100933e+09 6003113
4.166032e-07 1.099876e+09 6002114 1.091315e+09 6002113
1.385659e-06 1.10222e+09 6002113 1.094511e+09 6002113
1.173484e-06 1.090632e+09 6002113 1.088886e+09 6002113
1.678512e-06 1.08916e+09 6002113 1.100729e+09 6002113
1.17493e-06 1.09289e+09 6003114 1.109056e+09 6003113
1.196843e-06 1.133562e+09 6003114 1.111434e+09 6003113
2.004611e-06 1.093805e+09 6002113 1.101595e+09 6002113
1.375035e-06 1.106347e+09 6003113 1.080007e+09 6003113
5.950559e-07 1.08227e+09 6002113 1.090235e+09 6002113
1.300768e-06 1.096832e+09 6002113 1.104794e+09 6002113
2.634678e-08 1.053796e+09 6002114 1.103779e+09 6002113
7.273816e-07 1.110833e+09 6003113 1.119372e+09 6003113
1.330196e-06 1.110291e+09 6003113 1.124839e+09 6003113
1.189525e-06 1.067587e+09 6002114 1.091073e+09 6002113
1.226109e-06 1.1055e+09 6003114 1.108309e+09 6003113
1.365519e-06 1.10269e+09 6002113 1.072676e+09 6002113
7.67614e-08 1.106236e+09 6002113 1.082993e+09 6002113
1.367207e-06 1.12455e+09 6003114 1.102575e+09 6003113
1.317409e-06 1.135503e+09 6003114 1.108299e+09 6003113
7.749455e-07 1.132767e+09 6003113 1.107307e+09 6003113
1.32114e-06 1.075358e+09 6002114 1.097512e+09 6002113
1.174602e-06 1.106547e+09 6002114 1.092097e+09 6002113
1.105151e-06 1.101851e+09 6003113 1.10531e+09 6003113
1.327888e-06 1.07558e+09 6002114 1.100861e+09 6002113
1.354675e-06 1.092352e+09 6002114 1.102738e+09 6002113
1.344503e-06 1.093349e+09 6002113 1.091139e+09 6002113
1.365036e-06 1.10861e+09 6003114 1.107638e+09 6003113
8.764069e-07 1.104729e+09 6002113 1.08035e+09 6002113
1.314107e-06 1.084031e+09 6002114 1.096457e+09 6002113
1.124067e-06 1.120504e+09 6003113 1.118465e+09 6003113
1.327888e-06 1.066512e+09 6002114 1.090659e+09 6002113
1.342792e-07 1.077657e+09 6002113 1.104059e+09 6002113
1.020323e-06 1.107622e+09 6003114 1.102149e+09 6003113
1.173484e-06 1.096867e+09 6003114 1.10768e+09 6003113
1.375035e-06 1.124607e+09 6003113 1.107061e+09 6003113
1.341146e-06 1.099403e+09 6002113 1.092552e+09 6002113
3.389739e-07 1.090254e+09 6002114 1.102643e+09 6002113
7.104589e-10 1.074436e+09 6002113 1.093131e+09 6002113
1.291522e-06 1.091132e+09 6002113 1.09289e+09 6002113
1.337984e-06 1.107114e+09 6003113 1.092133e+09 6003113
1.280743e-06 1.107254e+09 6002113 1.074866e+09 6002113
1.280743e-06 1.123293e+09 6003113 1.108028e+09 6003113
1.196843e-06 1.08646e+09 6002114 1.100766e+09 6002113
1.357439e-06 1.114283e+09 6003113 1.10779e+09 6003113
1.983647e-07 1.11608e+09 6003113 1.122665e+09 6003113
1.861852e-06 1.090377e+09 6002113 1.102748e+09 6002113
1.124067e-06 1.101513e+09 6003113 1.112153e+09 6003113
2.270451e-08 1.138742e+09 6003114 1.108409e+09 6003113
7.820191e-07 1.112365e+09 6003113 1.125688e+09 6003113
1.385659e-06 1.077651e+09 6002113 1.102332e+09 6002113
1.196843e-06 1.098999e+09 6002114 1.09558e+09 6002113
1.133668e-06 1.137383e+09 6003114 1.101629e+09 6003113
5.46032e-08 1.084346e+09 6002114 1.095603e+09 6002113
1.067245e-06 1.081901e+09 6002114 1.087942e+09 6002113
1.105151e-06 1.096938e+09 6002113 1.048993e+09 6002113
1.326528e-06 1.100009e+09 6002113 1.093625e+09 6002113
1.286202e-06 1.101268e+09 6002114 1.103991e+09 6002113
1.424708e-06 1.057371e+09 6002113 1.106515e+09 6002113
1.367207e-06 1.092101e+09 6002113 1.093689e+09 6002113
1.378834e-06 1.106236e+09 6002113 1.092108e+09 6002113
5.213332e-09 1.131359e+09 6003113 1.100038e+09 6003113
1.173484e-06 1.09626e+09 6003113 1.123576e+09 6003113
9.274156e-07 1.092244e+09 6003113 1.069886e+09 6003113
1.34891e-06 1.102076e+09 6003113 1.127826e+09 6003113
1.156551e-06 1.126481e+09 6003113 1.113469e+09 6003113
1.647411e-06 1.075493e+09 6002113 1.10103e+09 6002113
1.020323e-06 1.100206e+09 6003113 1.127108e+09 6003113
1.17493e-06 1.081705e+09 6002113 1.101592e+09 6002113
2.132932e-09 1.091898e+09 6002113 1.102873e+09 6002113
1.193437e-07 1.093239e+09 6003113 1.12976e+09 6003113
1.334379e-06 1.100783e+09 6002113 1.068046e+09 6002113
1.801965e-08 1.076902e+09 6002113 1.096175e+09 6002113
1.147584e-06 1.093101e+09 6002113 1.06669e+09 6002113
1.233514e-06 1.119078e+09 6003114 1.109244e+09 6003113
1.339855e-06 1.10716e+09 6003113 1.079393e+09 6003113
1.120393e-07 1.113335e+09 6003113 1.121063e+09 6003113
1.238355e-06 1.096598e+09 6002113 1.086051e+09 6002113
1.378834e-06 1.093005e+09 6002113 1.074527e+09 6002113
9.252333e-07 1.120461e+09 6003114 1.10442e+09 6003113
1.147584e-06 1.11682e+09 6003113 1.105367e+09 6003113
1.538287e-06 1.118808e+09 6003113 1.106474e+09 6003113
1.286202e-06 1.10995e+09 6003113 1.114211e+09 6003113
1.28342e-06 1.084311e+09 6003113 1.108301e+09 6003113
1.286202e-06 1.100758e+09 6002113 1.045075e+09 6002113
1.165303e-06 1.114216e+09 6003114 1.10982e+09 6003113
3.507236e-07 1.095165e+09 6002114 1.089725e+09 6002113
1.238355e-06 1.108116e+09 6002114 1.105074e+09 6002113
1.365036e-06 1.102077e+09 6003113 1.104476e+09 6003113
1.341146e-06 1.109318e+09 6003113 1.13337e+09 6003113
1.169098e-06 1.09543e+09 6003113 1.118893e+09 6003113
8.304177e-07 1.108927e+09 6003113 1.108323e+09 6003113
1.365519e-06 1.087012e+09 6002113 1.098823e+09 6002113
1.406135e-06 1.112169e+09 6003113 1.118949e+09 6003113
8.764069e-07 1.101325e+09 6003113 1.107852e+09 6003113
1.326009e-08 1.126964e+09 6003113 1.093484e+09 6003113
1.236274e-06 1.105695e+09 6003113 1.104931e+09 6003113
1.385659e-06 1.051908e+09 6002114 1.10129e+09 6002113
1.406135e-06 1.102906e+09 6003113 1.100324e+09 6003113
1.324177e-06 1.10305e+09 6002114 1.101643e+09 6002113
1.861852e-06 1.091721e+09 6002114 1.098977e+09 6002113
1.595663e-06 1.107394e+09 6002113 1.092863e+09 6002113
1.344503e-06 1.075464e+09 6003113 1.111466e+09 6003113
1.134354e-06 1.091238e+09 6002113 1.09415e+09 6002113
1.149835e-06 1.124524e+09 6003114 1.102279e+09 6003113
1.124719e-06 1.062371e+09 6002114 1.096304e+09 6002113
1.28342e-06 1.100195e+09 6003113 1.088112e+09 6003113
1.296259e-06 1.09309e+09 6002113 1.09807e+09 6002113
3.307605e-08 1.111809e+09 6003113 1.095e+09 6003113
1.317409e-06 1.070396e+09 6003114 1.1046e+09 6003113
1.105151e-06 1.070176e+09 6002114 1.102358e+09 6002113
1.174602e-06 1.049236e+09 6002113 1.100387e+09 6002113
7.36686e-07 1.086745e+09 6003113 1.123992e+09 6003113
1.124719e-06 1.098077e+09 6002113 1.101064e+09 6002113
1.291387e-06 1.084484e+09 6002113 1.09193e+09 6002113
1.236274e-06 1.08372e+09 6002113 1.096587e+09 6002113
1.365519e-06 1.107647e+09 6003113 1.10595e+09 6003113
3.089018e-07 1.091199e+09 6002114 1.102613e+09 6002113
1.239678e-06 1.096865e+09 6002113 1.104137e+09 6002113
1.174602e-06 1.103524e+09 6003113 1.119966e+09 6003113
1.538287e-06 1.083e+09 6002114 1.102346e+09 6002113
1.213059e-06 1.119891e+09 6003113 1.106457e+09 6003113
1.233514e-06 1.088947e+09 6002113 1.101125e+09 6002113
1.133668e-06 1.105943e+09 6003113 1.109696e+09 6003113
1.232514e-06 1.099157e+09 6003113 1.102481e+09 6003113
1.134354e-06 1.088982e+09 6002113 1.094002e+09 6002113
7.273816e-07 1.095472e+09 6002113 1.106091e+09 6002113
2.004611e-06 1.109876e+09 6003113 1.103946e+09 6003113
1.808228e-06 1.101836e+09 6002113 1.073353e+09 6002113
1.406135e-06 1.077714e+09 6002113 1.1074e+09 6002113
1.149835e-06 1.091523e+09 6003113 1.114797e+09 6003113
1.129815e-06 1.104203e+09 6002114 1.107983e+09 6002113
1.180877e-06 1.098207e+09 6002113 1.097592e+09 6002113
5.297854e-07 1.10418e+09 6002113 1.100504e+09 6002113
1.28342e-06 1.077671e+09 6002113 1.105031e+09 6002113
1.133668e-06 1.123363e+09 6003113 1.093425e+09 6003113
1.169098e-06 1.104367e+09 6003113 1.119261e+09 6003113
1.569447e-06 1.098662e+09 6002113 1.086744e+09 6002113
1.339855e-06 1.10037e+09 6002113 1.074404e+09 6002113
1.17493e-06 1.099516e+09 6002113 1.096151e+09 6002113
1.621852e-06 1.089089e+09 6003113 1.125362e+09 6003113
1.142236e-06 1.119069e+09 6003114 1.113263e+09 6003113
1.226109e-06 1.092126e+09 6002113 1.095748e+09 6002113
6.373873e-07 1.087707e+09 6002114 1.106831e+09 6002113
1.357439e-06 1.096922e+09 6002113 1.101207e+09 6002113
1.17493e-06 1.088379e+09 6002113 1.101734e+09 6002113
1.406135e-06 1.100462e+09 6002114 1.104001e+09 6002113
1.171624e-06 1.094934e+09 6002113 1.063184e+09 6002113
1.196843e-06 1.139314e+09 6003113 1.084249e+09 6003113
1.888708e-07 1.080658e+09 6002113 1.103345e+09 6002113
1.142236e-06 1.093195e+09 6003113 1.107788e+09 6003113
1.105151e-06 1.093659e+09 6002113 1.099593e+09 6002113
1.507682e-07 1.10547e+09 6003113 1.107456e+09 6003113
1.334379e-06 1.113158e+09 6003113 1.104327e+09 6003113
1.341146e-06 1.10148e+09 6002113 1.10882e+09 6002113
1.378834e-06 1.097158e+09 6002113 1.100136e+09 6002113
1.26582e-07 1.094125e+09 6003114 1.106519e+09 6003113
1.339855e-06 1.101184e+09 6002114 1.102168e+09 6002113
1.020323e-06 1.097619e+09 6002113 1.079529e+09 6002113
1.334379e-06 1.099783e+09 6003113 1.093811e+09 6003113
1.17493e-06 1.002525e+09 6002113 1.099174e+09 6002113
1.295442e-06 1.095186e+09 6002113 1.092907e+09 6002113
1.317409e-06 1.09833e+09 6002113 1.085494e+09 6002113
1.067245e-06 1.10399e+09 6002113 1.088996e+09 6002113
1.861852e-06 1.093071e+09 6002114 1.108246e+09 6002113
1.406135e-06 1.106821e+09 6003113 1.116522e+09 6003113
1.365036e-06 1.092138e+09 6002114 1.108818e+09 6002113
1.173484e-06 1.135868e+09 6003113 1.094682e+09 6003113
1.662945e-06 1.062879e+09 6002114 1.093614e+09 6002113
1.326528e-06 1.084371e+09 6002113 1.097498e+09 6002113
1.291522e-06 1.134282e+09 6003114 1.095819e+09 6003113
1.357439e-06 1.081072e+09 6002113 1.109685e+09 6002113
1.165303e-06 1.105192e+09 6003113 1.104412e+09 6003113
1.120393e-07 1.07699e+09 6002114 1.091173e+09 6002113
1.040597e-06 1.086937e+09 6002113 1.096281e+09 6002113
1.314107e-06 1.097703e+09 6002113 1.097657e+09 6002113
1.334379e-06 1.11887e+09 6003113 1.095816e+09 6003113
3.507236e-07 1.111923e+09 6003114 1.111718e+09 6003113
1.193437e-07 1.127836e+09 6003113 1.100985e+09 6003113
1.341146e-06 1.092952e+09 6002113 1.075803e+09 6002113
1.169098e-06 1.098802e+09 6002113 1.085593e+09 6002113
1.230168e-06 1.082914e+09 6003113 1.106828e+09 6003113
1.239678e-06 1.090894e+09 6002113 1.102643e+09 6002113
1.141954e-06 1.103335e+09 6003113 1.114635e+09 6003113
1.239134e-06 1.126048e+09 6003113 1.105688e+09 6003113
1.169098e-06 1.108632e+09 6003114 1.104472e+09 6003113
1.0194e-06 1.098989e+09 6002113 1.075945e+09 6002113
1.295442e-06 1.124317e+09 6003113 1.107986e+09 6003113
1.232514e-06 1.103385e+09 6003113 1.134228e+09 6003113
1.17493e-06 1.087891e+09 6002114 1.102175e+09 6002113
1.286202e-06 1.100182e+09 6003113 1.128013e+09 6003113
7.749455e-07 1.099292e+09 6003113 1.107615e+09 6003113
1.861852e-06 1.076678e+09 6003114 1.108663e+09 6003113
1.327888e-06 1.099443e+09 6002113 1.070353e+09 6002113
1.342792e-07 1.077275e+09 6002113 1.097278e+09 6002113
1.354675e-06 1.105004e+09 6003113 1.087685e+09 6003113
1.340623e-06 1.134864e+09 6003113 1.115019e+09 6003113
1.424708e-06 1.122501e+09 6003114 1.108025e+09 6003113
1.781697e-07 1.105749e+09 6003113 1.105325e+09 6003113
1.230168e-06 1.104189e+09 6003113 1.110175e+09 6003113
1.339855e-06 1.1079e+09 6003113 1.106958e+09 6003113
1.808228e-06 1.120097e+09 6003114 1.113651e+09 6003113
1.230168e-06 1.120808e+09 6003113 1.107615e+09 6003113
1.32114e-06 1.094363e+09 6002113 1.106201e+09 6002113
9.274156e-07 1.102299e+09 6003113 1.115544e+09 6003113
1.291522e-06 1.084164e+09 6002113 1.099343e+09 6002113
1.124067e-06 1.107561e+09 6003113 1.103055e+09 6003113
9.274156e-07 1.088282e+09 6002114 1.091523e+09 6002113
1.239134e-06 1.107729e+09 6003113 1.114699e+09 6003113
1.0194e-06 1.101767e+09 6002113 1.109582e+09 6002113
1.280743e-06 1.124697e+09 6003113 1.099754e+09 6003113
9.274156e-07 1.086509e+09 6002113 1.054576e+09 6002113
1.124067e-06 1.08687e+09 6002113 1.097466e+09 6002113
1.339855e-06 1.11262e+09 6003113 1.103629e+09 6003113
3.712356e-07 1.090398e+09 6002114 1.089023e+09 6002113
1.149835e-06 1.102299e+09 6002113 1.069758e+09 6002113
1.180877e-06 1.126116e+09 6003114 1.100088e+09 6003113
1.280743e-06 1.105298e+09 6003113 1.089682e+09 6003113
8.286284e-07 1.091302e+09 6002113 1.107779e+09 6002113
1.020323e-06 1.117988e+09 6003114 1.102912e+09 6003113
1.180877e-06 1.104012e+09 6003113 1.116368e+09 6003113
4.166032e-07 1.10801e+09 6002113 1.086126e+09 6002113
1.134354e-06 1.110999e+09 6003113 1.101786e+09 6003113
1.28342e-06 1.103325e+09 6002114 1.074962e+09 6002113
1.213059e-06 1.093674e+09 6002113 1.101564e+09 6002113
1.296259e-06 1.092748e+09 6002113 1.110209e+09 6002113
9.736617e-07 1.080483e+09 6002114 1.105696e+09 6002113
1.238355e-06 1.12552e+09 6003114 1.101478e+09 6003113
1.341146e-06 1.110736e+09 6003113 1.094248e+09 6003113
4.911426e-07 1.104405e+09 6002113 1.085046e+09 6002113
1.142236e-06 1.106392e+09 6002113 1.028447e+09 6002113
4.527613e-07 1.069406e+09 6002114 1.094776e+09 6002113
1.248774e-06 1.09126e+09 6002114 1.107544e+09 6002113
1.239678e-06 1.122465e+09 6003114 1.113194e+09 6003113
1.239678e-06 1.104094e+09 6003113 1.129331e+09 6003113
1.213059e-06 1.1204e+09 6003114 1.108197e+09 6003113
1.32114e-06 1.096143e+09 6003113 1.113918e+09 6003113
1.28342e-06 1.101553e+09 6002113 1.091463e+09 6002113
1.909065e-06 1.099215e+09 6002113 1.106904e+09 6002113
1.211975e-06 1.094019e+09 6002113 1.107806e+09 6002113
4.400457e-08 1.105431e+09 6002113 1.065473e+09 6002113
1.286202e-06 1.099853e+09 6003114 1.102008e+09 6003113
1.357182e-06 1.097573e+09 6002113 1.10057e+09 6002113
1.295442e-06 1.068615e+09 6002114 1.105642e+09 6002113
1.334379e-06 1.127728e+09 6003114 1.099771e+09 6003113
8.304177e-07 1.101863e+09 6002113 1.077569e+09 6002113
1.141954e-06 1.106413e+09 6003113 1.116498e+09 6003113
1.378834e-06 1.065871e+09 6002113 1.09174e+09 6002113
1.330196e-06 1.118276e+09 6003114 1.08909e+09 6003113
1.169098e-06 1.096104e+09 6002114 1.101889e+09 6002113
1.238355e-06 1.112682e+09 6003114 1.108636e+09 6003113
1.134354e-06 1.135746e+09 6003113 1.102638e+09 6003113
1.226109e-06 1.063158e+09 6002113 1.1014e+09 6002113
1.339855e-06 1.096886e+09 6002113 1.106207e+09 6002113
7.820191e-07 1.08678e+09 6002114 1.105272e+09 6002113
3.712356e-07 1.078665e+09 6002113 1.101034e+09 6002113
1.230168e-06 1.097628e+09 6002113 1.112208e+09 6002113
8.286284e-07 1.121543e+09 6003113 1.107807e+09 6003113
1.507682e-07 1.105697e+09 6003113 1.100634e+09 6003113
5.420825e-07 1.130403e+09 6003113 1.111391e+09 6003113
1.281963e-06 1.099386e+09 6002114 1.10424e+09 6002113
1.133668e-06 1.098712e+09 6002113 1.100119e+09 6002113
5.420825e-07 1.122269e+09 6003113 1.106198e+09 6003113
1.169098e-06 1.066711e+09 6002114 1.096394e+09 6002113
1.295442e-06 1.093927e+09 6002113 1.098131e+09 6002113
1.239678e-06 1.117906e+09 6003114 1.106527e+09 6003113
1.324177e-06 1.083255e+09 6002114 1.104039e+09 6002113
1.196843e-06 1.021844e+09 6002114 1.092799e+09 6002113
1.300768e-06 1.107393e+09 6003113 1.134383e+09 6003113
1.196843e-06 1.116749e+09 6003114 1.093726e+09 6003113
4.911426e-07 1.128481e+09 6003113 1.103284e+09 6003113
1.861852e-06 1.006155e+09 6002113 1.099732e+09 6002113
6.25222e-08 1.091073e+09 6002114 1.104569e+09 6002113
1.13888e-06 1.086955e+09 6002114 1.099129e+09 6002113
1.17493e-06 1.10574e+09 6002113 1.075766e+09 6002113
2.443317e-07 1.103313e+09 6002113 1.058048e+09 6002113
1.173484e-06 1.08741e+09 6002113 1.09349e+09 6002113
1.319053e-06 1.09267e+09 6002113 1.102987e+09 6002113
1.647411e-06 1.076335e+09 6002114 1.095085e+09 6002113
1.142236e-06 1.106156e+09 6002114 1.100706e+09 6002113
1.17493e-06 1.097445e+09 6002114 1.103891e+09 6002113
1.296259e-06 1.107698e+09 6002113 1.098172e+09 6002113
1.784228e-06 1.074047e+09 6002114 1.098949e+09 6002113
1.120393e-07 1.100995e+09 6003114 1.103694e+09 6003113
1.747859e-10 1.113715e+09 6003113 1.108224e+09 6003113
1.337984e-06 1.125434e+09 6003113 1.093236e+09 6003113
1.354675e-06 1.107554e+09 6003113 1.115916e+09 6003113
1.230168e-06 1.125736e+09 6003113 1.091046e+09 6003113
1.747306e-06 1.10071e+09 6002113 1.098689e+09 6002113
1.357182e-06 1.124486e+09 6003114 1.102136e+09 6003113
7.14623e-08 1.122625e+09 6003113 1.10631e+09 6003113
1.020323e-06 1.066492e+09 6002114 1.093581e+09 6002113
7.749455e-07 1.093038e+09 6002114 1.105135e+09 6002113
6.25222e-08 1.090771e+09 6002113 1.057384e+09 6002113
7.749455e-07 1.105403e+09 6003114 1.099783e+09 6003113
1.239134e-06 1.101859e+09 6003114 1.103226e+09 6003113
1.662945e-06 1.105969e+09 6003113 1.12893e+09 6003113
1.568106e-06 1.083604e+09 6002114 1.08939e+09 6002113
6.275371e-07 1.1265e+09 6003113 1.107774e+09 6003113
9.736617e-07 1.103872e+09 6003113 1.108958e+09 6003113
1.213059e-06 1.083611e+09 6002114 1.096531e+09 6002113
1.138395e-06 1.104838e+09 6002113 1.10167e+09 6002113
1.330196e-06 1.133622e+09 6003114 1.099909e+09 6003113
1.239134e-06 1.094846e+09 6002113 1.102775e+09 6002113
1.239678e-06 1.085579e+09 6002113 1.09315e+09 6002113
1.248774e-06 1.094215e+09 6003113 1.108873e+09 6003113
7.820191e-07 1.126469e+09 6003114 1.100328e+09 6003113
1.314107e-06 1.127416e+09 6003113 1.104575e+09 6003113
3.089018e-07 1.087051e+09 6002114 1.101514e+09 6002113
1.568106e-06 1.11364e+09 6003113 1.11291e+09 6003113
1.314107e-06 1.091505e+09 6002113 1.101138e+09 6002113
6.373873e-07 1.089033e+09 6002114 1.109597e+09 6002113
1.357182e-06 1.115343e+09 6003114 1.107608e+09 6003113
2.443317e-07 1.088453e+09 6002114 1.088879e+09 6002113
7.273816e-07 1.096213e+09 6002113 1.076726e+09 6002113
1.133668e-06 1.09642e+09 6002113 1.083551e+09 6002113
1.334379e-06 1.108399e+09 6003113 1.11631e+09 6003113
1.375035e-06 1.105863e+09 6003113 1.082881e+09 6003113
1.17493e-06 1.076374e+09 6003113 1.113307e+09 6003113
1.226109e-06 1.098443e+09 6002113 1.092296e+09 6002113
1.319053e-06 1.095144e+09 6002114 1.08669e+09 6002113
1.138395e-06 1.116127e+09 6003113 1.106987e+09 6003113
1.291522e-06 1.098396e+09 6002114 1.098188e+09 6002113
1.174602e-06 1.086867e+09 6002113 1.08256e+09 6002113
1.142236e-06 1.104015e+09 6003113 1.100654e+09 6003113
1.34891e-06 1.080703e+09 6002113 1.093426e+09 6002113
8.286284e-07 1.074208e+09 6002113 1.094861e+09 6002113
1.280743e-06 1.105275e+09 6002113 1.088157e+09 6002113
1.189525e-06 1.096359e+09 6002113 1.077806e+09 6002113
1.174602e-06 1.105901e+09 6002113 1.071683e+09 6002113
1.156302e-06 1.114055e+09 6003114 1.113591e+09 6003113
1.595663e-06 1.042879e+09 6002113 1.105906e+09 6002113
1.621852e-06 1.101411e+09 6002113 1.095244e+09 6002113
1.230168e-06 1.092988e+09 6002113 1.107143e+09 6002113
2.443317e-07 1.080714e+09 6003114 1.106255e+09 6003113
1.239678e-06 1.099122e+09 6002113 1.098408e+09 6002113
3.053606e-08 1.106467e+09 6003114 1.096275e+09 6003113
1.337984e-06 1.094867e+09 6003113 1.13064e+09 6003113
6.25222e-08 1.11947e+09 6003114 1.108521e+09 6003113
6.25222e-08 1.067838e+09 6002113 1.10562e+09 6002113
1.340623e-06 1.114707e+09 6003113 1.114016e+09 6003113
1.621852e-06 1.126888e+09 6003114 1.114841e+09 6003113
1.300768e-06 1.077114e+09 6003113 1.105297e+09 6003113
8.153138e-08 1.061389e+09 6002113 1.096631e+09 6002113
1.537486e-06 1.100903e+09 6003113 1.127466e+09 6003113
1.330196e-06 1.101496e+09 6002113 1.073909e+09 6002113
1.337984e-06 1.088329e+09 6002113 1.0833e+09 6002113
9.252333e-07 1.099283e+09 6002114 1.098772e+09 6002113
1.147584e-06 1.078617e+09 6002114 1.099714e+09 6002113
1.334379e-06 1.093756e+09 6002113 1.09906e+09 6002113
7.36686e-07 1.079868e+09 6002113 1.102723e+09 6002113
5.950559e-07 1.097551e+09 6003113 1.117098e+09 6003113
1.324177e-06 1.100443e+09 6003114 1.10884e+09 6003113
1.339855e-06 1.095392e+09 6002114 1.105953e+09 6002113
1.327888e-06 1.100751e+09 6002113 1.091848e+09 6002113
1.129815e-06 1.095332e+09 6002113 1.093644e+09 6002113
9.896668e-08 1.127975e+09 6003114 1.108114e+09 6003113
1.134354e-06 1.107069e+09 6002114 1.082675e+09 6002113
1.983647e-07 1.077657e+09 6002114 1.101208e+09 6002113
1.296259e-06 1.094208e+09 6002113 1.096317e+09 6002113
1.171624e-06 1.101415e+09 6003113 1.135207e+09 6003113
4.760488e-08 1.107788e+09 6002113 1.082754e+09 6002113
1.337984e-06 1.08964e+09 6002113 1.073814e+09 6002113
1.0194e-06 1.098921e+09 6002114 1.099323e+09 6002113
1.909065e-06 1.095235e+09 6002113 1.095542e+09 6002113
1.319053e-06 1.120717e+09 6003114 1.100528e+09 6003113
1.174602e-06 1.101901e+09 6003114 1.101364e+09 6003113
1.296259e-06 1.036421e+09 6002113 1.103368e+09 6002113
