1.137488e-06 1.059622e+09 6001113 1.089977e+09 6001113
1.136479e-06 1.088865e+09 6001113 1.091167e+09 6001113
1.225536e-06 1.111084e+09 6002113 1.079727e+09 6002113
2.409844e-07 1.111088e+09 6002114 1.083348e+09 6002113
1.027594e-06 1.143144e+09 6003114 1.091942e+09 6003113
1.291909e-06 1.109094e+09 6002113 1.090088e+09 6002113
1.250631e-06 1.045965e+09 6001113 1.08617e+09 6001113
1.089956e-06 1.085895e+09 6001113 1.101606e+09 6001113
1.286948e-06 1.079475e+09 6001114 1.072481e+09 6001113
1.215646e-06 1.085154e+09 6001114 1.048114e+09 6001113
1.410122e-06 1.082856e+09 6003113 1.138318e+09 6003113
7.55116e-07 1.07767e+09 6001113 1.057238e+09 6001113
1.28907e-06 1.067544e+09 6001114 1.067713e+09 6001113
