1.192175e-06 1.079159e+09 6002113 1.094003e+09 6002113
1.052787e-06 1.073085e+09 6001114 1.069103e+09 6001113
1.37854e-07 1.055329e+09 6001113 1.06722e+09 6001113
1.030045e-06 1.066049e+09 6001113 1.06756e+09 6001113
1.217271e-06 1.088675e+09 6002113 1.101521e+09 6002113
1.177318e-06 1.086186e+09 6002113 1.105315e+09 6002113
1.030045e-06 1.07957e+09 6001113 1.052619e+09 6001113
1.153957e-06 1.089956e+09 6002114 1.080964e+09 6002113
1.023851e-06 1.064472e+09 6001113 1.086086e+09 6001113
1.188072e-06 1.064457e+09 6001114 1.065927e+09 6001113
1.207139e-06 1.084539e+09 6001113 1.075428e+09 6001113
1.091117e-06 1.064842e+09 6001114 1.07913e+09 6001113
1.053375e-06 1.054299e+09 6001113 1.077372e+09 6001113
1.028885e-06 1.059246e+09 6001113 1.069977e+09 6001113
1.105656e-06 1.062172e+09 6001113 1.08127e+09 6001113
3.092079e-07 1.066074e+09 6001113 1.087022e+09 6001113
1.184132e-06 1.068068e+09 6001113 1.027953e+09 6001113
3.793084e-07 1.120848e+09 6003114 1.092664e+09 6003113
7.905144e-07 1.102036e+09 6002114 1.094439e+09 6002113
1.153957e-06 1.043885e+09 6001114 1.08209e+09 6001113
1.219266e-06 1.05993e+09 6001113 1.042836e+09 6001113
1.202615e-06 1.066359e+09 6001113 1.057507e+09 6001113
1.37854e-07 1.040504e+09 6001114 1.073197e+09 6001113
1.206461e-06 1.077726e+09 6001113 1.078276e+09 6001113
1.055765e-06 1.107147e+09 6002113 1.0972e+09 6002113
1.187818e-06 1.045414e+09 6001113 1.067994e+09 6001113
1.143553e-06 1.068467e+09 6001113 1.076931e+09 6001113
1.19414e-06 1.065549e+09 6001113 1.053292e+09 6001113
1.136192e-06 1.065048e+09 6001113 1.073834e+09 6001113
6.899878e-09 1.059476e+09 6001114 1.061615e+09 6001113
1.053375e-06 1.070074e+09 6001114 1.059299e+09 6001113
6.643101e-07 1.079632e+09 6001113 1.036804e+09 6001113
1.16852e-06 1.087334e+09 6001114 1.077076e+09 6001113
1.192175e-06 1.075801e+09 6002113 1.105209e+09 6002113
1.039933e-06 1.089119e+09 6002114 1.058463e+09 6002113
6.007408e-10 1.08343e+09 6001114 1.07612e+09 6001113
9.519204e-07 1.065968e+09 6001114 1.045137e+09 6001113
1.630527e-06 1.086788e+09 6001113 1.077721e+09 6001113
1.197557e-06 1.068338e+09 6001113 1.028602e+09 6001113
1.117927e-06 1.065625e+09 6001113 1.066329e+09 6001113
1.190611e-06 1.062085e+09 6001114 1.063596e+09 6001113
5.29558e-07 1.031879e+09 6001114 1.070727e+09 6001113
1.053746e-06 1.109342e+09 6002113 1.095567e+09 6002113
1.180204e-06 1.063976e+09 6001114 1.077185e+09 6001113
1.150908e-06 1.096924e+09 6002113 1.051597e+09 6002113
1.149032e-06 1.118765e+09 6003114 1.078755e+09 6003113
1.488555e-06 1.073556e+09 6001114 1.044272e+09 6001113
4.005129e-08 1.069318e+09 6002113 1.098538e+09 6002113
1.219266e-06 1.069436e+09 6002113 1.115762e+09 6002113
1.053375e-06 1.101784e+09 6002113 1.083728e+09 6002113
1.042338e-06 1.101831e+09 6002113 1.052085e+09 6002113
1.052787e-06 1.060931e+09 6001114 1.073999e+09 6001113
8.305553e-07 1.094675e+09 6002113 1.0512e+09 6002113
1.153957e-06 1.070571e+09 6001113 1.062748e+09 6001113
7.905144e-07 1.088575e+09 6003113 1.13561e+09 6003113
1.150908e-06 1.076858e+09 6001113 1.07726e+09 6001113
1.00969e-06 1.10877e+09 6002113 1.079848e+09 6002113
1.19414e-06 1.071534e+09 6001113 1.038953e+09 6001113
1.190611e-06 1.100228e+09 6002113 1.069744e+09 6002113
1.030045e-06 1.066899e+09 6001113 1.049797e+09 6001113
1.053746e-06 1.034249e+09 6002113 1.09966e+09 6002113
1.044945e-06 1.099034e+09 6002113 1.057324e+09 6002113
1.044945e-06 1.099034e+09 6002113 1.057324e+09 6002113
1.027491e-06 1.022828e+09 6001114 1.052109e+09 6001113
3.472347e-08 1.093222e+09 6001114 1.05911e+09 6001113
1.039933e-06 1.045273e+09 6001114 1.056013e+09 6001113
1.846305e-06 1.064901e+09 6001114 1.042818e+09 6001113
9.519204e-07 1.083281e+09 6001114 1.037412e+09 6001113
1.149032e-06 1.046894e+09 6001114 1.065762e+09 6001113
8.305553e-07 1.08905e+09 6001113 1.039292e+09 6001113
9.044427e-08 1.10065e+09 6002113 1.095196e+09 6002113
1.459463e-06 1.080135e+09 6001113 1.082458e+09 6001113
2.469176e-07 1.085453e+09 6001113 1.081483e+09 6001113
1.205687e-06 1.064425e+09 6001114 1.062883e+09 6001113
1.055765e-06 1.048942e+09 6001114 1.069589e+09 6001113
1.628762e-07 1.117587e+09 6002114 1.066749e+09 6002113
1.628762e-07 1.117587e+09 6002114 1.066749e+09 6002113
1.37854e-07 1.096725e+09 6002114 1.079509e+09 6002113
1.102929e-06 1.083465e+09 6001113 1.067578e+09 6001113
1.274978e-06 1.061898e+09 6001113 1.079768e+09 6001113
1.053375e-06 1.069089e+09 6001113 1.075321e+09 6001113
3.196454e-07 1.08304e+09 6001113 1.054366e+09 6001113
1.190611e-06 1.047803e+09 6001114 1.088665e+09 6001113
7.044471e-07 1.057836e+09 6001113 1.082517e+09 6001113
8.304064e-07 1.099681e+09 6002113 1.088173e+09 6002113
7.905144e-07 1.065603e+09 6001113 1.077188e+09 6001113
8.305553e-07 1.068322e+09 6001114 1.070083e+09 6001113
6.571935e-07 1.063111e+09 6001113 1.083665e+09 6001113
1.184132e-06 1.051226e+09 6002113 1.092735e+09 6002113
5.389988e-07 1.059385e+09 6001114 1.068021e+09 6001113
1.052787e-06 1.082155e+09 6002114 1.089859e+09 6002113
1.053722e-06 1.068421e+09 6001113 1.063342e+09 6001113
1.149032e-06 1.028593e+09 6001113 1.055218e+09 6001113
6.522667e-08 1.06189e+09 6001113 1.085513e+09 6001113
1.222766e-06 1.071223e+09 6001113 1.083305e+09 6001113
1.702247e-06 1.082466e+09 6001113 1.04682e+09 6001113
4.480897e-07 1.068894e+09 6001113 1.076635e+09 6001113
1.126123e-06 1.10817e+09 6002113 1.065838e+09 6002113
1.107923e-06 1.091807e+09 6002113 1.07295e+09 6002113
8.305553e-07 1.092426e+09 6002113 1.02278e+09 6002113
1.582286e-06 1.089273e+09 6001113 1.074521e+09 6001113
1.149032e-06 1.069538e+09 6001114 1.069767e+09 6001113
1.105679e-06 1.051073e+09 6001114 1.08005e+09 6001113
1.192175e-06 1.044122e+09 6001113 1.073892e+09 6001113
1.205687e-06 1.090365e+09 6001113 1.06276e+09 6001113
1.126123e-06 1.101673e+09 6002113 1.067225e+09 6002113
1.052665e-06 1.110044e+09 6002114 1.06136e+09 6002113
1.039933e-06 1.066962e+09 6002113 1.103098e+09 6002113
5.704112e-08 1.082554e+09 6001113 1.051443e+09 6001113
1.111031e-06 1.074269e+09 6002114 1.079089e+09 6002113
1.044945e-06 1.057853e+09 6001113 1.074703e+09 6001113
1.109715e-06 1.068346e+09 6001113 1.046542e+09 6001113
1.320948e-06 1.067712e+09 6001114 1.05889e+09 6001113
1.053746e-06 1.058635e+09 6001113 1.062795e+09 6001113
1.177318e-06 1.092094e+09 6002113 1.092212e+09 6002113
1.053345e-06 1.084539e+09 6001114 1.059986e+09 6001113
1.052787e-06 1.034372e+09 6001113 1.074983e+09 6001113
5.389988e-07 1.083911e+09 6001113 1.028085e+09 6001113
1.055765e-06 1.085785e+09 6001113 1.047475e+09 6001113
1.105656e-06 1.085414e+09 6001113 1.05218e+09 6001113
1.205687e-06 1.059936e+09 6001114 1.074864e+09 6001113
1.148665e-06 1.062794e+09 6002113 1.081665e+09 6002113
1.055353e-06 1.067707e+09 6001114 1.061359e+09 6001113
1.027491e-06 1.082929e+09 6002114 1.096812e+09 6002113
1.102929e-06 1.077346e+09 6001113 1.06828e+09 6001113
1.274978e-06 1.076709e+09 6001113 1.077289e+09 6001113
1.150908e-06 1.069268e+09 6001113 1.057069e+09 6001113
5.29558e-07 1.108348e+09 6002113 1.0805e+09 6002113
1.053345e-06 1.039378e+09 6001113 1.079916e+09 6001113
9.081247e-07 1.103696e+09 6002114 1.090598e+09 6002113
1.143553e-06 1.056969e+09 6002113 1.106594e+09 6002113
1.222766e-06 1.07939e+09 6001113 1.067807e+09 6001113
1.025832e-06 1.099482e+09 6002114 1.076451e+09 6002113
1.074604e-06 1.072904e+09 6001113 1.063541e+09 6001113
1.567444e-06 1.08602e+09 6002113 1.110285e+09 6002113
1.053722e-06 1.084447e+09 6001113 1.044924e+09 6001113
1.153957e-06 1.061361e+09 6001114 1.062925e+09 6001113
7.971328e-08 1.079116e+09 6001113 1.057302e+09 6001113
1.052787e-06 1.064392e+09 6002114 1.081461e+09 6002113
1.543621e-06 1.074913e+09 6003113 1.141437e+09 6003113
2.961075e-09 1.056832e+09 6001113 1.033772e+09 6001113
7.557394e-07 1.066503e+09 6001113 1.077483e+09 6001113
1.111031e-06 1.083658e+09 6001113 1.059041e+09 6001113
1.187818e-06 1.061045e+09 6001113 1.059201e+09 6001113
1.488555e-06 1.090529e+09 6001113 1.055511e+09 6001113
1.143751e-06 1.073841e+09 6001114 1.06616e+09 6001113
1.148665e-06 1.081402e+09 6001113 1.063209e+09 6001113
1.177318e-06 1.104192e+09 6002114 1.087844e+09 6002113
1.626392e-08 1.072624e+09 6001113 1.073936e+09 6001113
6.571935e-07 1.07832e+09 6001113 1.075109e+09 6001113
1.207139e-06 1.047599e+09 6001113 1.08459e+09 6001113
1.630527e-06 1.046344e+09 6001113 1.067555e+09 6001113
1.117927e-06 1.074675e+09 6001113 1.080461e+09 6001113
1.148665e-06 1.116554e+09 6002114 1.085437e+09 6002113
1.227757e-07 1.057491e+09 6001113 1.058809e+09 6001113
