9.273571e-07 1.11174e+09 6002113 1.098909e+09 6002113
1.500354e-06 1.126021e+09 6002113 1.101664e+09 6002113
1.505462e-06 1.107495e+09 6002113 1.120951e+09 6002113
1.573672e-06 1.097496e+09 6002113 1.12223e+09 6002113
1.573672e-06 1.12144e+09 6003113 1.138436e+09 6003113
1.089671e-06 1.122443e+09 6003113 1.149032e+09 6003113
3.417434e-08 1.10112e+09 6002113 1.119313e+09 6002113
1.481949e-06 1.096627e+09 6002113 1.118167e+09 6002113
1.357592e-06 1.10469e+09 6002113 1.121368e+09 6002113
2.243455e-06 1.109412e+09 6002113 1.07075e+09 6002113
1.43334e-06 1.103797e+09 6002113 1.101216e+09 6002113
1.257996e-06 1.116141e+09 6002113 1.057049e+09 6002113
1.274574e-06 1.082234e+09 6002113 1.11532e+09 6002113
1.527676e-06 1.117338e+09 6002113 1.126348e+09 6002113
1.268741e-06 1.097991e+09 6002113 1.10492e+09 6002113
1.304146e-06 1.130562e+09 6002113 1.107336e+09 6002113
2.136525e-06 1.11417e+09 6002113 1.096658e+09 6002113
1.504697e-06 1.121192e+09 6002113 1.102753e+09 6002113
1.264429e-06 1.13064e+09 6002113 1.113839e+09 6002113
1.372196e-06 1.11728e+09 6002113 1.110935e+09 6002113
1.313302e-06 1.140902e+09 6003113 1.109782e+09 6003113
1.861081e-06 1.111967e+09 6002113 1.12305e+09 6002113
1.386773e-06 1.098026e+09 6002113 1.115983e+09 6002113
1.356378e-06 1.119688e+09 6002113 1.087819e+09 6002113
1.268741e-06 1.108473e+09 6002113 1.094994e+09 6002113
1.140858e-06 1.109783e+09 6002113 1.11491e+09 6002113
1.516081e-06 1.10873e+09 6002113 1.115794e+09 6002113
1.257996e-06 1.106381e+09 6002113 1.106107e+09 6002113
1.474375e-06 1.111922e+09 6002113 1.092896e+09 6002113
1.519175e-06 1.07829e+09 6002113 1.116921e+09 6002113
1.164581e-06 1.109744e+09 6002113 1.048966e+09 6002113
1.445404e-06 1.118671e+09 6002113 1.101154e+09 6002113
1.313302e-06 1.084822e+09 6002113 1.115713e+09 6002113
1.488685e-06 1.11978e+09 6002113 1.120136e+09 6002113
1.278015e-06 1.112591e+09 6002113 1.083156e+09 6002113
1.308393e-06 1.10895e+09 6002113 1.11236e+09 6002113
1.331254e-06 1.117602e+09 6002113 1.114577e+09 6002113
1.379365e-06 1.114403e+09 6003113 1.154291e+09 6003113
2.083687e-06 1.11475e+09 6002113 1.112127e+09 6002113
1.445252e-06 1.11544e+09 6002113 1.120417e+09 6002113
1.445252e-06 1.099833e+09 6002113 1.100346e+09 6002113
9.867882e-07 1.119186e+09 6002113 1.116059e+09 6002113
1.140858e-06 1.108117e+09 6002113 1.121434e+09 6002113
1.445252e-06 1.112844e+09 6003113 1.109407e+09 6003113
1.516081e-06 1.11123e+09 6002113 1.116251e+09 6002113
1.380484e-06 1.101652e+09 6002113 1.102579e+09 6002113
8.2446e-07 1.111682e+09 6002113 1.087829e+09 6002113
1.107583e-07 1.119944e+09 6003113 1.125043e+09 6003113
5.202957e-07 1.117896e+09 6003113 1.125157e+09 6003113
8.14047e-07 1.108861e+09 6002113 1.119678e+09 6002113
1.386773e-06 1.111524e+09 6003113 1.153049e+09 6003113
1.543118e-06 1.108953e+09 6002113 1.114735e+09 6002113
1.278015e-06 1.116747e+09 6002113 1.116315e+09 6002113
1.505462e-06 1.122119e+09 6002113 1.118859e+09 6002113
1.505462e-06 1.107661e+09 6002113 1.114455e+09 6002113
1.380484e-06 1.119739e+09 6002113 1.116568e+09 6002113
1.316552e-06 1.114907e+09 6002113 1.109807e+09 6002113
1.530105e-06 1.111844e+09 6002113 1.115666e+09 6002113
1.488685e-06 1.127691e+09 6002113 1.119107e+09 6002113
1.264429e-06 1.095375e+09 6002113 1.108155e+09 6002113
1.455751e-06 1.087099e+09 6002113 1.120883e+09 6002113
1.188953e-06 1.108119e+09 6002113 1.09523e+09 6002113
5.623342e-07 1.107688e+09 6002113 1.116211e+09 6002113
1.274032e-06 1.120423e+09 6003113 1.125809e+09 6003113
1.376739e-06 1.100934e+09 6002113 1.114728e+09 6002113
1.387383e-06 1.109183e+09 6002113 1.104574e+09 6002113
1.274574e-06 1.147452e+09 6003113 1.122229e+09 6003113
1.878503e-06 1.117217e+09 6003113 1.127875e+09 6003113
5.067066e-07 1.123099e+09 6003113 1.116771e+09 6003113
1.274574e-06 1.114284e+09 6002113 1.112934e+09 6002113
5.496609e-07 1.127356e+09 6003113 1.151018e+09 6003113
1.372196e-06 1.111243e+09 6002113 1.119078e+09 6002113
1.314553e-06 1.101654e+09 6002113 1.113237e+09 6002113
6.659551e-07 1.112365e+09 6002113 1.11159e+09 6002113
1.878503e-06 1.11919e+09 6002113 1.108361e+09 6002113
