2.375505e-06 1.077384e+09 6002113 1.080238e+09 6002113
3.009484e-06 1.045278e+09 6001113 1.060241e+09 6001113
3.009484e-06 1.045278e+09 6001113 1.060241e+09 6001113
7.536476e-07 1.019207e+09 6001113 1.023725e+09 6001113
1.104631e-06 1.055092e+09 6001113 1.037434e+09 6001113
3.270804e-06 1.084018e+09 6002113 1.080165e+09 6002113
3.236416e-06 1.075875e+09 6002113 1.055975e+09 6002113
2.765883e-06 1.054467e+09 6001113 1.061024e+09 6001113
4.095175e-06 1.040962e+09 6001113 1.054892e+09 6001113
4.095175e-06 1.040962e+09 6001113 1.054892e+09 6001113
2.786788e-06 1.092045e+09 6002113 1.084184e+09 6002113
3.245364e-06 1.068934e+09 6002113 1.066598e+09 6002113
3.245364e-06 1.068934e+09 6002113 1.066598e+09 6002113
3.146062e-06 1.083449e+09 6002113 1.053002e+09 6002113
2.956933e-06 1.051441e+09 6001113 1.065619e+09 6001113
1.79734e-06 1.084876e+09 6002113 1.076576e+09 6002113
3.046714e-06 1.043519e+09 6001113 1.061564e+09 6001113
2.375505e-06 1.073763e+09 6002113 1.079839e+09 6002113
3.236416e-06 1.059286e+09 6001113 1.069811e+09 6001113
3.236416e-06 1.059286e+09 6001113 1.069811e+09 6001113
2.538811e-06 1.03316e+09 6001113 1.033062e+09 6001113
2.538811e-06 1.03316e+09 6001113 1.033062e+09 6001113
2.138226e-06 1.024943e+09 6001113 1.04993e+09 6001113
3.335662e-06 1.050012e+09 6001113 1.046647e+09 6001113
3.15068e-06 1.053452e+09 6001113 1.051864e+09 6001113
3.15068e-06 1.053452e+09 6001113 1.051864e+09 6001113
3.230679e-06 1.103309e+09 6003113 1.046335e+09 6003113
1.890684e-06 1.073873e+09 6002113 1.08447e+09 6002113
1.322554e-06 1.049149e+09 6002113 1.080559e+09 6002113
1.2259e-06 1.083446e+09 6002113 1.066371e+09 6002113
2.870111e-06 1.065341e+09 6001113 1.051101e+09 6001113
2.049738e-06 1.05092e+09 6001113 1.056968e+09 6001113
2.591941e-06 1.042507e+09 6001113 1.035862e+09 6001113
2.591941e-06 1.042507e+09 6001113 1.035862e+09 6001113
3.331545e-06 1.078726e+09 6003113 1.085724e+09 6003113
3.13803e-06 1.082332e+09 6003113 1.123962e+09 6003113
1.555075e-06 1.089671e+09 6002113 1.079635e+09 6002113
3.354762e-06 1.072124e+09 6003113 1.073136e+09 6003113
3.131243e-06 1.063882e+09 6002113 1.059362e+09 6002113
1.525394e-07 1.115857e+09 6003113 1.083089e+09 6003113
3.430638e-06 1.047399e+09 6001113 1.040699e+09 6001113
3.330365e-06 1.04604e+09 6001113 1.057109e+09 6001113
4.353096e-06 1.04626e+09 6001113 1.036849e+09 6001113
3.331545e-06 1.04429e+09 6001113 1.065671e+09 6001113
3.214167e-06 1.065224e+09 6001113 1.042514e+09 6001113
3.214167e-06 1.065224e+09 6001113 1.042514e+09 6001113
3.021295e-06 1.083581e+09 6002113 1.06241e+09 6002113
3.160574e-06 1.062199e+09 6002113 1.075928e+09 6002113
3.236416e-06 1.046967e+09 6001113 1.067688e+09 6001113
3.245364e-06 1.067732e+09 6002113 1.081731e+09 6002113
4.095175e-06 1.07774e+09 6002113 1.061713e+09 6002113
3.206112e-06 1.027321e+09 6001113 1.062452e+09 6001113
8.407189e-07 1.057676e+09 6001113 1.054053e+09 6001113
4.346921e-07 1.051428e+09 6001113 1.042289e+09 6001113
4.346921e-07 1.051428e+09 6001113 1.042289e+09 6001113
1.451796e-06 1.082474e+09 6002113 1.086713e+09 6002113
2.852323e-06 1.032381e+09 6001113 1.057457e+09 6001113
3.009484e-06 1.067412e+09 6002113 1.082954e+09 6002113
2.805327e-06 1.08215e+09 6003113 1.101999e+09 6003113
3.223271e-06 1.071776e+09 6002113 1.070679e+09 6002113
1.77464e-06 1.082721e+09 6002113 1.0486e+09 6002113
1.2259e-06 1.072881e+09 6002113 1.080209e+09 6002113
3.162566e-06 1.048588e+09 6001113 1.051695e+09 6001113
2.843065e-06 1.076053e+09 6002113 1.062081e+09 6002113
2.487095e-06 1.040846e+09 6001113 1.051318e+09 6001113
2.487095e-06 1.040846e+09 6001113 1.051318e+09 6001113
3.206112e-06 1.068609e+09 6001113 1.050967e+09 6001113
3.206112e-06 1.068609e+09 6001113 1.050967e+09 6001113
2.067484e-06 1.038724e+09 6002113 1.072177e+09 6002113
3.173568e-06 1.092828e+09 6003113 1.079133e+09 6003113
2.128577e-07 1.076653e+09 6002113 1.075339e+09 6002113
2.991417e-06 1.05158e+09 6001113 1.034414e+09 6001113
2.881062e-06 1.060513e+09 6002113 1.079756e+09 6002113
3.080574e-06 1.076994e+09 6003113 1.067325e+09 6003113
2.487095e-06 1.076636e+09 6003113 1.066756e+09 6003113
3.080574e-06 1.039614e+09 6001113 1.050548e+09 6001113
3.080574e-06 1.039614e+09 6001113 1.050548e+09 6001113
3.124712e-06 1.058156e+09 6001113 1.062144e+09 6001113
1.451796e-06 1.051386e+09 6001113 1.031043e+09 6001113
1.451796e-06 1.051386e+09 6001113 1.031043e+09 6001113
3.230679e-06 1.077347e+09 6002113 1.091542e+09 6002113
3.236416e-06 1.066638e+09 6002113 1.076404e+09 6002113
3.26893e-06 1.044051e+09 6001113 1.044099e+09 6001113
3.016217e-06 1.071954e+09 6002113 1.059123e+09 6002113
3.009484e-06 1.075873e+09 6002113 1.049551e+09 6002113
2.799834e-06 1.077749e+09 6002113 1.086551e+09 6002113
2.489347e-06 1.046684e+09 6001113 1.038636e+09 6001113
4.19845e-06 1.049533e+09 6002113 1.085004e+09 6002113
2.865752e-06 1.084731e+09 6003113 1.102338e+09 6003113
2.067484e-06 1.050112e+09 6001113 1.035505e+09 6001113
2.262675e-06 1.061017e+09 6001113 1.013219e+09 6001113
2.262675e-06 1.061017e+09 6001113 1.013219e+09 6001113
2.74405e-06 1.031713e+09 6001113 1.057578e+09 6001113
2.74405e-06 1.05385e+09 6001113 1.041271e+09 6001113
2.865752e-06 1.057209e+09 6001113 1.047468e+09 6001113
6.595114e-07 1.035597e+09 6001113 1.067421e+09 6001113
1.79734e-06 1.077684e+09 6002113 1.093702e+09 6002113
2.777415e-06 1.053568e+09 6001113 1.06234e+09 6001113
3.272081e-06 1.031124e+09 6001113 1.043254e+09 6001113
3.124712e-06 1.087732e+09 6002113 1.059863e+09 6002113
2.959579e-06 1.077961e+09 6002113 1.055722e+09 6002113
2.865752e-06 1.026685e+09 6001113 1.061568e+09 6001113
1.198272e-06 1.071968e+09 6002113 1.079847e+09 6002113
3.25557e-06 1.077839e+09 6002113 1.07903e+09 6002113
2.821105e-06 1.064178e+09 6002113 1.088513e+09 6002113
3.021295e-06 1.092627e+09 6002113 1.072063e+09 6002113
2.858486e-06 1.023986e+09 6001113 1.060575e+09 6001113
3.330365e-06 1.078346e+09 6002113 1.089251e+09 6002113
1.332189e-07 1.034393e+09 6002113 1.092526e+09 6002113
2.765883e-06 1.072424e+09 6002113 1.083132e+09 6002113
3.00132e-06 1.058953e+09 6002113 1.071961e+09 6002113
2.959579e-06 1.082049e+09 6002113 1.086626e+09 6002113
3.127688e-06 1.036885e+09 6001113 1.045053e+09 6001113
3.007045e-06 1.031045e+09 6001113 1.063456e+09 6001113
3.007045e-06 1.031045e+09 6001113 1.063456e+09 6001113
2.786099e-06 1.040525e+09 6001113 1.043526e+09 6001113
2.128577e-07 1.085473e+09 6002113 1.086317e+09 6002113
3.021295e-06 1.036699e+09 6001113 1.052398e+09 6001113
2.765883e-06 1.041601e+09 6001113 1.065356e+09 6001113
2.858486e-06 1.049587e+09 6001113 1.055725e+09 6001113
1.662724e-06 1.074586e+09 6002113 1.07855e+09 6002113
4.19845e-06 1.086581e+09 6002113 1.064194e+09 6002113
3.311832e-06 1.054478e+09 6002113 1.076377e+09 6002113
9.280542e-09 1.068365e+09 6001113 1.047029e+09 6001113
2.591941e-06 1.077513e+09 6002113 1.072835e+09 6002113
2.765883e-06 1.045146e+09 6001113 1.036755e+09 6001113
3.088302e-07 1.056966e+09 6001113 1.029697e+09 6001113
3.016217e-06 1.05041e+09 6002113 1.083959e+09 6002113
2.765883e-06 1.079461e+09 6002113 1.061467e+09 6002113
2.765883e-06 1.079461e+09 6002113 1.061467e+09 6002113
4.346921e-07 1.040936e+09 6001113 1.031185e+09 6001113
1.016414e-06 1.103905e+09 6003113 1.071509e+09 6003113
2.799834e-06 1.093066e+09 6002113 1.087608e+09 6002113
1.322554e-06 1.057926e+09 6001113 1.05499e+09 6001113
3.36403e-06 1.038007e+09 6001113 1.032762e+09 6001113
2.257351e-06 1.043016e+09 6001113 1.032414e+09 6001113
3.311832e-06 1.017962e+09 6001113 1.057048e+09 6001113
3.311832e-06 1.017962e+09 6001113 1.057048e+09 6001113
1.489115e-08 1.067966e+09 6002113 1.074358e+09 6002113
2.742458e-06 1.07445e+09 6002113 1.037884e+09 6002113
3.25557e-06 1.074447e+09 6002113 1.054206e+09 6002113
3.13803e-06 1.038038e+09 6001113 1.060539e+09 6001113
1.907942e-06 1.060611e+09 6001113 1.060209e+09 6001113
3.15101e-06 1.064303e+09 6002113 1.083492e+09 6002113
4.542481e-06 1.051929e+09 6001113 1.058478e+09 6001113
4.542481e-06 1.051929e+09 6001113 1.058478e+09 6001113
3.016217e-06 1.054223e+09 6002113 1.088098e+09 6002113
3.430638e-06 1.098724e+09 6003113 1.079114e+09 6003113
1.322554e-06 1.08719e+09 6002113 1.084609e+09 6002113
2.128577e-07 1.081034e+09 6002113 1.081427e+09 6002113
2.786788e-06 1.028744e+09 6001113 1.057084e+09 6001113
3.335662e-06 1.056277e+09 6001113 1.043008e+09 6001113
4.890778e-06 1.060115e+09 6003113 1.113318e+09 6003113
2.487095e-06 1.066366e+09 6002113 1.080243e+09 6002113
2.696308e-06 1.064852e+09 6001113 1.071425e+09 6001113
2.821711e-06 1.062125e+09 6001113 1.051294e+09 6001113
2.821711e-06 1.062125e+09 6001113 1.051294e+09 6001113
3.13803e-06 1.011774e+09 6001113 1.055559e+09 6001113
3.753059e-06 1.057405e+09 6001113 1.040521e+09 6001113
3.291022e-06 1.056722e+09 6002113 1.093779e+09 6002113
4.890778e-06 1.081052e+09 6003113 1.093223e+09 6003113
3.893042e-06 1.044245e+09 6002113 1.086003e+09 6002113
4.839631e-07 1.060713e+09 6002113 1.064696e+09 6002113
4.839631e-07 1.060713e+09 6002113 1.064696e+09 6002113
2.74405e-06 1.069897e+09 6001113 1.047936e+09 6001113
2.74405e-06 1.069897e+09 6001113 1.047936e+09 6001113
2.603827e-06 1.041034e+09 6002113 1.081342e+09 6002113
2.603827e-06 1.041034e+09 6002113 1.081342e+09 6002113
4.608003e-07 1.055725e+09 6002113 1.067666e+09 6002113
3.25557e-06 1.061273e+09 6002113 1.073999e+09 6002113
8.270164e-07 1.052226e+09 6001113 1.050067e+09 6001113
3.15068e-06 1.069758e+09 6001113 1.059753e+09 6001113
3.15068e-06 1.069758e+09 6001113 1.059753e+09 6001113
3.016217e-06 1.050941e+09 6001113 1.06377e+09 6001113
3.024523e-06 1.092773e+09 6002113 1.040872e+09 6002113
2.881062e-06 1.029166e+09 6001113 1.062363e+09 6001113
2.881062e-06 1.029166e+09 6001113 1.062363e+09 6001113
2.866552e-06 1.054977e+09 6001113 1.06517e+09 6001113
3.021295e-06 1.074355e+09 6003113 1.07974e+09 6003113
3.305089e-06 1.085708e+09 6002113 1.069473e+09 6002113
8.55683e-07 1.058736e+09 6001113 1.051156e+09 6001113
3.016217e-06 1.03043e+09 6001113 1.036258e+09 6001113
3.016217e-06 1.03043e+09 6001113 1.036258e+09 6001113
3.281938e-06 1.063499e+09 6001113 1.033037e+09 6001113
3.272081e-06 1.051791e+09 6001113 1.037605e+09 6001113
3.272081e-06 1.051791e+09 6001113 1.037605e+09 6001113
9.334816e-07 1.018797e+09 6001113 1.075616e+09 6001113
1.451796e-06 1.06092e+09 6001113 1.065599e+09 6001113
1.787412e-06 1.064612e+09 6002113 1.060922e+09 6002113
3.15101e-06 1.052625e+09 6001113 1.054079e+09 6001113
2.863025e-06 1.050343e+09 6002113 1.066347e+09 6002113
2.991417e-06 1.066328e+09 6001113 1.054442e+09 6001113
3.146062e-06 1.039356e+09 6001113 1.024532e+09 6001113
3.245364e-06 1.04696e+09 6001113 1.048726e+09 6001113
3.311205e-06 1.05544e+09 6001113 1.061227e+09 6001113
3.245364e-06 1.099464e+09 6003113 1.05838e+09 6003113
2.865752e-06 1.042024e+09 6001113 1.050138e+09 6001113
2.365261e-06 1.046801e+09 6001113 1.07116e+09 6001113
2.866552e-06 1.07522e+09 6003113 1.109937e+09 6003113
3.124712e-06 1.041593e+09 6001113 1.048012e+09 6001113
2.696308e-06 1.047373e+09 6002113 1.082435e+09 6002113
3.13803e-06 1.025108e+09 6001113 1.043818e+09 6001113
2.799834e-06 1.059057e+09 6001113 1.04879e+09 6001113
2.778599e-06 1.102044e+09 6003113 1.054325e+09 6003113
3.080574e-06 1.061774e+09 6002113 1.050596e+09 6002113
3.080574e-06 1.061774e+09 6002113 1.050596e+09 6002113
2.805327e-06 1.067161e+09 6002113 1.080681e+09 6002113
3.264366e-06 1.074586e+09 6002113 1.069263e+09 6002113
3.00132e-06 1.035512e+09 6001113 1.037441e+09 6001113
3.430638e-06 1.033608e+09 6001113 1.055571e+09 6001113
1.531043e-06 1.076159e+09 6002113 1.038822e+09 6002113
1.531043e-06 1.076159e+09 6002113 1.038822e+09 6002113
2.742458e-06 1.118384e+09 6003113 1.083322e+09 6003113
1.134256e-06 1.059931e+09 6001113 1.026223e+09 6001113
1.872797e-07 1.049724e+09 6002113 1.084398e+09 6002113
1.322554e-06 1.037771e+09 6001113 1.03387e+09 6001113
1.322554e-06 1.037771e+09 6001113 1.03387e+09 6001113
4.095175e-06 1.053306e+09 6001113 1.046193e+09 6001113
3.264366e-06 1.086512e+09 6002113 1.072327e+09 6002113
2.487095e-06 1.075496e+09 6002113 1.084153e+09 6002113
3.430638e-06 1.040497e+09 6001113 1.033402e+09 6001113
3.15101e-06 1.046054e+09 6002113 1.076971e+09 6002113
3.15101e-06 1.051122e+09 6001113 1.054937e+09 6001113
3.15101e-06 1.051122e+09 6001113 1.054937e+09 6001113
9.057274e-07 1.085325e+09 6002113 1.08652e+09 6002113
9.057274e-07 1.085325e+09 6002113 1.08652e+09 6002113
3.218178e-06 1.049998e+09 6001113 1.064173e+09 6001113
3.218178e-06 1.049998e+09 6001113 1.064173e+09 6001113
3.335662e-06 1.041235e+09 6001113 1.058103e+09 6001113
3.124712e-06 1.064154e+09 6002113 1.061464e+09 6002113
5.539366e-08 1.043949e+09 6001113 1.053903e+09 6001113
3.335662e-06 1.026725e+09 6001113 1.036163e+09 6001113
2.805327e-06 1.061531e+09 6001113 1.037109e+09 6001113
2.852323e-06 1.044405e+09 6002113 1.050724e+09 6002113
1.528132e-06 1.083251e+09 6002113 1.084668e+09 6002113
2.365261e-06 1.04028e+09 6001113 1.044807e+09 6001113
2.365261e-06 1.04028e+09 6001113 1.044807e+09 6001113
6.595114e-07 1.090448e+09 6002113 1.084198e+09 6002113
1.2259e-06 1.119003e+09 6003113 1.094538e+09 6003113
3.25557e-06 1.050598e+09 6001113 1.058632e+09 6001113
3.218178e-06 1.053482e+09 6001113 1.057446e+09 6001113
3.330365e-06 1.073852e+09 6002113 1.068742e+09 6002113
4.608003e-07 1.061757e+09 6001113 1.04263e+09 6001113
4.608003e-07 1.061757e+09 6001113 1.04263e+09 6001113
3.272081e-06 1.072251e+09 6002113 1.083092e+09 6002113
3.36403e-06 1.041615e+09 6001113 1.036431e+09 6001113
2.74405e-06 1.062709e+09 6002113 1.082678e+09 6002113
3.00132e-06 1.116968e+09 6003113 1.044821e+09 6003113
3.430638e-06 1.046957e+09 6001113 1.050722e+09 6001113
2.603827e-06 1.06877e+09 6002113 1.065524e+09 6002113
2.805327e-06 1.026173e+09 6001113 1.041544e+09 6001113
3.25557e-06 1.05403e+09 6001113 1.048709e+09 6001113
3.016217e-06 1.058619e+09 6001113 1.024859e+09 6001113
3.311832e-06 1.048708e+09 6001113 1.050237e+09 6001113
2.742458e-06 1.082939e+09 6002113 1.069262e+09 6002113
2.843065e-06 1.065547e+09 6002113 1.04997e+09 6002113
3.36403e-06 1.06216e+09 6001113 1.051036e+09 6001113
2.765883e-06 1.046511e+09 6001113 1.044036e+09 6001113
3.281938e-06 1.049777e+09 6001113 1.050894e+09 6001113
3.281938e-06 1.049777e+09 6001113 1.050894e+09 6001113
3.245364e-06 1.085733e+09 6002113 1.068226e+09 6002113
4.41165e-06 1.015746e+09 6001113 1.055438e+09 6001113
2.591941e-06 1.076442e+09 6003113 1.067965e+09 6003113
2.821711e-06 1.071327e+09 6002113 1.077188e+09 6002113
3.380682e-06 1.068581e+09 6001113 1.026494e+09 6001113
9.057274e-07 1.03781e+09 6001113 1.044965e+09 6001113
7.536476e-07 1.035399e+09 6001113 1.048558e+09 6001113
2.742458e-06 1.014621e+09 6001113 1.027242e+09 6001113
4.263015e-06 1.050762e+09 6001113 1.067713e+09 6001113
1.451796e-06 1.068456e+09 6002113 1.058176e+09 6002113
1.451796e-06 1.068456e+09 6002113 1.058176e+09 6002113
2.74405e-06 1.080481e+09 6002113 1.083297e+09 6002113
2.863025e-06 1.057054e+09 6002113 1.081079e+09 6002113
6.220817e-07 1.100119e+09 6003113 1.037484e+09 6003113
2.786788e-06 1.060728e+09 6002113 1.039193e+09 6002113
2.696308e-06 1.042708e+09 6001113 1.068254e+09 6001113
1.2259e-06 1.048094e+09 6001113 1.048675e+09 6001113
5.539366e-08 1.05494e+09 6001113 1.055732e+09 6001113
2.128577e-07 1.067777e+09 6002113 1.076859e+09 6002113
1.77464e-06 1.04563e+09 6001113 1.059463e+09 6001113
2.866552e-06 1.079529e+09 6002113 1.084046e+09 6002113
3.335662e-06 1.056247e+09 6001113 1.041783e+09 6001113
4.263015e-06 1.059486e+09 6001113 1.031237e+09 6001113
4.263015e-06 1.059486e+09 6001113 1.031237e+09 6001113
2.865752e-06 1.049954e+09 6001113 1.059618e+09 6001113
4.839631e-07 1.049375e+09 6001113 1.067783e+09 6001113
2.920016e-06 1.05143e+09 6003113 1.110892e+09 6003113
9.334816e-07 1.084139e+09 6002113 1.057614e+09 6002113
2.742458e-06 1.056673e+09 6001113 1.059033e+09 6001113
2.742458e-06 1.056673e+09 6001113 1.059033e+09 6001113
3.354762e-06 1.042771e+09 6001113 1.051972e+09 6001113
3.354762e-06 1.042771e+09 6001113 1.051972e+09 6001113
3.15068e-06 1.054775e+09 6001113 1.041105e+09 6001113
2.696308e-06 1.048627e+09 6001113 1.015914e+09 6001113
1.161447e-07 1.056114e+09 6002113 1.06922e+09 6002113
3.230679e-06 1.114327e+09 6003113 1.075935e+09 6003113
3.291022e-06 1.056629e+09 6001113 1.06057e+09 6001113
2.487095e-06 1.070014e+09 6002113 1.076272e+09 6002113
3.281938e-06 1.081018e+09 6002113 1.085035e+09 6002113
4.608003e-07 1.065353e+09 6002113 1.085428e+09 6002113
2.767557e-06 1.040937e+09 6001113 1.046451e+09 6001113
2.786099e-06 1.037355e+09 6001113 1.041482e+09 6001113
2.765883e-06 1.062449e+09 6002113 1.082493e+09 6002113
2.843065e-06 1.058936e+09 6001113 1.061902e+09 6001113
2.858486e-06 1.090861e+09 6002113 1.064358e+09 6002113
3.124712e-06 1.057548e+09 6001113 1.048649e+09 6001113
2.911706e-07 1.076931e+09 6002113 1.028481e+09 6002113
3.291022e-06 1.062123e+09 6003113 1.10389e+09 6003113
1.873262e-08 1.050407e+09 6002113 1.087084e+09 6002113
3.311832e-06 1.050086e+09 6002113 1.085586e+09 6002113
6.595114e-07 1.049588e+09 6001113 1.04931e+09 6001113
2.778599e-06 1.072974e+09 6002113 1.083634e+09 6002113
3.354762e-06 1.091928e+09 6002113 1.069795e+09 6002113
3.131243e-06 1.050779e+09 6001113 1.048034e+09 6001113
2.821711e-06 1.043982e+09 6001113 1.065249e+09 6001113
9.334816e-07 1.036272e+09 6001113 1.054535e+09 6001113
9.334816e-07 1.068452e+09 6003113 1.121725e+09 6003113
3.15068e-06 1.034899e+09 6001113 1.057183e+09 6001113
3.15068e-06 1.034899e+09 6001113 1.057183e+09 6001113
3.131243e-06 1.074101e+09 6002113 1.080014e+09 6002113
2.863025e-06 1.04377e+09 6001113 1.077416e+09 6001113
3.311832e-06 1.054969e+09 6001113 1.046818e+09 6001113
3.311832e-06 1.054969e+09 6001113 1.046818e+09 6001113
9.057274e-07 1.066182e+09 6001113 1.055231e+09 6001113
4.890778e-06 1.076121e+09 6002113 1.059567e+09 6002113
3.311832e-06 1.057567e+09 6001113 1.044594e+09 6001113
3.15101e-06 1.051786e+09 6001113 1.036323e+09 6001113
3.311832e-06 1.074955e+09 6002113 1.090659e+09 6002113
3.380682e-06 1.027426e+09 6001113 1.036616e+09 6001113
3.380682e-06 1.090578e+09 6002113 1.067443e+09 6002113
3.023195e-06 1.050682e+09 6001113 1.052049e+09 6001113
9.057274e-07 1.066654e+09 6002113 1.059232e+09 6002113
2.128577e-07 1.05037e+09 6001113 1.055971e+09 6001113
3.173568e-06 1.045284e+09 6001113 1.056903e+09 6001113
3.15068e-06 1.083967e+09 6002113 1.092141e+09 6002113
3.206112e-06 1.053664e+09 6001113 1.046912e+09 6001113
3.380682e-06 1.075669e+09 6003113 1.124598e+09 6003113
2.03431e-09 1.04508e+09 6001113 1.046592e+09 6001113
3.753059e-06 1.03221e+09 6001113 1.043476e+09 6001113
3.023195e-06 1.052416e+09 6002113 1.053241e+09 6002113
2.026024e-06 1.042269e+09 6001113 1.05108e+09 6001113
2.765883e-06 1.06369e+09 6001113 1.045284e+09 6001113
2.786788e-06 1.053939e+09 6001113 1.047696e+09 6001113
3.245364e-06 1.052763e+09 6002113 1.086711e+09 6002113
2.821105e-06 1.056296e+09 6001113 1.05183e+09 6001113
2.765883e-06 1.044267e+09 6001113 1.073969e+09 6001113
4.346921e-07 1.079573e+09 6002113 1.095871e+09 6002113
3.380682e-06 1.074566e+09 6001113 1.048468e+09 6001113
3.380682e-06 1.074566e+09 6001113 1.048468e+09 6001113
2.865752e-06 1.050294e+09 6001113 1.052014e+09 6001113
3.214167e-06 1.079943e+09 6002113 1.07745e+09 6002113
2.959579e-06 1.051817e+09 6001113 1.035234e+09 6001113
2.03431e-09 1.031293e+09 6001113 1.048676e+09 6001113
3.264366e-06 1.045171e+09 6001113 1.042084e+09 6001113
3.264366e-06 1.045171e+09 6001113 1.042084e+09 6001113
3.009484e-06 1.08689e+09 6002113 1.069664e+09 6002113
4.057195e-06 1.082751e+09 6002113 1.074656e+09 6002113
3.330365e-06 1.053317e+09 6002113 1.061481e+09 6002113
3.131243e-06 1.060077e+09 6001113 1.048554e+09 6001113
3.009484e-06 1.043226e+09 6001113 1.055398e+09 6001113
2.956933e-06 1.02467e+09 6001113 1.027441e+09 6001113
2.767557e-06 1.065379e+09 6002113 1.067834e+09 6002113
3.751104e-06 1.075294e+09 6002113 1.046029e+09 6002113
3.751104e-06 1.075294e+09 6002113 1.046029e+09 6002113
1.235491e-07 1.067914e+09 6001113 1.061128e+09 6001113
2.866552e-06 1.108436e+09 6003113 1.076227e+09 6003113
2.799834e-06 1.068789e+09 6002113 1.078831e+09 6002113
3.023195e-06 1.070217e+09 6002113 1.072993e+09 6002113
3.330365e-06 1.067569e+09 6001113 1.06171e+09 6001113
3.046714e-06 1.057232e+09 6001113 1.055222e+09 6001113
3.13803e-06 1.09219e+09 6002113 1.07639e+09 6002113
3.160574e-06 1.060074e+09 6002113 1.050636e+09 6002113
2.881062e-06 1.038086e+09 6002113 1.074266e+09 6002113
3.272081e-06 1.060205e+09 6001113 1.052772e+09 6001113
3.124712e-06 1.087313e+09 6003113 1.100993e+09 6003113
2.262675e-06 1.052265e+09 6001113 1.064996e+09 6001113
2.262675e-06 1.052265e+09 6001113 1.064996e+09 6001113
2.742458e-06 1.081562e+09 6002113 1.067576e+09 6002113
2.821105e-06 1.046207e+09 6002113 1.078543e+09 6002113
4.890778e-06 1.084329e+09 6002113 1.098698e+09 6002113
4.632458e-06 1.08293e+09 6002113 1.066022e+09 6002113
4.632458e-06 1.08293e+09 6002113 1.066022e+09 6002113
2.262675e-06 1.042134e+09 6001113 1.027198e+09 6001113
4.095175e-06 1.07046e+09 6002113 1.079304e+09 6002113
3.146062e-06 1.033965e+09 6001113 1.044409e+09 6001113
3.146062e-06 1.033965e+09 6001113 1.044409e+09 6001113
3.021295e-06 1.031718e+09 6001113 1.050226e+09 6001113
3.00132e-06 1.057176e+09 6001113 1.045493e+09 6001113
3.15101e-06 1.060255e+09 6001113 1.048881e+09 6001113
8.270164e-07 1.057993e+09 6001113 1.059435e+09 6001113
2.786099e-06 1.060471e+09 6002113 1.054052e+09 6002113
2.786099e-06 1.060471e+09 6002113 1.054052e+09 6002113
9.057274e-07 1.050151e+09 6001113 1.062482e+09 6001113
3.291022e-06 1.08123e+09 6002113 1.065714e+09 6002113
2.821711e-06 1.065247e+09 6001113 1.05257e+09 6001113
2.821711e-06 1.065247e+09 6001113 1.05257e+09 6001113
2.799834e-06 1.053244e+09 6001113 1.047399e+09 6001113
3.016217e-06 1.025244e+09 6002113 1.080402e+09 6002113
2.786788e-06 1.058089e+09 6001113 1.0394e+09 6001113
1.607955e-06 1.11619e+09 6003113 1.077775e+09 6003113
2.991417e-06 1.053454e+09 6001113 1.050719e+09 6001113
2.991417e-06 1.053454e+09 6001113 1.050719e+09 6001113
3.131243e-06 1.089298e+09 6002113 1.075279e+09 6002113
3.214167e-06 1.078084e+09 6002113 1.085084e+09 6002113
2.786788e-06 1.040698e+09 6002113 1.093578e+09 6002113
9.334816e-07 1.052341e+09 6001113 1.056893e+09 6001113
2.786099e-06 1.044335e+09 6001113 1.057966e+09 6001113
2.487095e-06 1.059366e+09 6002113 1.06835e+09 6002113
1.662724e-06 1.041155e+09 6002113 1.059217e+09 6002113
2.767557e-06 1.070361e+09 6002113 1.057655e+09 6002113
3.15068e-06 1.091071e+09 6002113 1.081065e+09 6002113
2.765883e-06 1.014143e+09 6001113 1.054785e+09 6001113
1.857156e-06 1.075047e+09 6002113 1.051507e+09 6002113
2.756482e-06 1.048754e+09 6001113 1.064163e+09 6001113
1.872797e-07 1.058182e+09 6002113 1.077674e+09 6002113
3.00132e-06 1.077838e+09 6002113 1.058035e+09 6002113
3.00132e-06 1.077838e+09 6002113 1.058035e+09 6002113
1.235491e-07 1.082882e+09 6002113 1.073557e+09 6002113
1.907942e-06 1.059061e+09 6001113 1.061311e+09 6001113
3.25557e-06 1.036111e+09 6002113 1.064659e+09 6002113
1.322554e-06 1.076427e+09 6002113 1.078647e+09 6002113
2.991417e-06 1.057428e+09 6001113 1.034751e+09 6001113
1.525394e-07 1.057791e+09 6001113 1.025766e+09 6001113
2.920016e-06 1.076769e+09 6002113 1.069331e+09 6002113
4.890778e-06 1.044645e+09 6001113 1.052051e+09 6001113
2.257351e-06 1.076445e+09 6002113 1.077983e+09 6002113
2.858486e-06 1.075921e+09 6002113 1.085394e+09 6002113
2.902161e-06 1.065479e+09 6001113 1.052617e+09 6001113
1.104631e-06 1.051238e+09 6002113 1.094634e+09 6002113
3.024523e-06 1.05833e+09 6002113 1.078369e+09 6002113
1.016414e-06 1.066374e+09 6002113 1.075747e+09 6002113
2.742458e-06 1.07584e+09 6002113 1.092178e+09 6002113
2.956933e-06 1.055837e+09 6001113 1.064494e+09 6001113
3.080574e-06 1.041737e+09 6001113 1.036803e+09 6001113
3.25557e-06 1.042395e+09 6002113 1.05947e+09 6002113
2.920016e-06 1.037212e+09 6001113 1.054364e+09 6001113
3.291022e-06 1.070096e+09 6002113 1.091137e+09 6002113
3.281938e-06 1.067047e+09 6002113 1.063523e+09 6002113
2.257351e-06 1.059473e+09 6001113 1.063735e+09 6001113
2.786788e-06 1.051815e+09 6001113 1.055216e+09 6001113
3.214167e-06 1.073952e+09 6002113 1.083061e+09 6002113
3.046714e-06 1.068322e+09 6002113 1.082611e+09 6002113
3.046714e-06 1.068322e+09 6002113 1.082611e+09 6002113
3.239734e-06 1.03602e+09 6001113 1.070094e+09 6001113
2.742458e-06 1.025932e+09 6001113 1.039193e+09 6001113
2.866552e-06 1.070707e+09 6002113 1.056912e+09 6002113
2.74405e-06 1.087536e+09 6002113 1.094108e+09 6002113
2.821711e-06 1.015821e+09 6001113 1.047013e+09 6001113
3.016217e-06 1.05047e+09 6001113 1.046283e+09 6001113
2.991417e-06 1.091009e+09 6003113 1.097962e+09 6003113
2.786788e-06 1.05492e+09 6002113 1.086636e+09 6002113
3.751104e-06 1.074229e+09 6002113 1.080234e+09 6002113
2.778599e-06 1.054191e+09 6001113 1.043008e+09 6001113
4.542481e-06 1.082245e+09 6003113 1.100124e+09 6003113
3.162566e-06 1.060534e+09 6002113 1.06446e+09 6002113
3.291022e-06 1.088104e+09 6002113 1.078816e+09 6002113
3.956936e-06 1.067444e+09 6002113 1.065863e+09 6002113
3.15068e-06 1.075483e+09 6002113 1.090461e+09 6002113
3.162566e-06 1.02604e+09 6001113 1.039632e+09 6001113
3.26893e-06 1.05902e+09 6001113 1.040631e+09 6001113
3.753059e-06 1.066077e+09 6002113 1.062871e+09 6002113
3.753059e-06 1.066077e+09 6002113 1.062871e+09 6002113
3.016217e-06 1.039979e+09 6001113 1.059405e+09 6001113
2.262675e-06 1.052747e+09 6001113 1.049168e+09 6001113
1.134256e-06 1.076941e+09 6002113 1.084436e+09 6002113
2.756482e-06 1.056497e+09 6002113 1.066521e+09 6002113
2.805327e-06 1.071045e+09 6001113 1.032115e+09 6001113
2.881062e-06 1.083696e+09 6002113 1.078124e+09 6002113
4.019295e-06 1.017858e+09 6001113 1.05965e+09 6001113
4.890778e-06 1.045619e+09 6001113 1.042225e+09 6001113
4.890778e-06 1.045619e+09 6001113 1.042225e+09 6001113
2.991417e-06 1.070293e+09 6003113 1.114187e+09 6003113
2.991417e-06 1.0775e+09 6002113 1.077729e+09 6002113
3.230679e-06 1.054824e+09 6001113 1.041081e+09 6001113
3.00132e-06 1.079134e+09 6002113 1.080684e+09 6002113
4.019295e-06 1.059987e+09 6002113 1.054674e+09 6002113
3.214167e-06 1.045093e+09 6001113 1.043036e+09 6001113
3.046714e-06 1.045311e+09 6001113 1.033878e+09 6001113
3.021295e-06 1.039936e+09 6001113 1.044809e+09 6001113
3.021295e-06 1.039936e+09 6001113 1.044809e+09 6001113
2.852323e-06 1.039681e+09 6001113 1.06297e+09 6001113
2.151219e-06 1.062492e+09 6001113 1.052428e+09 6001113
3.825809e-06 1.038481e+09 6001113 1.05861e+09 6001113
3.00132e-06 1.070778e+09 6002113 1.060826e+09 6002113
3.00132e-06 1.070778e+09 6002113 1.060826e+09 6002113
2.742458e-06 1.099972e+09 6003113 1.053185e+09 6003113
1.607955e-06 1.066551e+09 6003113 1.111608e+09 6003113
2.799834e-06 1.060736e+09 6002113 1.058217e+09 6002113
2.911706e-07 1.049709e+09 6001113 1.044583e+09 6001113
3.016217e-06 1.050689e+09 6001113 1.051944e+09 6001113
7.536476e-07 1.076164e+09 6002113 1.091034e+09 6002113
3.280271e-06 1.044322e+09 6001113 1.044985e+09 6001113
1.662724e-06 1.073695e+09 6002113 1.077167e+09 6002113
2.866552e-06 1.038304e+09 6001113 1.059328e+09 6001113
2.786788e-06 1.054803e+09 6002113 1.031654e+09 6002113
2.777415e-06 1.108643e+09 6003113 1.050907e+09 6003113
2.777415e-06 1.042476e+09 6001113 1.064174e+09 6001113
3.223271e-06 1.057041e+09 6001113 1.021502e+09 6001113
1.733352e-09 1.039008e+09 6001113 1.058001e+09 6001113
2.74405e-06 1.048824e+09 6001113 1.022936e+09 6001113
3.236416e-06 1.048255e+09 6001113 1.061394e+09 6001113
3.236416e-06 1.048255e+09 6001113 1.061394e+09 6001113
2.603827e-06 1.042369e+09 6001113 1.038306e+09 6001113
3.270804e-06 1.081631e+09 6002113 1.083888e+09 6002113
2.852323e-06 1.077367e+09 6002113 1.074166e+09 6002113
9.057274e-07 1.088822e+09 6002113 1.076813e+09 6002113
3.080574e-06 1.060036e+09 6002113 1.076827e+09 6002113
3.331545e-06 1.077453e+09 6002113 1.060186e+09 6002113
2.991417e-06 1.07983e+09 6003113 1.086048e+09 6003113
3.331545e-06 1.121016e+09 6003113 1.07804e+09 6003113
2.591941e-06 1.063585e+09 6001113 1.058298e+09 6001113
2.863025e-06 1.088011e+09 6002113 1.091171e+09 6002113
3.162566e-06 1.028332e+09 6001113 1.066896e+09 6001113
3.239734e-06 1.08414e+09 6003113 1.105111e+09 6003113
3.305089e-06 1.048121e+09 6001113 1.033173e+09 6001113
3.26893e-06 1.044028e+09 6001113 1.048958e+09 6001113
3.270804e-06 1.049372e+09 6001113 1.020566e+09 6001113
5.376829e-07 1.082368e+09 6001113 1.032016e+09 6001113
3.305089e-06 1.048129e+09 6001113 1.031073e+09 6001113
3.305089e-06 1.048129e+09 6001113 1.031073e+09 6001113
3.160574e-06 1.049864e+09 6001113 1.065413e+09 6001113
3.893042e-06 1.049217e+09 6001113 1.058084e+09 6001113
1.198272e-06 1.05798e+09 6001113 1.019312e+09 6001113
3.772923e-08 1.035177e+09 6001113 1.041368e+09 6001113
3.772923e-08 1.035177e+09 6001113 1.041368e+09 6001113
1.607955e-06 1.080371e+09 6002113 1.084181e+09 6002113
3.007045e-06 1.063019e+09 6002113 1.076287e+09 6002113
3.270804e-06 1.044158e+09 6001113 1.05649e+09 6001113
3.270804e-06 1.044158e+09 6001113 1.05649e+09 6001113
1.989174e-07 1.075179e+09 6002113 1.042546e+09 6002113
5.455243e-09 1.040456e+09 6001113 1.033479e+09 6001113
2.138226e-06 1.084037e+09 6002113 1.022961e+09 6002113
1.073608e-07 1.049983e+09 6001113 1.040605e+09 6001113
1.332189e-07 1.084022e+09 6002113 1.078196e+09 6002113
4.095175e-06 1.034534e+09 6001113 1.061603e+09 6001113
4.095175e-06 1.034534e+09 6001113 1.061603e+09 6001113
1.662724e-06 1.064541e+09 6002113 1.086162e+09 6002113
4.263015e-06 1.067266e+09 6001113 1.042181e+09 6001113
2.742458e-06 1.051649e+09 6002113 1.077815e+09 6002113
3.162566e-06 1.050724e+09 6001113 1.050186e+09 6001113
2.821105e-06 1.069173e+09 6002113 1.060079e+09 6002113
2.858486e-06 1.062654e+09 6001113 1.059914e+09 6001113
2.956933e-06 1.054196e+09 6001113 1.052992e+09 6001113
2.991417e-06 1.03269e+09 6001113 1.054577e+09 6001113
4.890778e-06 1.03503e+09 6001113 1.051845e+09 6001113
3.024523e-06 1.067427e+09 6001113 1.039591e+09 6001113
3.218178e-06 1.069068e+09 6001113 1.061438e+09 6001113
2.778599e-06 1.087277e+09 6002113 1.067509e+09 6002113
2.786099e-06 1.045234e+09 6001113 1.073788e+09 6001113
2.696308e-06 1.045616e+09 6001113 1.05827e+09 6001113
7.536476e-07 1.067595e+09 6002113 1.025844e+09 6002113
2.858486e-06 1.037843e+09 6001113 1.057665e+09 6001113
3.330365e-06 1.068644e+09 6002113 1.058177e+09 6002113
2.765883e-06 1.033364e+09 6001113 1.05086e+09 6001113
2.767557e-06 1.044108e+09 6001113 1.061597e+09 6001113
2.767557e-06 1.044108e+09 6001113 1.061597e+09 6001113
3.956936e-06 1.062342e+09 6001113 1.054062e+09 6001113
2.128577e-07 1.066064e+09 6002113 1.075762e+09 6002113
3.893042e-06 1.05605e+09 6002113 1.083713e+09 6002113
3.021295e-06 1.082522e+09 6002113 1.093361e+09 6002113
4.608003e-07 1.039583e+09 6001113 1.067132e+09 6001113
4.608003e-07 1.039583e+09 6001113 1.067132e+09 6001113
6.854084e-07 1.075198e+09 6003113 1.086839e+09 6003113
3.173568e-06 1.084031e+09 6002113 1.080159e+09 6002113
3.264366e-06 1.092505e+09 6002113 1.053742e+09 6002113
8.270164e-07 1.064122e+09 6001113 1.021965e+09 6001113
8.270164e-07 1.064122e+09 6001113 1.021965e+09 6001113
2.881062e-06 1.066037e+09 6001113 1.048945e+09 6001113
2.365261e-06 1.047455e+09 6001113 1.027361e+09 6001113
2.026024e-06 1.044429e+09 6001113 1.057052e+09 6001113
1.134256e-06 1.091178e+09 6002113 1.079343e+09 6002113
3.023195e-06 1.074039e+09 6003113 1.092975e+09 6003113
3.956936e-06 1.040913e+09 6001113 1.055903e+09 6001113
3.956936e-06 1.040913e+09 6001113 1.055903e+09 6001113
1.451796e-06 1.075172e+09 6002113 1.076161e+09 6002113
5.961117e-07 1.074766e+09 6002113 1.088455e+09 6002113
3.162566e-06 1.095149e+09 6002113 1.082706e+09 6002113
3.430638e-06 1.052445e+09 6001113 1.048012e+09 6001113
3.893042e-06 1.051945e+09 6001113 1.047718e+09 6001113
3.893042e-06 1.051945e+09 6001113 1.047718e+09 6001113
2.805327e-06 1.025512e+09 6001113 1.064472e+09 6001113
2.805327e-06 1.025512e+09 6001113 1.064472e+09 6001113
2.843065e-06 1.082001e+09 6002113 1.054466e+09 6002113
2.959579e-06 1.059901e+09 6001113 1.056684e+09 6001113
2.786788e-06 1.073627e+09 6002113 1.061235e+09 6002113
2.805327e-06 1.055082e+09 6002113 1.078328e+09 6002113
4.608003e-07 1.059555e+09 6003113 1.100738e+09 6003113
2.821711e-06 1.04044e+09 6001113 1.042115e+09 6001113
2.821711e-06 1.04044e+09 6001113 1.042115e+09 6001113
3.354762e-06 1.028438e+09 6002113 1.068434e+09 6002113
2.696308e-06 1.023776e+09 6001113 1.052935e+09 6001113
3.311832e-06 1.076665e+09 6002113 1.085576e+09 6002113
3.26893e-06 1.076134e+09 6002113 1.069606e+09 6002113
6.220817e-07 1.079953e+09 6002113 1.078406e+09 6002113
3.218178e-06 1.072525e+09 6002113 1.075463e+09 6002113
1.269893e-06 1.038217e+09 6001113 1.044462e+09 6001113
2.866552e-06 1.054965e+09 6001113 1.052511e+09 6001113
1.322554e-06 1.062272e+09 6001113 1.06605e+09 6001113
4.095175e-06 1.044505e+09 6001113 1.046963e+09 6001113
3.751104e-06 1.103199e+09 6003113 1.058109e+09 6003113
3.475953e-06 1.069545e+09 6002113 1.082701e+09 6002113
2.489347e-06 1.0397e+09 6002113 1.040622e+09 6002113
3.021295e-06 1.036121e+09 6001113 1.045604e+09 6001113
3.264366e-06 1.066201e+09 6001113 1.049085e+09 6001113
1.134256e-06 1.095064e+09 6002113 1.065148e+09 6002113
2.805327e-06 1.042168e+09 6002113 1.078746e+09 6002113
6.595114e-07 1.063488e+09 6001113 1.049127e+09 6001113
2.778599e-06 1.06626e+09 6001113 1.021537e+09 6001113
2.865752e-06 1.060569e+09 6001113 1.058944e+09 6001113
2.821105e-06 1.065905e+09 6002113 1.074265e+09 6002113
2.821105e-06 1.065905e+09 6002113 1.074265e+09 6002113
3.311205e-06 1.06706e+09 6001113 1.051427e+09 6001113
3.214167e-06 1.088262e+09 6002113 1.082523e+09 6002113
1.541688e-06 1.073331e+09 6002113 1.067582e+09 6002113
3.206112e-06 1.051216e+09 6002113 1.085382e+09 6002113
4.057195e-06 1.073889e+09 6002113 1.082832e+09 6002113
3.009484e-06 1.047638e+09 6001113 1.035885e+09 6001113
3.127688e-06 1.049357e+09 6001113 1.043391e+09 6001113
2.858486e-06 1.05639e+09 6002113 1.062911e+09 6002113
2.858486e-06 1.05639e+09 6002113 1.062911e+09 6002113
3.206112e-06 1.033087e+09 6001113 1.06374e+09 6001113
3.236416e-06 1.077509e+09 6002113 1.067177e+09 6002113
3.753059e-06 1.080373e+09 6002113 1.082374e+09 6002113
3.124712e-06 1.058164e+09 6001113 1.058529e+09 6001113
2.767557e-06 1.051951e+09 6001113 1.044453e+09 6001113
4.657668e-06 1.048775e+09 6002113 1.083364e+09 6002113
2.138226e-06 1.053931e+09 6001113 1.056764e+09 6001113
3.146062e-06 1.062886e+09 6001113 1.051407e+09 6001113
4.19845e-06 1.043474e+09 6001113 1.038857e+09 6001113
1.662724e-06 1.044675e+09 6001113 1.052221e+09 6001113
3.245364e-06 1.071915e+09 6002113 1.036829e+09 6002113
3.00132e-06 1.040644e+09 6001113 1.057533e+09 6001113
2.863025e-06 1.021156e+09 6001113 1.034329e+09 6001113
2.603827e-06 1.061558e+09 6001113 1.039421e+09 6001113
3.430638e-06 1.044437e+09 6001113 1.046239e+09 6001113
2.991417e-06 1.035835e+09 6001113 1.036704e+09 6001113
3.311205e-06 1.032324e+09 6001113 1.052174e+09 6001113
3.311205e-06 1.032324e+09 6001113 1.052174e+09 6001113
3.335662e-06 1.07942e+09 6002113 1.047814e+09 6002113
3.023195e-06 1.044989e+09 6001113 1.038778e+09 6001113
3.023195e-06 1.044989e+09 6001113 1.038778e+09 6001113
3.15068e-06 1.085371e+09 6002113 1.075315e+09 6002113
2.489347e-06 1.07628e+09 6002113 1.0683e+09 6002113
3.281938e-06 1.059238e+09 6002113 1.082891e+09 6002113
2.866552e-06 1.033902e+09 6001113 1.05541e+09 6001113
8.270164e-07 1.051823e+09 6002113 1.05963e+09 6002113
8.270164e-07 1.051823e+09 6002113 1.05963e+09 6002113
2.821711e-06 1.029881e+09 6001113 1.040948e+09 6001113
2.257351e-06 1.064122e+09 6001113 1.032041e+09 6001113
3.046714e-06 1.01574e+09 6002113 1.082222e+09 6002113
3.160574e-06 1.062031e+09 6002113 1.092135e+09 6002113
2.021658e-06 1.10838e+09 6003113 1.038951e+09 6003113
2.852323e-06 1.035156e+09 6001113 1.051475e+09 6001113
2.603827e-06 1.038639e+09 6001113 1.04945e+09 6001113
2.767557e-06 1.051182e+09 6001113 1.059372e+09 6001113
3.311832e-06 1.058231e+09 6002113 1.082466e+09 6002113
4.768107e-08 1.057477e+09 6001113 1.047779e+09 6001113
2.959579e-06 1.079522e+09 6002113 1.030678e+09 6002113
3.230679e-06 1.054441e+09 6001113 1.063598e+09 6001113
3.15101e-06 1.067714e+09 6002113 1.082965e+09 6002113
3.430638e-06 1.059303e+09 6001113 1.058068e+09 6001113
4.657668e-06 1.073883e+09 6002113 1.072424e+09 6002113
2.991417e-06 1.05417e+09 6002113 1.077363e+09 6002113
3.753059e-06 1.015502e+09 6001113 1.042806e+09 6001113
3.218178e-06 1.062308e+09 6001113 1.059125e+09 6001113
4.353096e-06 1.08378e+09 6003113 1.101857e+09 6003113
3.36403e-06 1.0693e+09 6003113 1.113394e+09 6003113
3.245364e-06 1.033622e+09 6001113 1.064261e+09 6001113
3.023195e-06 1.060389e+09 6001113 1.0359e+09 6001113
3.36403e-06 1.072206e+09 6002113 1.049083e+09 6002113
3.36403e-06 1.050946e+09 6001113 1.035406e+09 6001113
6.854084e-07 1.077684e+09 6002113 1.071798e+09 6002113
3.291022e-06 1.062699e+09 6001113 1.048779e+09 6001113
2.138226e-06 1.078783e+09 6003113 1.10355e+09 6003113
1.134256e-06 1.05309e+09 6001113 1.019559e+09 6001113
1.134256e-06 1.05309e+09 6001113 1.019559e+09 6001113
3.25557e-06 1.040829e+09 6002113 1.075798e+09 6002113
3.25557e-06 1.040829e+09 6002113 1.075798e+09 6002113
1.198272e-06 1.057924e+09 6001113 1.026417e+09 6001113
4.890778e-06 1.053484e+09 6001113 1.037234e+09 6001113
2.991417e-06 1.041046e+09 6001113 1.059392e+09 6001113
3.230679e-06 1.06356e+09 6002113 1.091472e+09 6002113
3.753059e-06 1.086325e+09 6003113 1.103873e+09 6003113
3.046714e-06 1.079203e+09 6002113 1.084536e+09 6002113
5.961117e-07 1.052407e+09 6001113 1.061798e+09 6001113
5.961117e-07 1.052407e+09 6001113 1.061798e+09 6001113
2.821711e-06 1.06095e+09 6001113 1.047102e+09 6001113
3.124712e-06 1.073055e+09 6002113 1.087731e+09 6002113
2.865752e-06 1.088071e+09 6002113 1.075715e+09 6002113
2.865752e-06 1.088071e+09 6002113 1.075715e+09 6002113
3.236416e-06 1.059261e+09 6001113 1.05098e+09 6001113
3.13803e-06 1.085302e+09 6002113 1.061937e+09 6002113
3.131243e-06 1.044393e+09 6001113 1.049931e+09 6001113
2.138226e-06 1.088486e+09 6003113 1.061997e+09 6003113
3.024523e-06 1.07358e+09 6002113 1.057217e+09 6002113
3.239734e-06 1.086178e+09 6002113 1.078453e+09 6002113
3.311832e-06 1.049602e+09 6001113 1.05889e+09 6001113
1.2259e-06 1.051825e+09 6002113 1.085435e+09 6002113
2.881062e-06 1.054183e+09 6001113 1.06028e+09 6001113
4.632458e-06 1.087415e+09 6002113 1.065948e+09 6002113
2.262675e-06 1.071295e+09 6001113 1.066948e+09 6001113
3.25557e-06 1.091059e+09 6002113 1.057888e+09 6002113
3.311832e-06 1.081532e+09 6003113 1.080061e+09 6003113
1.198272e-06 1.049544e+09 6002113 1.053706e+09 6002113
3.162566e-06 1.07631e+09 6002113 1.075643e+09 6002113
3.162566e-06 1.07631e+09 6002113 1.075643e+09 6002113
2.733495e-07 1.063802e+09 6002113 1.045136e+09 6002113
4.19845e-06 1.083342e+09 6002113 1.07321e+09 6002113
3.15101e-06 1.079335e+09 6002113 1.05673e+09 6002113
3.239734e-06 1.050409e+09 6002113 1.08387e+09 6002113
3.239734e-06 1.050409e+09 6002113 1.08387e+09 6002113
2.375505e-06 1.06572e+09 6002113 1.087324e+09 6002113
2.74405e-06 1.092002e+09 6002113 1.051038e+09 6002113
3.131243e-06 1.114945e+09 6003113 1.086088e+09 6003113
3.023195e-06 1.07655e+09 6002113 1.066268e+09 6002113
3.023195e-06 1.07655e+09 6002113 1.066268e+09 6002113
1.907942e-06 1.054948e+09 6001113 1.049326e+09 6001113
3.264366e-06 1.072021e+09 6002113 1.084862e+09 6002113
2.021658e-06 1.056799e+09 6002113 1.049484e+09 6002113
3.270804e-06 1.05349e+09 6001113 1.067489e+09 6001113
3.753059e-06 1.034287e+09 6001113 1.030148e+09 6001113
3.335662e-06 1.038691e+09 6001113 9.741068e+08 6001113
3.272081e-06 1.110584e+09 6003113 1.081485e+09 6003113
2.733495e-07 1.067331e+09 6002113 1.073047e+09 6002113
2.865752e-06 1.064391e+09 6001113 1.062659e+09 6001113
2.865752e-06 1.064391e+09 6001113 1.062659e+09 6001113
3.291022e-06 1.04721e+09 6001113 1.049903e+09 6001113
3.016217e-06 1.051003e+09 6001113 1.045538e+09 6001113
3.016217e-06 1.051003e+09 6001113 1.045538e+09 6001113
9.057274e-07 1.075142e+09 6002113 1.074762e+09 6002113
3.218178e-06 1.093374e+09 6002113 1.04509e+09 6002113
5.376829e-07 1.048758e+09 6001113 1.023866e+09 6001113
3.25557e-06 1.061126e+09 6003113 1.12185e+09 6003113
3.36403e-06 1.069643e+09 6002113 1.048008e+09 6002113
3.264366e-06 1.083628e+09 6002113 1.075914e+09 6002113
1.2259e-06 1.063961e+09 6001113 1.035408e+09 6001113
3.024523e-06 1.032938e+09 6001113 1.071408e+09 6001113
1.424261e-06 1.048933e+09 6002113 1.07575e+09 6002113
3.26893e-06 1.057732e+09 6001113 1.052041e+09 6001113
2.821105e-06 1.08466e+09 6002113 1.046662e+09 6002113
2.821105e-06 1.08466e+09 6002113 1.046662e+09 6002113
6.854084e-07 1.048404e+09 6001113 1.048715e+09 6001113
3.753059e-06 1.050883e+09 6001113 1.051176e+09 6001113
3.009484e-06 1.059506e+09 6001113 1.059015e+09 6001113
2.489347e-06 1.088787e+09 6002113 1.069097e+09 6002113
5.455243e-09 1.074493e+09 6002113 1.051979e+09 6002113
2.870111e-06 1.043004e+09 6001113 1.041848e+09 6001113
9.334816e-07 1.040276e+09 6001113 1.056528e+09 6001113
3.26893e-06 1.056124e+09 6001113 1.027806e+09 6001113
3.380682e-06 1.081911e+09 6002113 1.079481e+09 6002113
3.218178e-06 1.034296e+09 6001113 1.036645e+09 6001113
3.162566e-06 1.045813e+09 6001113 1.027479e+09 6001113
4.632458e-06 1.078319e+09 6002113 1.085095e+09 6002113
3.162566e-06 1.094653e+09 6003113 1.07592e+09 6003113
2.866552e-06 1.032866e+09 6001113 1.042263e+09 6001113
2.920016e-06 1.086465e+09 6002113 1.076312e+09 6002113
2.777415e-06 1.044923e+09 6001113 1.053271e+09 6001113
3.15068e-06 1.051761e+09 6001113 1.066016e+09 6001113
2.128577e-07 1.046818e+09 6001113 1.037881e+09 6001113
3.15068e-06 1.069118e+09 6002113 1.085741e+09 6002113
1.424261e-06 1.078683e+09 6002113 1.071152e+09 6002113
3.25557e-06 1.055678e+09 6001113 1.06709e+09 6001113
3.305089e-06 1.062579e+09 6002113 1.083095e+09 6002113
2.866552e-06 1.025221e+09 6001113 1.027475e+09 6001113
4.657668e-06 1.049937e+09 6001113 1.058165e+09 6001113
3.430638e-06 1.050447e+09 6001113 1.07342e+09 6001113
3.218178e-06 1.060057e+09 6001113 1.034306e+09 6001113
2.786099e-06 1.059311e+09 6001113 1.05939e+09 6001113
2.767557e-06 1.055699e+09 6001113 1.04131e+09 6001113
3.354762e-06 1.071477e+09 6001113 9.953466e+08 6001113
4.542481e-06 1.021485e+09 6001113 1.069177e+09 6001113
2.991417e-06 1.10299e+09 6003113 1.086169e+09 6003113
3.146062e-06 1.041157e+09 6001113 1.056711e+09 6001113
3.753059e-06 1.077271e+09 6003113 1.085399e+09 6003113
2.765883e-06 1.062557e+09 6001113 9.989959e+08 6001113
3.016217e-06 1.040522e+09 6001113 1.06007e+09 6001113
3.016217e-06 1.040522e+09 6001113 1.06007e+09 6001113
2.777415e-06 1.074346e+09 6001113 1.060393e+09 6001113
3.124712e-06 1.033184e+09 6001113 1.03319e+09 6001113
3.26893e-06 1.046312e+09 6002113 1.082196e+09 6002113
3.131243e-06 1.100544e+09 6003113 1.0717e+09 6003113
5.961117e-07 1.035197e+09 6001113 1.062709e+09 6001113
2.375505e-06 1.057611e+09 6001113 1.038676e+09 6001113
2.805327e-06 1.070091e+09 6002113 1.087537e+09 6002113
3.214167e-06 1.086814e+09 6002113 1.058192e+09 6002113
3.25557e-06 1.051407e+09 6001113 1.054772e+09 6001113
3.311832e-06 1.04754e+09 6001113 1.057311e+09 6001113
3.021295e-06 1.071453e+09 6002113 1.08696e+09 6002113
1.531043e-06 1.06975e+09 6002113 1.099663e+09 6002113
3.016217e-06 1.077532e+09 6002113 1.083196e+09 6002113
1.528132e-06 1.042672e+09 6002113 1.076471e+09 6002113
2.920016e-06 1.058011e+09 6001113 1.054037e+09 6001113
2.778599e-06 1.037997e+09 6001113 1.06144e+09 6001113
3.223271e-06 1.057552e+09 6001113 1.062056e+09 6001113
1.662724e-06 1.059516e+09 6001113 1.059966e+09 6001113
3.206112e-06 1.042104e+09 6001113 1.056372e+09 6001113
4.839631e-07 1.085053e+09 6002113 1.051567e+09 6002113
2.591941e-06 1.066913e+09 6002113 1.074186e+09 6002113
2.489347e-06 1.049947e+09 6001113 1.051489e+09 6001113
2.805327e-06 1.040594e+09 6001113 1.053989e+09 6001113
1.787412e-06 1.059904e+09 6001113 1.040486e+09 6001113
3.245364e-06 1.0811e+09 6003113 1.084104e+09 6003113
3.023195e-06 1.078767e+09 6003113 1.095191e+09 6003113
2.865752e-06 1.091028e+09 6002113 1.050143e+09 6002113
1.104631e-06 1.088118e+09 6002113 1.078427e+09 6002113
3.280271e-06 1.060353e+09 6001113 1.041593e+09 6001113
7.536476e-07 1.061035e+09 6001113 1.050045e+09 6001113
3.829082e-06 1.121913e+09 6003113 1.076402e+09 6003113
2.742458e-06 1.049612e+09 6001113 1.066124e+09 6001113
3.206112e-06 1.057249e+09 6001113 1.056637e+09 6001113
3.00132e-06 1.051378e+09 6002113 1.057093e+09 6002113
3.00132e-06 1.051378e+09 6002113 1.057093e+09 6002113
2.956933e-06 1.066997e+09 6002113 1.089558e+09 6002113
3.080574e-06 1.025464e+09 6001113 1.057151e+09 6001113
3.162566e-06 1.070202e+09 6001113 1.016135e+09 6001113
3.146062e-06 1.066841e+09 6001113 1.057807e+09 6001113
3.305089e-06 1.036292e+09 6001113 1.04157e+09 6001113
2.870111e-06 1.069771e+09 6001113 1.065596e+09 6001113
2.865752e-06 1.08919e+09 6003113 1.098665e+09 6003113
3.214167e-06 1.065283e+09 6001113 1.060411e+09 6001113
3.214167e-06 1.065283e+09 6001113 1.060411e+09 6001113
3.160574e-06 1.03565e+09 6001113 1.034685e+09 6001113
3.160574e-06 1.03565e+09 6001113 1.034685e+09 6001113
2.742458e-06 1.083775e+09 6002113 1.044678e+09 6002113
3.430638e-06 1.064824e+09 6002113 1.083254e+09 6002113
4.768107e-08 1.052641e+09 6001113 1.046286e+09 6001113
4.768107e-08 1.052641e+09 6001113 1.046286e+09 6001113
7.450079e-08 1.024298e+09 6001113 1.040896e+09 6001113
6.220817e-07 1.044329e+09 6001113 1.063945e+09 6001113
3.236416e-06 1.086357e+09 6002113 1.044623e+09 6002113
3.236416e-06 1.086357e+09 6002113 1.044623e+09 6002113
2.920016e-06 1.065121e+09 6002113 1.07082e+09 6002113
3.335662e-06 1.053334e+09 6001113 1.047669e+09 6001113
9.334816e-07 1.041234e+09 6002113 1.092282e+09 6002113
4.019295e-06 1.086511e+09 6002113 1.071098e+09 6002113
4.019295e-06 1.081287e+09 6002113 1.052112e+09 6002113
3.173568e-06 1.013972e+09 6001113 1.025816e+09 6001113
3.331545e-06 1.03439e+09 6002113 1.06249e+09 6002113
2.765883e-06 1.073807e+09 6002113 1.087479e+09 6002113
3.007045e-06 1.019665e+09 6001113 1.032781e+09 6001113
2.902161e-06 1.058697e+09 6001113 1.051377e+09 6001113
2.858486e-06 1.019792e+09 6001113 1.059551e+09 6001113
2.414554e-07 1.07408e+09 6003113 1.029202e+09 6003113
3.230679e-06 1.069265e+09 6001113 1.058049e+09 6001113
2.863025e-06 1.067383e+09 6002113 1.072451e+09 6002113
2.375505e-06 1.045632e+09 6001113 1.013491e+09 6001113
4.095175e-06 1.059857e+09 6001113 1.04924e+09 6001113
3.956936e-06 1.034622e+09 6001113 1.049426e+09 6001113
3.160574e-06 1.075022e+09 6002113 1.07505e+09 6002113
2.991417e-06 1.059416e+09 6002113 1.065593e+09 6002113
3.25557e-06 1.057787e+09 6001113 1.059557e+09 6001113
3.281938e-06 1.060484e+09 6001113 1.062691e+09 6001113
2.489347e-06 1.024561e+09 6001113 1.039076e+09 6001113
3.311832e-06 1.055521e+09 6001113 1.033386e+09 6001113
3.825809e-06 1.051543e+09 6002113 1.083364e+09 6002113
3.311205e-06 1.074649e+09 6002113 1.066104e+09 6002113
4.019295e-06 1.057705e+09 6001113 1.049103e+09 6001113
2.756482e-06 1.051247e+09 6001113 1.040453e+09 6001113
4.353096e-06 1.083776e+09 6002113 1.062559e+09 6002113
3.25557e-06 1.079975e+09 6002113 1.067704e+09 6002113
3.131243e-06 1.055407e+09 6001113 1.036983e+09 6001113
3.131243e-06 1.055407e+09 6001113 1.036983e+09 6001113
8.270164e-07 1.086051e+09 6003113 1.073105e+09 6003113
7.536476e-07 1.058736e+09 6001113 1.05233e+09 6001113
7.536476e-07 1.058736e+09 6001113 1.05233e+09 6001113
1.531043e-06 1.027022e+09 6002113 1.07474e+09 6002113
1.531043e-06 1.027022e+09 6002113 1.07474e+09 6002113
3.009484e-06 1.055002e+09 6001113 1.046831e+09 6001113
3.009484e-06 1.055002e+09 6001113 1.046831e+09 6001113
4.542481e-06 1.055491e+09 6002113 1.080517e+09 6002113
3.230679e-06 1.090761e+09 6002113 1.08616e+09 6002113
1.198272e-06 1.042371e+09 6001113 1.036362e+09 6001113
1.198272e-06 1.042371e+09 6001113 1.036362e+09 6001113
2.771904e-08 1.06171e+09 6001113 1.045559e+09 6001113
3.430638e-06 1.04835e+09 6001113 1.024116e+09 6001113
2.821711e-06 1.126274e+09 6003113 1.084613e+09 6003113
3.124712e-06 1.03715e+09 6001113 1.062426e+09 6001113
3.173568e-06 1.049136e+09 6001113 1.025786e+09 6001113
3.173568e-06 1.049136e+09 6001113 1.025786e+09 6001113
1.2259e-06 1.023973e+09 6001113 1.062856e+09 6001113
1.2259e-06 1.023973e+09 6001113 1.062856e+09 6001113
3.826395e-09 1.0419e+09 6001113 1.042347e+09 6001113
1.104631e-06 1.073726e+09 6002113 1.078953e+09 6002113
3.162566e-06 1.079388e+09 6002113 1.094958e+09 6002113
4.19845e-06 1.072741e+09 6001113 1.028706e+09 6001113
4.19845e-06 1.072741e+09 6001113 1.028706e+09 6001113
1.77464e-06 1.073522e+09 6001113 1.025976e+09 6001113
2.275223e-06 1.042271e+09 6001113 1.051917e+09 6001113
3.206112e-06 1.013678e+09 6001113 1.050257e+09 6001113
4.19845e-06 1.0456e+09 6001113 1.044219e+09 6001113
3.26893e-06 1.050759e+09 6003113 1.076193e+09 6003113
2.805327e-06 1.065101e+09 6002113 1.036407e+09 6002113
2.138226e-06 1.096943e+09 6002113 1.068306e+09 6002113
4.396371e-08 1.023913e+09 6001113 1.002129e+09 6001113
2.786099e-06 1.075742e+09 6003113 1.075837e+09 6003113
2.786099e-06 1.061152e+09 6001113 1.071209e+09 6001113
2.902161e-06 1.060662e+09 6002113 1.070626e+09 6002113
3.829082e-06 1.067057e+09 6001113 1.026592e+09 6001113
1.161447e-07 1.033529e+09 6001113 1.042523e+09 6001113
1.907942e-06 1.038e+09 6001113 1.038108e+09 6001113
7.450079e-08 1.054824e+09 6001113 1.034643e+09 6001113
4.657668e-06 1.064804e+09 6001113 1.051591e+09 6001113
2.786099e-06 1.02015e+09 6001113 1.047006e+09 6001113
1.424261e-06 1.064925e+09 6001113 1.055744e+09 6001113
2.128577e-07 1.086896e+09 6002113 1.082801e+09 6002113
2.799834e-06 1.017074e+09 6002113 1.077207e+09 6002113
1.322554e-06 1.085333e+09 6002113 1.086182e+09 6002113
1.073608e-07 1.052389e+09 6002113 1.017197e+09 6002113
3.009484e-06 1.079578e+09 6002113 1.057112e+09 6002113
2.771904e-08 1.042742e+09 6001113 1.043568e+09 6001113
2.771904e-08 1.042742e+09 6001113 1.043568e+09 6001113
3.223271e-06 1.044807e+09 6001113 1.028145e+09 6001113
3.007045e-06 1.038831e+09 6002113 1.08487e+09 6002113
3.046714e-06 1.065415e+09 6001113 1.040634e+09 6001113
3.245364e-06 1.058165e+09 6001113 1.056571e+09 6001113
3.331545e-06 1.085541e+09 6002113 1.071744e+09 6002113
3.331545e-06 1.085541e+09 6002113 1.071744e+09 6002113
3.146062e-06 1.07599e+09 6002113 1.083905e+09 6002113
3.146062e-06 1.07599e+09 6002113 1.083905e+09 6002113
1.873262e-08 1.047695e+09 6001113 1.06824e+09 6001113
2.821105e-06 1.043461e+09 6001113 1.058987e+09 6001113
2.863025e-06 1.061879e+09 6001113 1.068174e+09 6001113
3.239734e-06 1.041918e+09 6001113 1.067106e+09 6001113
2.852323e-06 1.034608e+09 6001113 1.031045e+09 6001113
3.124712e-06 1.071365e+09 6002113 1.065741e+09 6002113
3.124712e-06 1.071365e+09 6002113 1.065741e+09 6002113
2.257351e-06 1.093471e+09 6002113 1.075772e+09 6002113
3.007045e-06 1.096094e+09 6002113 1.036214e+09 6002113
3.272081e-06 1.071513e+09 6002113 1.065839e+09 6002113
3.272081e-06 1.071513e+09 6002113 1.065839e+09 6002113
3.25557e-06 1.063218e+09 6003113 1.102196e+09 6003113
3.753059e-06 1.071559e+09 6002113 1.075846e+09 6002113
2.777415e-06 1.081624e+09 6002113 1.087794e+09 6002113
3.311205e-06 1.075315e+09 6001113 1.04914e+09 6001113
2.881062e-06 1.069497e+09 6002113 1.010474e+09 6002113
3.825809e-06 1.073747e+09 6002113 1.083046e+09 6002113
1.890684e-06 1.071712e+09 6002113 1.098093e+09 6002113
2.756482e-06 1.068819e+09 6002113 1.088764e+09 6002113
2.756482e-06 1.060881e+09 6001113 1.050546e+09 6001113
3.772923e-08 1.0796e+09 6002113 1.068776e+09 6002113
3.15068e-06 1.076955e+09 6002113 1.091234e+09 6002113
3.15068e-06 1.076955e+09 6002113 1.091234e+09 6002113
3.280271e-06 1.084249e+09 6002113 1.039203e+09 6002113
3.354762e-06 1.092128e+09 6002113 1.051959e+09 6002113
3.331545e-06 1.05783e+09 6001113 1.052838e+09 6001113
3.331545e-06 1.05783e+09 6001113 1.003234e+09 6001113
2.603827e-06 1.068305e+09 6002113 1.070297e+09 6002113
4.41165e-06 1.056878e+09 6001113 1.070935e+09 6001113
4.353096e-06 1.069144e+09 6002113 1.073364e+09 6002113
4.353096e-06 1.069144e+09 6002113 1.073364e+09 6002113
3.270804e-06 1.069436e+09 6001113 1.062376e+09 6001113
2.881062e-06 1.020795e+09 6001113 1.061822e+09 6001113
6.854084e-07 1.07366e+09 6002113 1.059869e+09 6002113
1.367747e-08 1.069361e+09 6001113 1.03569e+09 6001113
1.367747e-08 1.069361e+09 6001113 1.03569e+09 6001113
3.007045e-06 1.057091e+09 6001113 1.059405e+09 6001113
3.331545e-06 1.077117e+09 6002113 1.075871e+09 6002113
4.768107e-08 1.060542e+09 6002113 1.081475e+09 6002113
4.768107e-08 1.060542e+09 6002113 1.081475e+09 6002113
3.162566e-06 1.037406e+09 6001113 1.025801e+09 6001113
2.765883e-06 1.067745e+09 6001113 1.051554e+09 6001113
8.069776e-08 1.060996e+09 6001113 1.039599e+09 6001113
4.263015e-06 1.060697e+09 6001113 1.055328e+09 6001113
3.751104e-06 1.079447e+09 6002113 1.058161e+09 6002113
3.264366e-06 1.037636e+09 6001113 1.046463e+09 6001113
3.206112e-06 1.051417e+09 6001113 1.042367e+09 6001113
3.206112e-06 1.051417e+09 6001113 1.042367e+09 6001113
2.821105e-06 1.034809e+09 6001113 1.043836e+09 6001113
2.821105e-06 1.034809e+09 6001113 1.043836e+09 6001113
3.15068e-06 1.06169e+09 6002113 1.06874e+09 6002113
2.489347e-06 1.041088e+09 6001113 1.046429e+09 6001113
2.991417e-06 1.049993e+09 6001113 1.057761e+09 6001113
1.104631e-06 1.072795e+09 6002113 1.073962e+09 6002113
6.595114e-07 1.0543e+09 6001113 1.040641e+09 6001113
3.236416e-06 1.025834e+09 6001113 1.040659e+09 6001113
3.218178e-06 1.082855e+09 6002113 1.047176e+09 6002113
2.026024e-06 1.030434e+09 6001113 1.06603e+09 6001113
2.026024e-06 1.030434e+09 6001113 1.06603e+09 6001113
2.375505e-06 1.074026e+09 6001113 1.040662e+09 6001113
3.825809e-06 1.070214e+09 6001113 1.029077e+09 6001113
9.057274e-07 1.085652e+09 6002113 1.076799e+09 6002113
2.821711e-06 1.074349e+09 6001113 1.044353e+09 6001113
2.591941e-06 1.07832e+09 6002113 1.083594e+09 6002113
3.124712e-06 1.056757e+09 6001113 1.058491e+09 6001113
4.019295e-06 1.05385e+09 6001113 1.04118e+09 6001113
2.852323e-06 1.090757e+09 6002113 1.080124e+09 6002113
2.786099e-06 1.061858e+09 6001113 1.033235e+09 6001113
3.236416e-06 1.050294e+09 6001113 1.042723e+09 6001113
3.239734e-06 1.050227e+09 6001113 1.050818e+09 6001113
3.245364e-06 1.077296e+09 6001113 1.060312e+09 6001113
4.890778e-06 1.054075e+09 6002113 1.067986e+09 6002113
3.206112e-06 1.11122e+09 6003113 1.078511e+09 6003113
3.021295e-06 1.060097e+09 6002113 1.053986e+09 6002113
3.021295e-06 1.060097e+09 6002113 1.053986e+09 6002113
3.218178e-06 1.051863e+09 6001113 1.056254e+09 6001113
3.218178e-06 1.051863e+09 6001113 1.056254e+09 6001113
3.291022e-06 1.083142e+09 6003113 1.097546e+09 6003113
3.007045e-06 1.028144e+09 6001113 1.064966e+09 6001113
3.218178e-06 1.051637e+09 6002113 1.069393e+09 6002113
3.218178e-06 1.051637e+09 6002113 1.069393e+09 6002113
3.26893e-06 1.044254e+09 6001113 1.055239e+09 6001113
1.787412e-06 1.050149e+09 6001113 1.049093e+09 6001113
2.786099e-06 1.036428e+09 6001113 1.04111e+09 6001113
3.335662e-06 1.049804e+09 6002113 1.054843e+09 6002113
3.335662e-06 1.043326e+09 6001113 1.061873e+09 6001113
9.057274e-07 1.060305e+09 6001113 1.047428e+09 6001113
3.046714e-06 1.086442e+09 6003113 1.09942e+09 6003113
2.489347e-06 1.008912e+09 6001113 1.025884e+09 6001113
1.662724e-06 1.052781e+09 6002113 1.06794e+09 6002113
2.786099e-06 1.040377e+09 6001113 1.040364e+09 6001113
2.778599e-06 1.087514e+09 6002113 1.084621e+09 6002113
2.902161e-06 1.055937e+09 6002113 1.082912e+09 6002113
3.173568e-06 1.057682e+09 6002113 1.062313e+09 6002113
3.173568e-06 1.057682e+09 6002113 1.062313e+09 6002113
1.907942e-06 1.032129e+09 6001113 1.072352e+09 6001113
3.26893e-06 1.000353e+09 6001113 1.025424e+09 6001113
3.236416e-06 1.054554e+09 6001113 1.056543e+09 6001113
3.335662e-06 1.04828e+09 6001113 1.025431e+09 6001113
7.450079e-08 1.053786e+09 6001113 1.024797e+09 6001113
3.230679e-06 1.095706e+09 6003113 1.08357e+09 6003113
1.073608e-07 1.044338e+09 6001113 1.050196e+09 6001113
3.00132e-06 1.042617e+09 6001113 1.022386e+09 6001113
2.786099e-06 1.070252e+09 6002113 1.091316e+09 6002113
2.865752e-06 1.07341e+09 6002113 1.091034e+09 6002113
8.55683e-07 1.059908e+09 6001113 1.045995e+09 6001113
3.160574e-06 1.066683e+09 6002113 1.076726e+09 6002113
8.069776e-08 1.100198e+09 6003113 1.078775e+09 6003113
2.956933e-06 1.044436e+09 6001113 1.057371e+09 6001113
3.330365e-06 1.094525e+09 6002113 1.041689e+09 6002113
3.753059e-06 1.093294e+09 6002113 1.073638e+09 6002113
3.36403e-06 1.066074e+09 6002113 1.081787e+09 6002113
2.852323e-06 1.040441e+09 6001113 1.052605e+09 6001113
3.146062e-06 1.048548e+09 6001113 1.048006e+09 6001113
3.305089e-06 1.033669e+09 6001113 1.055589e+09 6001113
3.305089e-06 1.033669e+09 6001113 1.055589e+09 6001113
3.270804e-06 1.042016e+09 6001113 1.06492e+09 6001113
3.270804e-06 1.042016e+09 6001113 1.06492e+09 6001113
3.331545e-06 1.066886e+09 6002113 1.046612e+09 6002113
3.160574e-06 1.068674e+09 6001113 1.028478e+09 6001113
3.160574e-06 1.068674e+09 6001113 1.028478e+09 6001113
4.019295e-06 1.03032e+09 6001113 1.043499e+09 6001113
4.019295e-06 1.03032e+09 6001113 1.043499e+09 6001113
3.162566e-06 1.082491e+09 6002113 1.083841e+09 6002113
2.821711e-06 1.073108e+09 6001113 1.058136e+09 6001113
4.608003e-07 1.066766e+09 6002113 1.07042e+09 6002113
4.396371e-08 1.054555e+09 6001113 1.020986e+09 6001113
3.206112e-06 1.086658e+09 6002113 1.064593e+09 6002113
3.270804e-06 1.041003e+09 6001113 1.046558e+09 6001113
3.25557e-06 1.057249e+09 6001113 1.053733e+09 6001113
2.756482e-06 1.079485e+09 6002113 1.076339e+09 6002113
2.863025e-06 1.07598e+09 6002113 1.020913e+09 6002113
3.430638e-06 1.058103e+09 6001113 1.065203e+09 6001113
3.430638e-06 1.058103e+09 6001113 1.065203e+09 6001113
2.767557e-06 1.022719e+09 6001113 1.037082e+09 6001113
3.331545e-06 1.041981e+09 6001113 1.06769e+09 6001113
2.74405e-06 1.04063e+09 6001113 1.043852e+09 6001113
3.335662e-06 1.057079e+09 6002113 1.052708e+09 6002113
2.881062e-06 1.067584e+09 6002113 1.057304e+09 6002113
2.191227e-08 1.071693e+09 6002113 1.086928e+09 6002113
2.742458e-06 1.041168e+09 6001113 1.047518e+09 6001113
2.742458e-06 1.041168e+09 6001113 1.047518e+09 6001113
2.786099e-06 1.063436e+09 6002113 1.063574e+09 6002113
3.173568e-06 1.060074e+09 6001113 1.035633e+09 6001113
2.852323e-06 1.068596e+09 6002113 1.081106e+09 6002113
2.991417e-06 1.080011e+09 6002113 1.079711e+09 6002113
3.162566e-06 1.050795e+09 6001113 1.017533e+09 6001113
2.863025e-06 1.041447e+09 6001113 1.040517e+09 6001113
4.19845e-06 1.072229e+09 6002113 1.039244e+09 6002113
4.19845e-06 1.065934e+09 6001113 1.059703e+09 6001113
3.239734e-06 1.087006e+09 6002113 1.060603e+09 6002113
2.991417e-06 1.050534e+09 6001113 1.039887e+09 6001113
2.991417e-06 1.050534e+09 6001113 1.039887e+09 6001113
4.263015e-06 1.05412e+09 6001113 1.046265e+09 6001113
3.124712e-06 1.046696e+09 6001113 1.057039e+09 6001113
3.223271e-06 1.099393e+09 6002113 1.062625e+09 6002113
1.873262e-08 1.069967e+09 6001113 1.052616e+09 6001113
3.15101e-06 1.104466e+09 6002113 1.056741e+09 6002113
3.206112e-06 1.060229e+09 6001113 1.046873e+09 6001113
3.206112e-06 1.060229e+09 6001113 1.046873e+09 6001113
3.021295e-06 1.058497e+09 6002113 1.074938e+09 6002113
2.021658e-06 1.057622e+09 6002113 1.054901e+09 6002113
2.786099e-06 1.069739e+09 6001113 1.060133e+09 6001113
3.829082e-06 1.091946e+09 6003113 1.085066e+09 6003113
2.487095e-06 1.048588e+09 6001113 1.057519e+09 6001113
3.080574e-06 1.042359e+09 6001113 1.048401e+09 6001113
3.173568e-06 1.044341e+09 6001113 1.056707e+09 6001113
3.162566e-06 1.054684e+09 6001113 1.042896e+09 6001113
1.662724e-06 1.043718e+09 6001113 1.049901e+09 6001113
2.74405e-06 1.078977e+09 6002113 1.049391e+09 6002113
3.264366e-06 1.065051e+09 6001113 1.060438e+09 6001113
3.264366e-06 1.055331e+09 6001113 1.058861e+09 6001113
2.786099e-06 1.07562e+09 6002113 1.085276e+09 6002113
2.821711e-06 1.05736e+09 6001113 1.042139e+09 6001113
3.829082e-06 1.069818e+09 6002113 1.084412e+09 6002113
3.131243e-06 1.041023e+09 6001113 1.046353e+09 6001113
3.024523e-06 1.032562e+09 6001113 1.047417e+09 6001113
2.866552e-06 1.060653e+09 6002113 1.032271e+09 6002113
3.218178e-06 1.03403e+09 6001113 1.012204e+09 6001113
3.264366e-06 1.045248e+09 6001113 1.053115e+09 6001113
3.264366e-06 1.045248e+09 6001113 1.053115e+09 6001113
3.127688e-06 1.073901e+09 6002113 1.063355e+09 6002113
3.127688e-06 1.073901e+09 6002113 1.063355e+09 6002113
3.430638e-06 1.06006e+09 6001113 1.069201e+09 6001113
2.863025e-06 1.111518e+09 6003113 1.063574e+09 6003113
3.15101e-06 1.060428e+09 6001113 1.033881e+09 6001113
1.989174e-07 1.048751e+09 6001113 1.027286e+09 6001113
3.00132e-06 1.057669e+09 6001113 1.025179e+09 6001113
1.607955e-06 1.050615e+09 6001113 1.051981e+09 6001113
3.272081e-06 1.041242e+09 6001113 1.035942e+09 6001113
2.786788e-06 1.055279e+09 6001113 1.061923e+09 6001113
3.354762e-06 1.058513e+09 6001113 1.055267e+09 6001113
2.821105e-06 1.068699e+09 6001113 1.033585e+09 6001113
2.956933e-06 1.061474e+09 6001113 1.058219e+09 6001113
3.276097e-07 1.043312e+09 6001113 1.055467e+09 6001113
3.162566e-06 1.060489e+09 6003113 1.120213e+09 6003113
1.451796e-06 1.067502e+09 6001113 1.005488e+09 6001113
9.314879e-08 1.046206e+09 6001113 1.067489e+09 6001113
9.314879e-08 1.046206e+09 6001113 1.067489e+09 6001113
1.907942e-06 1.046499e+09 6001113 1.039406e+09 6001113
3.281938e-06 1.041415e+09 6001113 1.04181e+09 6001113
3.751104e-06 1.051966e+09 6001113 1.037738e+09 6001113
3.15101e-06 1.064212e+09 6002113 1.040209e+09 6002113
3.15101e-06 1.064212e+09 6002113 1.040209e+09 6002113
3.311205e-06 1.041101e+09 6001113 1.051463e+09 6001113
3.214167e-06 1.083886e+09 6002113 1.076165e+09 6002113
2.858486e-06 1.023055e+09 6001113 1.048244e+09 6001113
3.162566e-06 1.0774e+09 6002113 1.06961e+09 6002113
2.373365e-08 1.058998e+09 6001113 1.014489e+09 6001113
3.13803e-06 1.043433e+09 6001113 1.056785e+09 6001113
3.13803e-06 1.043433e+09 6001113 1.056785e+09 6001113
1.424261e-06 1.084123e+09 6002113 1.095822e+09 6002113
2.765883e-06 1.055774e+09 6001113 1.063481e+09 6001113
3.15101e-06 1.063772e+09 6001113 1.051038e+09 6001113
4.632458e-06 1.055414e+09 6002113 1.064648e+09 6002113
3.173568e-06 1.069501e+09 6001113 1.051942e+09 6001113
3.825809e-06 1.054322e+09 6002113 1.083326e+09 6002113
9.334816e-07 1.119403e+09 6003113 1.080028e+09 6003113
2.765883e-06 1.06764e+09 6001113 1.052545e+09 6001113
3.214167e-06 1.02478e+09 6001113 1.05734e+09 6001113
3.305089e-06 1.062566e+09 6001113 1.052348e+09 6001113
3.270804e-06 1.053778e+09 6002113 1.047279e+09 6002113
4.057195e-06 1.056999e+09 6001113 1.040011e+09 6001113
3.270804e-06 1.020766e+09 6001113 1.045285e+09 6001113
3.270804e-06 1.020766e+09 6001113 1.045285e+09 6001113
3.13803e-06 1.082953e+09 6002113 1.066142e+09 6002113
1.857156e-06 1.0351e+09 6001113 1.057741e+09 6001113
3.245364e-06 1.07824e+09 6002113 1.030505e+09 6002113
3.245364e-06 1.07824e+09 6002113 1.030505e+09 6002113
2.778599e-06 1.045511e+09 6001113 1.03538e+09 6001113
4.396371e-08 1.041611e+09 6001113 1.058595e+09 6001113
3.280271e-06 1.047039e+09 6001113 1.046638e+09 6001113
3.236416e-06 1.084265e+09 6002113 1.067285e+09 6002113
3.236416e-06 1.084265e+09 6002113 1.067285e+09 6002113
2.777415e-06 1.076924e+09 6002113 1.080603e+09 6002113
4.263015e-06 1.068592e+09 6002113 1.040765e+09 6002113
3.25557e-06 1.050741e+09 6001113 1.073476e+09 6001113
3.335662e-06 1.048938e+09 6001113 1.055815e+09 6001113
3.00132e-06 1.040035e+09 6001113 1.037308e+09 6001113
3.00132e-06 1.040035e+09 6001113 1.037308e+09 6001113
3.080574e-06 1.091285e+09 6002113 1.090214e+09 6002113
2.858486e-06 1.050807e+09 6001113 1.032182e+09 6001113
2.956933e-06 1.051436e+09 6001113 1.024974e+09 6001113
2.902161e-06 1.078291e+09 6003113 1.1247e+09 6003113
1.134256e-06 1.072677e+09 6002113 1.083387e+09 6002113
1.134256e-06 1.072677e+09 6002113 1.083387e+09 6002113
1.2259e-06 1.027515e+09 6001113 1.063132e+09 6001113
2.799834e-06 1.068852e+09 6002113 1.065001e+09 6002113
2.799834e-06 1.068852e+09 6002113 1.065001e+09 6002113
3.239734e-06 1.067075e+09 6001113 1.047706e+09 6001113
5.539366e-08 1.043461e+09 6002113 1.050381e+09 6002113
2.262675e-06 1.091737e+09 6002113 1.076264e+09 6002113
3.218178e-06 1.0756e+09 6002113 1.085279e+09 6002113
3.024523e-06 1.033002e+09 6001113 1.060326e+09 6001113
6.595114e-07 1.06025e+09 6001113 1.053824e+09 6001113
3.218178e-06 1.080103e+09 6002113 1.079427e+09 6002113
2.591941e-06 1.043139e+09 6002113 1.08026e+09 6002113
2.821711e-06 1.027903e+09 6001113 1.06841e+09 6001113
3.13803e-06 1.044156e+09 6001113 1.049563e+09 6001113
3.270804e-06 1.062057e+09 6003113 1.074121e+09 6003113
3.13803e-06 1.05218e+09 6001113 1.051879e+09 6001113
2.991417e-06 1.053392e+09 6001113 1.042656e+09 6001113
3.206112e-06 1.056551e+09 6001113 1.056284e+09 6001113
1.451796e-06 1.090199e+09 6002113 1.029012e+09 6002113
2.865752e-06 1.063121e+09 6002113 1.072806e+09 6002113
3.124712e-06 1.058571e+09 6001113 1.0611e+09 6001113
2.138226e-06 1.077572e+09 6002113 1.037314e+09 6002113
3.162566e-06 1.059335e+09 6001113 1.032961e+09 6001113
2.487095e-06 1.076333e+09 6002113 1.069567e+09 6002113
2.765883e-06 1.079283e+09 6002113 1.084571e+09 6002113
3.335662e-06 1.044109e+09 6001113 1.056567e+09 6001113
3.26893e-06 1.093514e+09 6002113 1.076301e+09 6002113
3.162566e-06 1.058051e+09 6001113 1.065518e+09 6001113
1.79734e-06 1.077246e+09 6002113 1.086389e+09 6002113
1.235491e-07 1.025791e+09 6001113 1.038188e+09 6001113
2.778599e-06 1.079041e+09 6002113 1.082492e+09 6002113
2.365261e-06 1.014542e+09 6001113 1.05413e+09 6001113
1.79734e-06 1.016775e+09 6001113 1.05115e+09 6001113
1.198272e-06 1.027633e+09 6001113 1.065947e+09 6001113
3.13803e-06 1.089899e+09 6003113 1.078999e+09 6003113
2.866552e-06 1.086762e+09 6002113 1.076841e+09 6002113
3.021295e-06 1.046635e+09 6001113 1.038487e+09 6001113
4.657668e-06 1.058374e+09 6001113 1.058075e+09 6001113
3.270804e-06 1.029851e+09 6001113 1.05793e+09 6001113
3.270804e-06 1.029851e+09 6001113 1.05793e+09 6001113
3.173568e-06 1.06249e+09 6002113 1.074951e+09 6002113
3.331545e-06 1.053622e+09 6001113 1.052451e+09 6001113
3.751104e-06 1.050511e+09 6001113 1.027993e+09 6001113
5.961117e-07 1.08434e+09 6002113 1.074843e+09 6002113
4.657668e-06 1.049968e+09 6001113 1.063759e+09 6001113
2.603827e-06 1.038327e+09 6001113 1.053088e+09 6001113
3.007045e-06 1.051611e+09 6001113 1.05932e+09 6001113
2.767557e-06 1.053124e+09 6001113 1.053994e+09 6001113
2.821711e-06 1.057712e+09 6002113 1.082529e+09 6002113
3.236416e-06 1.075551e+09 6002113 1.044115e+09 6002113
3.236416e-06 1.075551e+09 6002113 1.044115e+09 6002113
3.023195e-06 1.032625e+09 6001113 1.052134e+09 6001113
3.023195e-06 1.032625e+09 6001113 1.052134e+09 6001113
3.26893e-06 1.07109e+09 6002113 1.094658e+09 6002113
3.046714e-06 1.079208e+09 6002113 1.076129e+09 6002113
2.765883e-06 1.071638e+09 6002113 1.036754e+09 6002113
2.765883e-06 1.071638e+09 6002113 1.036754e+09 6002113
1.016414e-06 1.080241e+09 6002113 1.064921e+09 6002113
4.095175e-06 1.106642e+09 6003113 1.087354e+09 6003113
3.331545e-06 1.039881e+09 6001113 1.03767e+09 6001113
5.376829e-07 1.073693e+09 6002113 1.093866e+09 6002113
4.019295e-06 1.06725e+09 6002113 1.091286e+09 6002113
2.765883e-06 1.042757e+09 6001113 1.034654e+09 6001113
2.778599e-06 1.069607e+09 6002113 1.059232e+09 6002113
1.198272e-06 1.063053e+09 6002113 1.092277e+09 6002113
2.920016e-06 1.047226e+09 6001113 1.038992e+09 6001113
2.799834e-06 1.075592e+09 6002113 1.091016e+09 6002113
2.742458e-06 1.077265e+09 6002113 1.056679e+09 6002113
3.311205e-06 1.104438e+09 6003113 1.07114e+09 6003113
4.019295e-06 1.032536e+09 6001113 1.054862e+09 6001113
4.019295e-06 1.032536e+09 6001113 1.054862e+09 6001113
2.128577e-07 1.079055e+09 6002113 1.053659e+09 6002113
2.128577e-07 1.079055e+09 6002113 1.053659e+09 6002113
2.538811e-06 1.059882e+09 6003113 1.05114e+09 6003113
2.799834e-06 1.04728e+09 6001113 1.026077e+09 6001113
3.214167e-06 1.06431e+09 6001113 1.046305e+09 6001113
2.591941e-06 1.058127e+09 6001113 1.036855e+09 6001113
2.414554e-07 1.063353e+09 6001113 1.061171e+09 6001113
2.843065e-06 1.078329e+09 6002113 1.067002e+09 6002113
1.79734e-06 1.031143e+09 6001113 1.050036e+09 6001113
3.080574e-06 1.05823e+09 6001113 1.061024e+09 6001113
3.080574e-06 1.05823e+09 6001113 1.061024e+09 6001113
4.657668e-06 1.038552e+09 6001113 1.048923e+09 6001113
3.046714e-06 1.049312e+09 6001113 1.032343e+09 6001113
3.281938e-06 1.032205e+09 6001113 1.056363e+09 6001113
2.865752e-06 1.058309e+09 6002113 1.093359e+09 6002113
3.270804e-06 1.028023e+09 6002113 1.06135e+09 6002113
3.270804e-06 1.028023e+09 6002113 1.06135e+09 6002113
