1.386817e-06 1.089842e+09 6002114 1.08813e+09 6002113
2.58667e-06 1.098604e+09 6003113 1.116976e+09 6003113
2.416484e-07 1.0903e+09 6003113 1.100752e+09 6003113
1.621712e-06 1.114739e+09 6003113 1.096094e+09 6003113
1.955789e-06 1.130703e+09 6003114 1.099545e+09 6003113
2.20052e-06 1.09419e+09 6002113 1.068806e+09 6002113
1.772581e-06 1.092288e+09 6002113 1.044118e+09 6002113
1.098072e-07 1.07306e+09 6002113 1.087611e+09 6002113
1.899544e-06 1.074665e+09 6002113 1.099202e+09 6002113
1.108559e-06 1.092203e+09 6002114 1.098641e+09 6002113
1.633969e-06 1.096838e+09 6003114 1.094963e+09 6003113
1.913986e-06 1.103355e+09 6003113 1.112718e+09 6003113
2.038045e-06 1.090879e+09 6002113 1.09202e+09 6002113
1.712084e-06 1.118544e+09 6003113 1.083976e+09 6003113
8.976918e-07 1.035734e+09 6002114 1.090473e+09 6002113
1.680737e-06 1.090855e+09 6003113 1.109425e+09 6003113
7.187786e-07 1.092516e+09 6002113 1.089255e+09 6002113
1.392823e-06 1.083062e+09 6002113 1.103388e+09 6002113
1.641618e-06 1.093098e+09 6002113 1.083716e+09 6002113
2.20052e-06 1.082028e+09 6002114 1.086165e+09 6002113
1.941817e-06 1.067069e+09 6002114 1.094794e+09 6002113
1.91851e-06 1.086672e+09 6002114 1.089507e+09 6002113
9.117824e-07 1.101655e+09 6003114 1.091266e+09 6003113
2.20052e-06 1.101803e+09 6003113 1.115141e+09 6003113
1.633969e-06 1.089905e+09 6002114 1.092754e+09 6002113
1.91851e-06 1.068505e+09 6002113 1.089817e+09 6002113
1.806224e-06 1.074575e+09 6002113 1.097045e+09 6002113
2.20052e-06 1.109554e+09 6003114 1.096136e+09 6003113
1.839912e-06 1.092979e+09 6002114 1.091436e+09 6002113
2.038045e-06 1.092826e+09 6002113 1.069814e+09 6002113
3.768907e-08 1.081224e+09 6002114 1.086371e+09 6002113
1.937863e-06 1.101947e+09 6003114 1.094493e+09 6003113
1.917761e-06 1.091337e+09 6003113 1.124002e+09 6003113
1.323546e-06 1.041033e+09 6002114 1.09526e+09 6002113
1.185353e-06 1.05706e+09 6002114 1.09306e+09 6002113
1.526695e-06 1.084185e+09 6003114 1.098246e+09 6003113
1.833848e-06 1.105008e+09 6003113 1.079348e+09 6003113
1.913986e-06 1.089777e+09 6003113 1.057478e+09 6003113
9.749001e-07 1.05324e+09 6003114 1.091518e+09 6003113
7.75449e-07 1.080348e+09 6002113 1.092293e+09 6002113
1.839912e-06 1.112396e+09 6003113 1.095076e+09 6003113
1.835932e-06 1.085175e+09 6002114 1.093488e+09 6002113
1.040519e-06 1.093474e+09 6003113 1.093504e+09 6003113
1.608911e-06 1.106354e+09 6003114 1.090587e+09 6003113
2.011476e-06 1.104625e+09 6003113 1.07281e+09 6003113
1.916662e-06 1.091453e+09 6002113 1.094371e+09 6002113
1.85313e-06 1.091702e+09 6003113 1.125157e+09 6003113
1.607978e-06 1.093597e+09 6003113 1.091102e+09 6003113
1.2537e-06 1.111462e+09 6003113 1.091778e+09 6003113
1.85313e-06 1.079286e+09 6003114 1.100334e+09 6003113
1.166306e-07 1.090922e+09 6002113 1.072987e+09 6002113
1.889891e-06 1.094655e+09 6003113 1.095052e+09 6003113
1.676008e-06 1.107367e+09 6003113 1.063737e+09 6003113
1.680268e-06 1.093513e+09 6003113 1.062925e+09 6003113
1.835932e-06 1.078278e+09 6003113 1.093429e+09 6003113
1.6162e-06 1.101382e+09 6003113 1.120113e+09 6003113
1.248042e-07 1.116258e+09 6003114 1.093469e+09 6003113
2.401112e-06 1.117462e+09 6003113 1.089308e+09 6003113
1.763112e-06 1.062524e+09 6002113 1.090143e+09 6002113
1.633565e-06 1.087037e+09 6002113 1.091854e+09 6002113
1.680737e-06 1.067023e+09 6002113 1.090952e+09 6002113
1.248042e-07 1.100348e+09 6003114 1.098848e+09 6003113
2.716136e-06 1.075135e+09 6002113 1.087779e+09 6002113
1.526695e-06 1.07446e+09 6002113 1.098759e+09 6002113
1.641618e-06 1.091597e+09 6002113 1.084764e+09 6002113
1.847329e-06 1.073094e+09 6002114 1.089396e+09 6002113
9.117824e-07 1.099789e+09 6003113 1.092799e+09 6003113
1.854298e-06 1.093072e+09 6002113 1.069104e+09 6002113
1.835932e-06 1.087115e+09 6003113 1.106129e+09 6003113
2.320058e-06 1.097321e+09 6003113 1.10666e+09 6003113
1.839912e-06 1.09568e+09 6003113 1.116589e+09 6003113
4.41884e-07 1.089279e+09 6002114 1.078298e+09 6002113
1.678669e-06 1.088862e+09 6003114 1.093728e+09 6003113
1.85313e-06 1.110577e+09 6003114 1.093395e+09 6003113
1.672394e-06 1.068781e+09 6002113 1.098692e+09 6002113
1.323546e-06 1.093233e+09 6002113 1.091458e+09 6002113
1.622694e-06 1.103904e+09 6003114 1.090525e+09 6003113
2.499521e-06 1.08929e+09 6002113 1.083468e+09 6002113
1.621712e-06 1.085182e+09 6003114 1.095224e+09 6003113
1.839912e-06 1.091607e+09 6002114 1.090185e+09 6002113
1.955789e-06 1.090922e+09 6002113 1.080972e+09 6002113
1.917761e-06 1.085359e+09 6002113 1.076215e+09 6002113
1.77336e-06 1.092193e+09 6002113 1.070534e+09 6002113
1.77336e-06 1.065143e+09 6003113 1.093978e+09 6003113
1.607978e-06 1.119378e+09 6003114 1.099182e+09 6003113
1.519725e-06 1.067545e+09 6002113 1.089129e+09 6002113
1.622694e-06 1.052652e+09 6002114 1.089251e+09 6002113
1.884553e-06 1.101366e+09 6003114 1.092688e+09 6003113
3.647434e-07 1.09829e+09 6003113 1.089437e+09 6003113
1.806224e-06 1.088035e+09 6003113 1.098904e+09 6003113
7.75449e-07 1.091879e+09 6002113 1.065485e+09 6002113
1.166306e-07 1.092127e+09 6002113 1.08232e+09 6002113
1.676008e-06 1.060461e+09 6002113 1.091377e+09 6002113
1.676008e-06 1.039397e+09 6003114 1.108866e+09 6003113
1.633565e-06 1.104837e+09 6003113 1.092838e+09 6003113
1.016311e-09 1.10736e+09 6003114 1.084151e+09 6003113
1.886905e-06 1.089662e+09 6002114 1.084641e+09 6002113
2.378843e-06 1.093186e+09 6003113 1.102935e+09 6003113
1.040519e-06 1.116958e+09 6003113 1.090785e+09 6003113
1.2537e-06 1.058371e+09 6002113 1.092363e+09 6002113
1.941449e-06 1.125423e+09 6003113 1.097813e+09 6003113
1.860749e-06 1.090816e+09 6002113 1.095725e+09 6002113
1.923312e-06 1.095037e+09 6003113 1.112521e+09 6003113
1.835932e-06 1.116362e+09 6003113 1.087819e+09 6003113
1.847329e-06 1.082244e+09 6003114 1.093472e+09 6003113
1.91851e-06 1.057434e+09 6002114 1.086411e+09 6002113
