3.252398e-06 1.079413e+09 6002113 1.099924e+09 6002113
4.062864e-06 1.007854e+09 6001113 1.052053e+09 6001113
2.952774e-06 1.076543e+09 6002113 1.071035e+09 6002113
2.431241e-06 1.081161e+09 6002113 1.063217e+09 6002113
3.573728e-06 1.05343e+09 6001113 1.011851e+09 6001113
3.215034e-06 1.044558e+09 6001113 1.064128e+09 6001113
2.78412e-06 1.05494e+09 6001113 1.04465e+09 6001113
3.229951e-06 1.04777e+09 6001113 1.032739e+09 6001113
2.952774e-06 1.057239e+09 6002113 1.077793e+09 6002113
1.417738e-06 1.051646e+09 6001113 1.033066e+09 6001113
2.808948e-06 1.123641e+09 6003113 1.086373e+09 6003113
3.286964e-07 1.03784e+09 6001113 1.036522e+09 6001113
3.075219e-06 1.050556e+09 6001113 1.053262e+09 6001113
2.820106e-06 1.065907e+09 6001113 1.067164e+09 6001113
3.187516e-06 1.017696e+09 6001113 1.064471e+09 6001113
2.703151e-06 1.074129e+09 6002113 1.074333e+09 6002113
3.191704e-06 1.042488e+09 6001113 1.0503e+09 6001113
3.159653e-06 1.053912e+09 6002113 1.088941e+09 6002113
3.204008e-06 1.061978e+09 6001113 1.023106e+09 6001113
3.151927e-06 1.057319e+09 6001113 1.051841e+09 6001113
3.536457e-06 1.036997e+09 6001113 1.057916e+09 6001113
3.536457e-06 1.036997e+09 6001113 1.057916e+09 6001113
3.219653e-06 1.064096e+09 6001113 1.057703e+09 6001113
3.041826e-06 1.08094e+09 6002113 1.078386e+09 6002113
2.970941e-06 1.070115e+09 6002113 1.090947e+09 6002113
3.252398e-06 1.092196e+09 6002113 1.059996e+09 6002113
2.821035e-06 1.075018e+09 6002113 1.061683e+09 6002113
3.014869e-06 1.036138e+09 6001113 1.067482e+09 6001113
3.081224e-06 1.05741e+09 6001113 1.024306e+09 6001113
2.970941e-06 1.069366e+09 6002113 1.072545e+09 6002113
3.197957e-08 1.022515e+09 6001113 1.047942e+09 6001113
1.16151e-07 1.079166e+09 6002113 1.079554e+09 6002113
1.885953e-06 1.050547e+09 6001113 1.0663e+09 6001113
2.741065e-06 1.076317e+09 6002113 1.08239e+09 6002113
3.231766e-06 1.049687e+09 6001113 1.04311e+09 6001113
2.808948e-06 1.04872e+09 6001113 1.062371e+09 6001113
3.180038e-06 1.060292e+09 6002113 1.084314e+09 6002113
3.196965e-06 1.028482e+09 6001113 1.045423e+09 6001113
3.294546e-06 1.0752e+09 6001113 1.035017e+09 6001113
2.825402e-06 1.029144e+09 6001113 1.051647e+09 6001113
3.081224e-06 1.04968e+09 6001113 1.039388e+09 6001113
2.825402e-06 1.07837e+09 6002113 1.070729e+09 6002113
3.985176e-06 1.111851e+09 6003113 1.077014e+09 6003113
2.974465e-06 1.070307e+09 6002113 1.078151e+09 6002113
1.87273e-06 1.083432e+09 6002113 1.075917e+09 6002113
4.365265e-06 1.048125e+09 6001113 1.04286e+09 6001113
1.649957e-06 1.049141e+09 6001113 1.03927e+09 6001113
1.649957e-06 1.049141e+09 6001113 1.03927e+09 6001113
2.92115e-06 1.080962e+09 6002113 1.053944e+09 6002113
1.417738e-06 1.064765e+09 6001113 1.03407e+09 6001113
2.737738e-08 1.062222e+09 6001113 1.051131e+09 6001113
2.821035e-06 1.04923e+09 6001113 1.059043e+09 6001113
8.557578e-07 1.032119e+09 6001113 1.048621e+09 6001113
1.420979e-06 1.056948e+09 6001113 1.063211e+09 6001113
1.420979e-06 1.056948e+09 6001113 1.063211e+09 6001113
2.223173e-06 1.059183e+09 6001113 1.050245e+09 6001113
3.123025e-06 1.079262e+09 6002113 1.084665e+09 6002113
3.076199e-06 1.072169e+09 6002113 1.084131e+09 6002113
3.273601e-06 1.070988e+09 6002113 1.074773e+09 6002113
4.236113e-06 1.046334e+09 6001113 1.064729e+09 6001113
2.87694e-06 1.031239e+09 6001113 1.062805e+09 6001113
2.818532e-06 1.045186e+09 6001113 1.041475e+09 6001113
5.147581e-06 1.030518e+09 6001113 1.054829e+09 6001113
2.728122e-06 1.07685e+09 6002113 1.091424e+09 6002113
3.204008e-06 1.032746e+09 6001113 1.065018e+09 6001113
3.191704e-06 1.121468e+09 6003113 1.084864e+09 6003113
3.014869e-06 1.052572e+09 6001113 1.051359e+09 6001113
3.227877e-06 1.059134e+09 6001113 1.051919e+09 6001113
3.227877e-06 1.059134e+09 6001113 1.051919e+09 6001113
3.089385e-06 1.048032e+09 6001113 1.051063e+09 6001113
3.062063e-06 1.036173e+09 6001113 1.050588e+09 6001113
2.9212e-07 1.068299e+09 6001113 1.041731e+09 6001113
3.215034e-06 1.083167e+09 6002113 1.057059e+09 6002113
2.754541e-06 1.089129e+09 6002113 1.077422e+09 6002113
2.87694e-06 1.059044e+09 6001113 1.052918e+09 6001113
2.728122e-06 1.049877e+09 6001113 1.067791e+09 6001113
2.821035e-06 1.075679e+09 6002113 1.059804e+09 6002113
1.885953e-06 1.056981e+09 6001113 1.05037e+09 6001113
2.826506e-06 1.087288e+09 6002113 1.050508e+09 6002113
3.014869e-06 1.038139e+09 6001113 1.059676e+09 6001113
3.273601e-06 1.044277e+09 6001113 1.062046e+09 6001113
1.778498e-06 1.066097e+09 6002113 1.085688e+09 6002113
3.573728e-06 1.060784e+09 6001113 1.044104e+09 6001113
3.089385e-06 1.046267e+09 6001113 1.046215e+09 6001113
3.227877e-06 1.055968e+09 6001113 1.055163e+09 6001113
6.610502e-07 1.071014e+09 6002113 1.075515e+09 6002113
2.808948e-06 1.037128e+09 6001113 1.028443e+09 6001113
3.252398e-06 1.062535e+09 6002113 1.066652e+09 6002113
2.728122e-06 1.051149e+09 6001113 1.064376e+09 6001113
2.728122e-06 1.051149e+09 6001113 1.064376e+09 6001113
1.996142e-06 1.037377e+09 6002113 1.092491e+09 6002113
4.062864e-06 1.0853e+09 6002113 1.07577e+09 6002113
2.548491e-06 1.056681e+09 6001113 1.059328e+09 6001113
1.544435e-06 1.05909e+09 6003113 1.124673e+09 6003113
3.219653e-06 1.060429e+09 6003113 1.117999e+09 6003113
1.16151e-07 1.040553e+09 6002113 1.09419e+09 6002113
1.259351e-08 1.034204e+09 6002113 1.075327e+09 6002113
3.191704e-06 1.059034e+09 6001113 1.055683e+09 6001113
2.821035e-06 1.053094e+09 6001113 1.04884e+09 6001113
3.062063e-06 1.031605e+09 6001113 1.040975e+09 6001113
3.215034e-06 1.042516e+09 6001113 1.062875e+09 6001113
3.041826e-06 1.0583e+09 6001113 1.053251e+09 6001113
2.757646e-06 1.067264e+09 6002113 1.067684e+09 6002113
2.331007e-06 1.066667e+09 6001113 1.067186e+09 6001113
3.128374e-06 1.068382e+09 6001113 1.03792e+09 6001113
1.131286e-06 1.049663e+09 6001113 1.045698e+09 6001113
1.131286e-06 1.049663e+09 6001113 1.045698e+09 6001113
4.942947e-06 1.060427e+09 6002113 9.989111e+08 6002113
3.101635e-06 1.022845e+09 6001113 1.067023e+09 6001113
3.112871e-06 1.076665e+09 6002113 1.073066e+09 6002113
3.536457e-06 1.049996e+09 6001113 1.058983e+09 6001113
2.8211e-06 1.043879e+09 6001113 1.045098e+09 6001113
2.960135e-06 1.058718e+09 6001113 1.044899e+09 6001113
6.610502e-07 1.067195e+09 6002113 1.083724e+09 6002113
3.264232e-06 1.074212e+09 6002113 1.082271e+09 6002113
5.391923e-07 1.088585e+09 6002113 1.076273e+09 6002113
3.690641e-07 1.056988e+09 6002113 1.074434e+09 6002113
2.746369e-06 1.047826e+09 6001113 1.058314e+09 6001113
2.820106e-06 1.048644e+09 6001113 1.05646e+09 6001113
2.746369e-06 1.037992e+09 6001113 1.061107e+09 6001113
4.196377e-06 1.039135e+09 6001113 1.063552e+09 6001113
4.942947e-06 1.065857e+09 6001113 1.016743e+09 6001113
3.06153e-06 1.062804e+09 6002113 1.08963e+09 6002113
3.573728e-06 1.116206e+09 6003113 1.074102e+09 6003113
1.221926e-06 1.053585e+09 6001113 1.025347e+09 6001113
3.159653e-06 1.050275e+09 6001113 1.057613e+09 6001113
3.264232e-06 1.040318e+09 6001113 9.8026e+08 6001113
3.536457e-06 1.047527e+09 6001113 1.058669e+09 6001113
1.885953e-06 1.068706e+09 6002113 1.086812e+09 6002113
3.112871e-06 1.083573e+09 6002113 1.064847e+09 6002113
3.170171e-06 1.04595e+09 6002113 1.069004e+09 6002113
2.741065e-06 1.038815e+09 6001113 1.051687e+09 6001113
3.112871e-06 1.084292e+09 6002113 1.070871e+09 6002113
4.671139e-06 1.06264e+09 6001113 1.041544e+09 6001113
4.062864e-06 1.058472e+09 6001113 1.057295e+09 6001113
2.992927e-06 1.041527e+09 6001113 1.059802e+09 6001113
4.196377e-06 1.077205e+09 6003113 1.084847e+09 6003113
2.876299e-06 1.039852e+09 6001113 1.056839e+09 6001113
1.778498e-06 1.094213e+09 6002113 1.068174e+09 6002113
2.876299e-06 1.0509e+09 6001113 1.074146e+09 6001113
2.754541e-06 1.106348e+09 6003113 1.07439e+09 6003113
4.816049e-06 1.077291e+09 6002113 1.064264e+09 6002113
3.039399e-06 1.109654e+09 6003113 1.06661e+09 6003113
3.294546e-06 1.062653e+09 6001113 1.022146e+09 6001113
3.413385e-06 1.091688e+09 6002113 1.07064e+09 6002113
3.041826e-06 1.037214e+09 6001113 1.032186e+09 6001113
2.820106e-06 1.059548e+09 6001113 1.057912e+09 6001113
2.820106e-06 1.059548e+09 6001113 1.057912e+09 6001113
3.413385e-06 1.046935e+09 6001113 1.045693e+09 6001113
2.960074e-06 1.040325e+09 6002113 1.0744e+09 6002113
3.081224e-06 1.05535e+09 6002113 1.081199e+09 6002113
1.87273e-06 1.050156e+09 6001113 1.056398e+09 6001113
1.960537e-06 1.057184e+09 6001113 1.076356e+09 6001113
2.960074e-06 1.045395e+09 6001113 1.07105e+09 6001113
2.741065e-06 1.038863e+09 6001113 1.060938e+09 6001113
2.741065e-06 1.038863e+09 6001113 1.060938e+09 6001113
3.112871e-06 1.078419e+09 6002113 1.071406e+09 6002113
4.360539e-07 1.108513e+09 6003113 1.068624e+09 6003113
1.103027e-06 1.051675e+09 6001113 1.04952e+09 6001113
3.128374e-06 1.037266e+09 6001113 1.06631e+09 6001113
3.187516e-06 1.052149e+09 6001113 1.055001e+09 6001113
2.820106e-06 1.070686e+09 6002113 1.079313e+09 6002113
2.808948e-06 1.06229e+09 6002113 1.088367e+09 6002113
3.536457e-06 1.089531e+09 6002113 1.055619e+09 6002113
4.135013e-07 1.037732e+09 6001113 1.054746e+09 6001113
3.128374e-06 1.084617e+09 6002113 1.071036e+09 6002113
3.573728e-06 1.052674e+09 6001113 1.057297e+09 6001113
4.062864e-06 1.066422e+09 6002113 1.080185e+09 6002113
3.536457e-06 1.070711e+09 6002113 1.04646e+09 6002113
3.112871e-06 1.077004e+09 6002113 1.082671e+09 6002113
2.431241e-06 1.059683e+09 6001113 1.054547e+09 6001113
2.797537e-06 1.020134e+09 6001113 1.049143e+09 6001113
5.147581e-06 1.053566e+09 6001113 1.063097e+09 6001113
2.728122e-06 1.067478e+09 6002113 1.049995e+09 6002113
3.151927e-06 1.051598e+09 6001113 1.049642e+09 6001113
3.151927e-06 1.051598e+09 6001113 1.049642e+09 6001113
3.413385e-06 1.061306e+09 6001113 1.04237e+09 6001113
3.170171e-06 1.03394e+09 6001113 1.061293e+09 6001113
3.076199e-06 1.057478e+09 6001113 1.027604e+09 6001113
2.331007e-06 1.045473e+09 6002113 1.046073e+09 6002113
3.041826e-06 1.087291e+09 6003113 1.078004e+09 6003113
2.820026e-06 1.066312e+09 6001113 1.062387e+09 6001113
3.204008e-06 1.02136e+09 6001113 1.052215e+09 6001113
8.047091e-08 1.073178e+09 6002113 1.066923e+09 6002113
2.754541e-06 1.049667e+09 6001113 1.040497e+09 6001113
2.820106e-06 1.075572e+09 6002113 1.044706e+09 6002113
3.180038e-06 1.059943e+09 6001113 1.058136e+09 6001113
3.204008e-06 1.052692e+09 6001113 1.051444e+09 6001113
3.06153e-06 1.068417e+09 6001113 1.035949e+09 6001113
2.992927e-06 1.057752e+09 6001113 1.058118e+09 6001113
2.960074e-06 1.067412e+09 6001113 1.028377e+09 6001113
3.206111e-06 1.041061e+09 6002113 1.07665e+09 6002113
2.988039e-06 1.041702e+09 6001113 1.032203e+09 6001113
2.988039e-06 1.041702e+09 6001113 1.032203e+09 6001113
8.278145e-07 1.034626e+09 6001113 1.048594e+09 6001113
3.089385e-06 1.053329e+09 6002113 1.080973e+09 6002113
3.112871e-06 1.040736e+09 6002113 1.069844e+09 6002113
3.204008e-06 1.06814e+09 6001113 1.053187e+09 6001113
2.78412e-06 1.0339e+09 6001113 1.0554e+09 6001113
3.014869e-06 1.071021e+09 6002113 1.083185e+09 6002113
2.548491e-06 1.049838e+09 6002113 1.07512e+09 6002113
4.816049e-06 1.065472e+09 6002113 1.083262e+09 6002113
2.818532e-06 1.057991e+09 6001113 1.052998e+09 6001113
3.294546e-06 1.039378e+09 6001113 1.073415e+09 6001113
8.278145e-07 1.063129e+09 6001113 1.060059e+09 6001113
3.062063e-06 1.02695e+09 6001113 1.057086e+09 6001113
2.728122e-06 1.121693e+09 6003113 1.087596e+09 6003113
2.8211e-06 1.062383e+09 6001113 1.043503e+09 6001113
3.089385e-06 1.059535e+09 6001113 1.034482e+09 6001113
3.089385e-06 1.059535e+09 6001113 1.034482e+09 6001113
3.089385e-06 1.029053e+09 6001113 1.035977e+09 6001113
2.8211e-06 1.068328e+09 6001113 1.057454e+09 6001113
2.825402e-06 9.887439e+08 6001113 1.050761e+09 6001113
2.818532e-06 1.044749e+09 6001113 1.05502e+09 6001113
3.196965e-06 1.059001e+09 6002113 1.061712e+09 6002113
3.098066e-07 1.071951e+09 6002113 1.013894e+09 6002113
4.062864e-06 1.051712e+09 6001113 1.056143e+09 6001113
3.907289e-06 1.061194e+09 6001113 1.065108e+09 6001113
2.818207e-06 1.04897e+09 6002113 1.078858e+09 6002113
2.750809e-06 1.063085e+09 6001113 1.028789e+09 6001113
3.128374e-06 1.055024e+09 6001113 1.033787e+09 6001113
3.170171e-06 1.063856e+09 6002113 1.05565e+09 6002113
3.273601e-06 1.086576e+09 6002113 1.069942e+09 6002113
3.112871e-06 1.078459e+09 6002113 1.07973e+09 6002113
3.229951e-06 1.036098e+09 6001113 1.042747e+09 6001113
2.548491e-06 1.07236e+09 6003113 1.114406e+09 6003113
3.273601e-06 1.048502e+09 6001113 1.046895e+09 6001113
3.170171e-06 1.113683e+09 6003113 1.078249e+09 6003113
1.131286e-06 1.059339e+09 6002113 1.065898e+09 6002113
4.942947e-06 1.0614e+09 6001113 1.05155e+09 6001113
4.942947e-06 1.076925e+09 6002113 1.096386e+09 6002113
3.187516e-06 1.028056e+09 6001113 1.057086e+09 6001113
1.759445e-06 1.03062e+09 6001113 1.061527e+09 6001113
1.759445e-06 1.03062e+09 6001113 1.061527e+09 6001113
3.041826e-06 1.015731e+09 6001113 1.056764e+09 6001113
3.041826e-06 1.015731e+09 6001113 1.056764e+09 6001113
2.960135e-06 1.065392e+09 6001113 1.03402e+09 6001113
2.966142e-06 1.087927e+09 6002113 1.070187e+09 6002113
2.754541e-06 1.061461e+09 6001113 1.044544e+09 6001113
3.536457e-06 1.049603e+09 6001113 1.04869e+09 6001113
9.331113e-07 1.077636e+09 6002113 1.053642e+09 6002113
1.221926e-06 1.072483e+09 6002113 1.063241e+09 6002113
3.272713e-06 1.04661e+09 6001113 1.058234e+09 6001113
3.497181e-06 1.066347e+09 6002113 1.066357e+09 6002113
3.497181e-06 1.066347e+09 6002113 1.066357e+09 6002113
3.062063e-06 1.096687e+09 6002113 1.072243e+09 6002113
8.278145e-07 1.033468e+09 6001113 1.058457e+09 6001113
8.278145e-07 1.033468e+09 6001113 1.058457e+09 6001113
3.191704e-06 1.072598e+09 6002113 1.078418e+09 6002113
2.808948e-06 1.069115e+09 6002113 1.086439e+09 6002113
1.778498e-06 1.055825e+09 6002113 1.045534e+09 6002113
3.294546e-06 1.046029e+09 6001113 1.036292e+09 6001113
2.746369e-06 1.034435e+09 6001113 1.03197e+09 6001113
2.728122e-06 1.037425e+09 6001113 1.057496e+09 6001113
1.417738e-06 1.061329e+09 6001113 1.059576e+09 6001113
3.159653e-06 1.029003e+09 6001113 1.063964e+09 6001113
3.413385e-06 1.085825e+09 6002113 1.059025e+09 6002113
1.221926e-06 1.095923e+09 6002113 1.075443e+09 6002113
3.258892e-06 1.054338e+09 6002113 1.039663e+09 6002113
2.741744e-07 1.04207e+09 6002113 1.085465e+09 6002113
2.988039e-06 1.052516e+09 6001113 1.051756e+09 6001113
4.942947e-06 1.103741e+09 6003113 1.075567e+09 6003113
3.180038e-06 1.086183e+09 6002113 1.046216e+09 6002113
1.103027e-06 1.053545e+09 6001113 1.055984e+09 6001113
3.081224e-06 1.043681e+09 6001113 1.051992e+09 6001113
3.081224e-06 1.027944e+09 6001113 1.044337e+09 6001113
4.622926e-07 1.087094e+09 6002113 1.077044e+09 6002113
3.456132e-06 1.050666e+09 6001113 1.053212e+09 6001113
2.750809e-06 1.105472e+09 6003113 1.062006e+09 6003113
3.573728e-06 1.079917e+09 6002113 1.082738e+09 6002113
3.573728e-06 1.079917e+09 6002113 1.082738e+09 6002113
2.974465e-06 1.033666e+09 6001113 1.037376e+09 6001113
3.258892e-06 1.087556e+09 6002113 1.077425e+09 6002113
2.754541e-06 1.079716e+09 6002113 1.065741e+09 6002113
2.754541e-06 1.054474e+09 6001113 1.009594e+09 6001113
2.750809e-06 1.054394e+09 6001113 1.066026e+09 6001113
3.258892e-06 1.074705e+09 6001113 1.062876e+09 6001113
2.223571e-06 1.043691e+09 6003113 1.119263e+09 6003113
2.992927e-06 1.056052e+09 6001113 1.068155e+09 6001113
8.278145e-07 1.060156e+09 6001113 1.056159e+09 6001113
8.278145e-07 1.060156e+09 6001113 1.056159e+09 6001113
1.996142e-06 1.085692e+09 6002113 1.075401e+09 6002113
2.960074e-06 1.059339e+09 6002113 1.088832e+09 6002113
2.108784e-06 1.083861e+09 6002113 1.07556e+09 6002113
2.970941e-06 1.023418e+09 6001113 1.071356e+09 6001113
3.151927e-06 1.05457e+09 6001113 1.051154e+09 6001113
1.103027e-06 1.04835e+09 6001113 1.043054e+09 6001113
2.750809e-06 1.059908e+09 6001113 1.020006e+09 6001113
2.78412e-06 1.054924e+09 6001113 1.066047e+09 6001113
4.135013e-07 1.097126e+09 6003113 1.086703e+09 6003113
3.151927e-06 1.026015e+09 6001113 1.029041e+09 6001113
2.988039e-06 1.050482e+09 6001113 1.070293e+09 6001113
2.790557e-06 1.056983e+09 6001113 1.033311e+09 6001113
3.272713e-06 1.083675e+09 6002113 1.082938e+09 6002113
2.9212e-07 1.040781e+09 6001113 1.060617e+09 6001113
2.530773e-06 1.0464e+09 6001113 1.051375e+09 6001113
3.041826e-06 1.069825e+09 6002113 1.067713e+09 6002113
3.456132e-06 1.085978e+09 6002113 1.038727e+09 6002113
2.746369e-06 1.050548e+09 6001113 1.041928e+09 6001113
2.108784e-06 1.084735e+09 6002113 1.056154e+09 6002113
2.952774e-06 1.044052e+09 6001113 1.033386e+09 6001113
2.818532e-06 1.063996e+09 6001113 1.032974e+09 6001113
3.206111e-06 1.049138e+09 6001113 1.04241e+09 6001113
2.797537e-06 1.01788e+09 6001113 1.033584e+09 6001113
2.431241e-06 1.05368e+09 6001113 1.015646e+09 6001113
3.191704e-06 1.066587e+09 6001113 1.048786e+09 6001113
2.262549e-06 1.042897e+09 6001113 1.035241e+09 6001113
2.331007e-06 1.06614e+09 6002113 1.090063e+09 6002113
3.112871e-06 1.031606e+09 6001113 1.049011e+09 6001113
3.273601e-06 1.057561e+09 6001113 1.06502e+09 6001113
3.123025e-06 1.076985e+09 6002113 1.084673e+09 6002113
3.573728e-06 1.049225e+09 6001113 1.048964e+09 6001113
3.215034e-06 1.043682e+09 6001113 1.035391e+09 6001113
2.974465e-06 1.044487e+09 6001113 1.0466e+09 6001113
3.215034e-06 1.051987e+09 6001113 1.031808e+09 6001113
2.952774e-06 1.049398e+09 6002113 1.066388e+09 6002113
4.132597e-06 1.086929e+09 6002113 1.063762e+09 6002113
1.778498e-06 1.028053e+09 6001113 1.059462e+09 6001113
2.821035e-06 1.077414e+09 6002113 1.062951e+09 6002113
3.151927e-06 9.800237e+08 6001113 1.056578e+09 6001113
3.497181e-06 1.050514e+09 6001113 1.0487e+09 6001113
2.820026e-06 1.082503e+09 6002113 1.04868e+09 6002113
2.820106e-06 1.016872e+09 6001113 1.055905e+09 6001113
2.820106e-06 1.016872e+09 6001113 1.055905e+09 6001113
3.497181e-06 1.074775e+09 6002113 1.054452e+09 6002113
1.015488e-06 1.082639e+09 6002113 1.0182e+09 6002113
2.116373e-06 1.052746e+09 6002113 1.069305e+09 6002113
6.392355e-08 1.056036e+09 6001113 1.064075e+09 6001113
2.92115e-06 1.059024e+09 6001113 1.054387e+09 6001113
3.081224e-06 1.049032e+09 6001113 1.058948e+09 6001113
2.988039e-06 1.05128e+09 6001113 1.033785e+09 6001113
1.885953e-06 1.053164e+09 6001113 1.056191e+09 6001113
2.820026e-06 1.075445e+09 6003113 1.116494e+09 6003113
3.573728e-06 1.050104e+09 6001113 1.061565e+09 6001113
2.431241e-06 1.070502e+09 6001113 1.060975e+09 6001113
2.750809e-06 1.008012e+09 6002113 1.090454e+09 6002113
3.252398e-06 1.028703e+09 6001113 1.064986e+09 6001113
2.78412e-06 1.060093e+09 6001113 1.058051e+09 6001113
2.741065e-06 1.037269e+09 6001113 1.054649e+09 6001113
2.876299e-06 1.042807e+09 6002113 1.045024e+09 6002113
6.865853e-07 9.565877e+08 6001113 1.049382e+09 6001113
3.219653e-06 1.082341e+09 6002113 1.089342e+09 6002113
6.955502e-08 1.062804e+09 6001113 1.037262e+09 6001113
3.180038e-06 1.072316e+09 6002113 1.080048e+09 6002113
2.820026e-06 1.049583e+09 6001113 1.029052e+09 6001113
3.536457e-06 1.082097e+09 6002113 1.092179e+09 6002113
2.223571e-06 1.065608e+09 6002113 1.07532e+09 6002113
2.818207e-06 1.05628e+09 6001113 1.053734e+09 6001113
2.818532e-06 1.074455e+09 6002113 1.014082e+09 6002113
2.818532e-06 1.074455e+09 6002113 1.014082e+09 6002113
3.413385e-06 1.066268e+09 6003113 1.074271e+09 6003113
3.062063e-06 1.099686e+09 6003113 1.084022e+09 6003113
2.821035e-06 1.062952e+09 6001113 1.032525e+09 6001113
2.757646e-06 1.126416e+09 6003113 1.075559e+09 6003113
1.759445e-06 1.037715e+09 6001113 1.021161e+09 6001113
2.826506e-06 1.079262e+09 6002113 1.073902e+09 6002113
2.629824e-06 1.048918e+09 6001113 1.060454e+09 6001113
2.818532e-06 1.056059e+09 6001113 1.062714e+09 6001113
1.996142e-06 1.050337e+09 6001113 1.057078e+09 6001113
1.996142e-06 1.050337e+09 6001113 1.057078e+09 6001113
1.221926e-06 1.040362e+09 6001113 1.016265e+09 6001113
3.231766e-06 1.098986e+09 6003113 1.079645e+09 6003113
2.797537e-06 1.056222e+09 6002113 1.092914e+09 6002113
2.262549e-06 1.062514e+09 6002113 1.076373e+09 6002113
4.854096e-07 1.061474e+09 6001113 1.041816e+09 6001113
5.976547e-07 1.060583e+09 6001113 1.054002e+09 6001113
2.703151e-06 1.05214e+09 6001113 1.058038e+09 6001113
1.649957e-06 1.058269e+09 6001113 1.04247e+09 6001113
3.219653e-06 1.043349e+09 6002113 1.074144e+09 6002113
3.123025e-06 1.084117e+09 6002113 1.108742e+09 6002113
2.826506e-06 1.044449e+09 6001113 1.034711e+09 6001113
3.075219e-06 1.083946e+09 6002113 1.052283e+09 6002113
1.759445e-06 1.059295e+09 6001113 1.035791e+09 6001113
1.759445e-06 1.059295e+09 6001113 1.035791e+09 6001113
2.757646e-06 1.041993e+09 6001113 1.023573e+09 6001113
2.560324e-06 1.063678e+09 6002113 1.099489e+09 6002113
2.754541e-06 1.049407e+09 6002113 1.068305e+09 6002113
2.223173e-06 1.044734e+09 6001113 1.017175e+09 6001113
5.391923e-07 1.065624e+09 6001113 1.051795e+09 6001113
3.204008e-06 1.05255e+09 6001113 1.050703e+09 6001113
3.081224e-06 1.059909e+09 6002113 1.063319e+09 6002113
3.286964e-07 1.057937e+09 6002113 1.068193e+09 6002113
4.062864e-06 1.051863e+09 6001113 1.032706e+09 6001113
2.754541e-06 1.058148e+09 6001113 1.053341e+09 6001113
4.196377e-06 1.063152e+09 6001113 1.021918e+09 6001113
3.014869e-06 1.060408e+09 6001113 1.062046e+09 6001113
3.907289e-06 1.053802e+09 6002113 1.075517e+09 6002113
2.988039e-06 1.068805e+09 6002113 1.084307e+09 6002113
3.286964e-07 1.026309e+09 6001113 1.070648e+09 6001113
4.365265e-06 1.078842e+09 6002113 1.086609e+09 6002113
3.101635e-06 1.038508e+09 6001113 1.061209e+09 6001113
3.112871e-06 1.037251e+09 6001113 1.058529e+09 6001113
3.231766e-06 1.070734e+09 6002113 1.079696e+09 6002113
3.039399e-06 1.037931e+09 6001113 1.028507e+09 6001113
3.081224e-06 1.035582e+09 6001113 1.049301e+09 6001113
9.062175e-07 1.065743e+09 6002113 1.06194e+09 6002113
3.039399e-06 1.052041e+09 6001113 1.018356e+09 6001113
2.703151e-06 1.055054e+09 6001113 1.040097e+09 6001113
4.365265e-06 1.075638e+09 6001113 1.058746e+09 6001113
2.754541e-06 1.076651e+09 6002113 1.084778e+09 6002113
1.885953e-06 1.075405e+09 6002113 1.09939e+09 6002113
3.227877e-06 1.06636e+09 6001113 1.001487e+09 6001113
3.076199e-06 1.075754e+09 6002113 1.074191e+09 6002113
3.206111e-06 1.057309e+09 6001113 1.013626e+09 6001113
2.530773e-06 1.066734e+09 6001113 1.07066e+09 6001113
3.06153e-06 1.015946e+09 6001113 1.05432e+09 6001113
3.081224e-06 1.040304e+09 6001113 1.045135e+09 6001113
2.431241e-06 1.045238e+09 6001113 1.068368e+09 6001113
1.317401e-06 1.060844e+09 6002113 1.079433e+09 6002113
1.522933e-06 1.113611e+09 6003113 1.086578e+09 6003113
1.778498e-06 1.029972e+09 6001113 1.058488e+09 6001113
3.123025e-06 1.009944e+09 6002113 1.062517e+09 6002113
2.974465e-06 1.016556e+09 6001113 1.043806e+09 6001113
2.754541e-06 1.027348e+09 6001113 1.060324e+09 6001113
1.221926e-06 1.05555e+09 6001113 1.032252e+09 6001113
2.820026e-06 1.037498e+09 6001113 1.055579e+09 6001113
2.728122e-06 1.065896e+09 6002113 1.055211e+09 6002113
2.988039e-06 1.055505e+09 6001113 1.029519e+09 6001113
3.536457e-06 1.063674e+09 6001113 1.058029e+09 6001113
3.206111e-06 1.088671e+09 6002113 1.061814e+09 6002113
9.331113e-07 1.049605e+09 6001113 1.064299e+09 6001113
3.196965e-06 1.04097e+09 6001113 1.037804e+09 6001113
2.820026e-06 1.034281e+09 6001113 1.056106e+09 6001113
1.527111e-07 1.107574e+09 6003113 1.082586e+09 6003113
2.439552e-06 1.053376e+09 6001113 1.057027e+09 6001113
3.196965e-06 1.089832e+09 6002113 1.074558e+09 6002113
1.443013e-06 1.055167e+09 6002113 1.085465e+09 6002113
2.966142e-06 1.085105e+09 6002113 1.092379e+09 6002113
2.966142e-06 1.049991e+09 6001113 1.033348e+09 6001113
2.754541e-06 1.060276e+09 6001113 1.065669e+09 6001113
3.129155e-06 1.091422e+09 6002113 1.079362e+09 6002113
2.754541e-06 1.053764e+09 6001113 1.062309e+09 6001113
2.821035e-06 1.033405e+09 6001113 1.062713e+09 6001113
2.797537e-06 1.092461e+09 6002113 1.060632e+09 6002113
1.982872e-06 1.070982e+09 6001113 1.045069e+09 6001113
2.78412e-06 1.052999e+09 6002113 1.085524e+09 6002113
2.8211e-06 1.059358e+09 6001113 1.064496e+09 6001113
1.960537e-06 1.057233e+09 6001113 1.043691e+09 6001113
3.123025e-06 1.076639e+09 6003113 1.085575e+09 6003113
3.197957e-08 1.052042e+09 6001113 1.062163e+09 6001113
3.273601e-06 1.043827e+09 6001113 1.042518e+09 6001113
2.970941e-06 1.025883e+09 6001113 1.052469e+09 6001113
2.108784e-06 1.091031e+09 6002113 1.063166e+09 6002113
3.075219e-06 1.059996e+09 6002113 1.084832e+09 6002113
3.075219e-06 1.059996e+09 6002113 1.084832e+09 6002113
3.191704e-06 1.091257e+09 6002113 1.069242e+09 6002113
1.420979e-06 1.07144e+09 6001113 1.064566e+09 6001113
3.413385e-06 1.079817e+09 6002113 1.070577e+09 6002113
2.754541e-06 1.067639e+09 6001113 1.051872e+09 6001113
1.443013e-06 1.069736e+09 6002113 1.052259e+09 6002113
2.741065e-06 1.049604e+09 6001113 1.032832e+09 6001113
2.530773e-06 1.060305e+09 6002113 1.05257e+09 6002113
2.754541e-06 1.097322e+09 6002113 1.082274e+09 6002113
2.754541e-06 1.050398e+09 6001113 1.046777e+09 6001113
5.147581e-06 1.049455e+09 6001113 1.049078e+09 6001113
2.826506e-06 1.098455e+09 6002113 1.060473e+09 6002113
2.548491e-06 1.077521e+09 6002113 1.077809e+09 6002113
1.674571e-06 1.05332e+09 6001113 1.037718e+09 6001113
2.530773e-06 1.048052e+09 6001113 1.015257e+09 6001113
2.818532e-06 1.034664e+09 6002113 1.072822e+09 6002113
1.19963e-06 1.048984e+09 6002113 1.081649e+09 6002113
2.741065e-06 1.090417e+09 6002113 1.060118e+09 6002113
2.757646e-06 1.05706e+09 6001113 1.017858e+09 6001113
5.147581e-06 9.9251e+08 6001113 1.043293e+09 6001113
3.273601e-06 1.055806e+09 6001113 1.049521e+09 6001113
2.703151e-06 1.050181e+09 6002113 1.053924e+09 6002113
2.825402e-06 1.062107e+09 6002113 1.078859e+09 6002113
2.820026e-06 1.05344e+09 6001113 1.060943e+09 6001113
4.506258e-06 1.054094e+09 6001113 1.053887e+09 6001113
4.506258e-06 1.054094e+09 6001113 1.053887e+09 6001113
3.180038e-06 1.049947e+09 6001113 1.049005e+09 6001113
2.703151e-06 1.083705e+09 6002113 1.054815e+09 6002113
6.865853e-07 1.042618e+09 6001113 1.041934e+09 6001113
1.167013e-09 1.037636e+09 6001113 1.058704e+09 6001113
7.546706e-07 1.053162e+09 6002113 1.062298e+09 6002113
6.865853e-07 1.074555e+09 6002113 1.092498e+09 6002113
1.451684e-09 1.057009e+09 6001113 1.040783e+09 6001113
1.746255e-07 1.062405e+09 6002113 1.098788e+09 6002113
2.548491e-06 1.075151e+09 6002113 1.091329e+09 6002113
3.180719e-06 1.059497e+09 6001113 1.063721e+09 6001113
3.497181e-06 1.025566e+09 6001113 1.0384e+09 6001113
2.974465e-06 1.081059e+09 6002113 1.067404e+09 6002113
4.360539e-07 1.040734e+09 6002113 1.064487e+09 6002113
4.062864e-06 1.05914e+09 6001113 1.025555e+09 6001113
2.421383e-07 1.059887e+09 6001113 1.032895e+09 6001113
2.741065e-06 1.053766e+09 6001113 1.057854e+09 6001113
2.825402e-06 1.074344e+09 6001113 1.037102e+09 6001113
2.223173e-06 1.048783e+09 6001113 1.047032e+09 6001113
2.108784e-06 1.097835e+09 6002113 1.039209e+09 6002113
2.78412e-06 1.080015e+09 6002113 1.057328e+09 6002113
1.996142e-06 1.049361e+09 6002113 1.05929e+09 6002113
2.530773e-06 1.055243e+09 6001113 1.052091e+09 6001113
3.123025e-06 1.024986e+09 6001113 1.053593e+09 6001113
1.778498e-06 1.040735e+09 6001113 1.052374e+09 6001113
1.778498e-06 1.040735e+09 6001113 1.052374e+09 6001113
4.942947e-06 1.093502e+09 6002113 1.065444e+09 6002113
4.196377e-06 1.06519e+09 6001113 1.043491e+09 6001113
2.331007e-06 1.061731e+09 6003113 1.118122e+09 6003113
2.750809e-06 1.050183e+09 6001113 1.048409e+09 6001113
2.92115e-06 1.043169e+09 6001113 1.032824e+09 6001113
2.821035e-06 1.058023e+09 6002113 1.078943e+09 6002113
2.797537e-06 1.059471e+09 6002113 1.078649e+09 6002113
3.128374e-06 1.056567e+09 6001113 1.038854e+09 6001113
3.231766e-06 1.09097e+09 6002113 1.077094e+09 6002113
4.557273e-06 1.061057e+09 6003113 1.103e+09 6003113
2.331007e-06 1.05333e+09 6001113 1.062679e+09 6001113
2.992927e-06 1.064644e+09 6002113 1.06166e+09 6002113
3.076199e-06 1.030326e+09 6001113 1.047985e+09 6001113
1.103027e-06 9.901872e+08 6001113 1.027776e+09 6001113
8.278145e-07 1.058683e+09 6002113 1.075109e+09 6002113
2.746369e-06 1.06172e+09 6002113 1.096881e+09 6002113
2.331007e-06 1.064096e+09 6001113 1.035528e+09 6001113
3.272713e-06 1.048639e+09 6001113 1.052888e+09 6001113
2.992927e-06 1.035843e+09 6001113 1.060142e+09 6001113
3.129155e-06 1.082513e+09 6002113 1.065764e+09 6002113
2.200548e-09 1.075424e+09 6002113 1.091833e+09 6002113
3.272713e-06 1.086241e+09 6002113 1.063095e+09 6002113
3.573728e-06 1.047531e+09 6001113 1.02846e+09 6001113
