3.26893e-06 1.099349e+09 6003113 1.092882e+09 6003113
3.024523e-06 1.121199e+09 6003113 1.09313e+09 6003113
2.920016e-06 1.101809e+09 6003113 1.092498e+09 6003113
3.00132e-06 1.082948e+09 6003113 1.098887e+09 6003113
1.79734e-06 1.101049e+09 6003113 1.095019e+09 6003113
9.734898e-10 1.092525e+09 6002113 1.073876e+09 6002113
2.991417e-06 1.098748e+09 6003113 1.103927e+09 6003113
3.124712e-06 1.091293e+09 6002113 1.09169e+09 6002113
1.79734e-06 1.11152e+09 6003113 1.098275e+09 6003113
3.751104e-06 1.094873e+09 6003113 1.093463e+09 6003113
3.330365e-06 1.089743e+09 6002113 1.077144e+09 6002113
3.280271e-06 1.128961e+09 6003113 1.091786e+09 6003113
3.009484e-06 1.108865e+09 6003113 1.103036e+09 6003113
4.542481e-06 1.093063e+09 6003113 1.096216e+09 6003113
3.230679e-06 1.090761e+09 6002113 1.08616e+09 6002113
3.160574e-06 1.099626e+09 6003113 1.116928e+09 6003113
2.742458e-06 1.089081e+09 6002113 1.070992e+09 6002113
3.223271e-06 1.090762e+09 6002113 1.037709e+09 6002113
