1.318843e-06 1.088627e+09 6002113 1.113878e+09 6002113
1.106447e-06 1.120854e+09 6002113 1.104649e+09 6002113
9.735885e-08 1.104851e+09 6002113 1.099556e+09 6002113
1.219003e-06 1.080215e+09 6002113 1.112508e+09 6002113
1.316247e-06 1.122932e+09 6002113 1.089469e+09 6002113
1.363147e-06 1.125236e+09 6002113 1.100421e+09 6002113
1.297623e-06 1.114515e+09 6002113 1.100445e+09 6002113
1.356433e-06 1.100931e+09 6002113 1.113175e+09 6002113
1.003746e-06 1.123825e+09 6002113 1.097284e+09 6002113
1.32266e-06 1.119962e+09 6003113 1.129553e+09 6003113
1.155842e-06 1.11584e+09 6002113 1.123683e+09 6002113
1.105805e-06 1.100305e+09 6002113 1.124108e+09 6002113
5.74286e-07 1.124724e+09 6002113 1.101584e+09 6002113
1.620647e-06 1.120872e+09 6002113 1.107214e+09 6002113
1.401562e-06 1.097274e+09 6002113 1.071311e+09 6002113
1.635929e-06 1.11811e+09 6002113 1.118112e+09 6002113
1.213474e-06 1.12779e+09 6003113 1.130299e+09 6003113
1.115925e-06 1.109437e+09 6002113 1.113976e+09 6002113
1.27054e-06 1.121074e+09 6002113 1.106102e+09 6002113
7.623555e-07 1.105192e+09 6002113 1.108837e+09 6002113
7.247176e-07 1.110306e+09 6002113 1.119356e+09 6002113
5.853884e-07 1.147172e+09 6003113 1.116521e+09 6003113
1.343334e-06 1.110354e+09 6002113 1.096531e+09 6002113
1.692885e-06 1.130057e+09 6003113 1.120348e+09 6003113
1.326995e-06 1.124209e+09 6002113 1.10205e+09 6002113
1.15442e-06 1.114452e+09 6002113 1.112845e+09 6002113
1.105805e-06 1.109294e+09 6002113 1.120458e+09 6002113
1.210183e-06 1.0846e+09 6002113 1.113755e+09 6002113
1.867885e-06 1.100468e+09 6002113 1.10922e+09 6002113
1.259936e-06 1.087164e+09 6002113 1.108669e+09 6002113
1.115925e-06 1.082892e+09 6002113 1.118534e+09 6002113
1.297623e-06 1.117522e+09 6002113 1.086244e+09 6002113
1.218237e-06 1.105925e+09 6002113 1.113714e+09 6002113
1.106447e-06 1.100668e+09 6002113 1.104243e+09 6002113
1.332667e-06 1.101885e+09 6002113 1.117109e+09 6002113
1.003746e-06 1.104156e+09 6002113 1.110536e+09 6002113
1.265306e-06 1.127293e+09 6003113 1.117031e+09 6003113
1.161692e-06 1.110527e+09 6002113 1.127321e+09 6002113
1.218237e-06 1.115534e+09 6002113 1.116993e+09 6002113
1.270407e-06 1.11162e+09 6003113 1.132188e+09 6003113
8.02068e-08 1.108523e+09 6002113 1.123392e+09 6002113
3.652044e-07 1.110657e+09 6002113 1.106056e+09 6002113
1.161692e-06 1.122185e+09 6002113 1.128271e+09 6002113
1.265306e-06 1.119533e+09 6003113 1.121163e+09 6003113
1.259936e-06 1.10741e+09 6002113 1.120003e+09 6002113
1.318087e-06 1.121339e+09 6003113 1.118913e+09 6003113
1.213474e-06 1.112965e+09 6002113 1.077006e+09 6002113
7.623555e-07 1.114737e+09 6002113 1.087214e+09 6002113
1.106447e-06 1.083843e+09 6002113 1.117842e+09 6002113
1.1199e-06 1.098855e+09 6002113 1.114426e+09 6002113
1.274396e-06 1.134979e+09 6003113 1.11057e+09 6003113
1.210183e-06 1.110744e+09 6002113 1.122969e+09 6002113
1.318843e-06 1.10911e+09 6002113 1.115995e+09 6002113
1.27054e-06 1.109778e+09 6003113 1.12067e+09 6003113
1.219538e-06 1.116898e+09 6003113 1.124643e+09 6003113
8.621686e-07 1.130245e+09 6002113 1.119236e+09 6002113
4.18564e-07 1.111439e+09 6002113 1.083728e+09 6002113
5.853884e-07 1.107063e+09 6002113 1.093156e+09 6002113
1.161692e-06 1.112826e+09 6003113 1.128063e+09 6003113
1.867885e-06 1.093642e+09 6002113 1.112583e+09 6002113
1.228486e-06 1.117193e+09 6003113 1.115902e+09 6003113
1.115925e-06 1.131037e+09 6002113 1.116183e+09 6002113
1.049907e-06 1.126786e+09 6003113 1.105891e+09 6003113
