3.021295e-06 1.051874e+09 6001113 1.050036e+09 6001113
4.263015e-06 1.063397e+09 6002113 1.066936e+09 6002113
2.777415e-06 1.051085e+09 6001114 1.024487e+09 6001113
3.223271e-06 1.022954e+09 6001113 1.053343e+09 6001113
3.430638e-06 1.051814e+09 6001113 1.028514e+09 6001113
2.414554e-07 1.047416e+09 6001113 1.066089e+09 6001113
1.2259e-06 1.074536e+09 6003113 1.110578e+09 6003113
3.162566e-06 1.052271e+09 6001113 1.048814e+09 6001113
9.334816e-07 1.04155e+09 6001113 1.055334e+09 6001113
3.245364e-06 1.061839e+09 6001113 1.057778e+09 6001113
3.36403e-06 1.05592e+09 6001113 1.036896e+09 6001113
2.778599e-06 1.125077e+09 6003114 1.064622e+09 6003113
3.016217e-06 1.072539e+09 6002114 1.077377e+09 6002113
3.173568e-06 1.03284e+09 6001114 1.042209e+09 6001113
3.023195e-06 1.052864e+09 6001114 1.043165e+09 6001113
3.311205e-06 1.108743e+09 6003113 1.044611e+09 6003113
3.281938e-06 1.073071e+09 6002114 1.063692e+09 6002113
3.007045e-06 1.050385e+09 6001113 1.049964e+09 6001113
3.13803e-06 1.076791e+09 6002113 1.081281e+09 6002113
2.375505e-06 1.049512e+09 6001113 1.051247e+09 6001113
2.138226e-06 1.055386e+09 6001113 1.041139e+09 6001113
3.236416e-06 1.059777e+09 6001114 1.052225e+09 6001113
3.36403e-06 1.08867e+09 6002113 1.049009e+09 6002113
1.890684e-06 1.033149e+09 6001113 1.010098e+09 6001113
3.272081e-06 1.04217e+09 6001113 1.032446e+09 6001113
3.214167e-06 1.05452e+09 6001113 1.048829e+09 6001113
2.902161e-06 1.027773e+09 6001113 1.061497e+09 6001113
3.223271e-06 1.061145e+09 6002113 1.077522e+09 6002113
3.36403e-06 1.040599e+09 6001113 1.043039e+09 6001113
4.121393e-07 1.041664e+09 6001113 1.054782e+09 6001113
2.487095e-06 1.059495e+09 6001113 1.065645e+09 6001113
2.911706e-07 1.032793e+09 6001114 1.048241e+09 6001113
1.322554e-06 1.062132e+09 6001113 1.060877e+09 6001113
1.60088e-08 1.053097e+09 6001113 1.060755e+09 6001113
3.335662e-06 1.044079e+09 6001113 1.050538e+09 6001113
3.124712e-06 1.031909e+09 6002113 1.070333e+09 6002113
3.223271e-06 1.03692e+09 6002113 1.077423e+09 6002113
3.475953e-06 1.077137e+09 6002113 1.066932e+09 6002113
3.380682e-06 1.065414e+09 6001113 1.029418e+09 6001113
3.305089e-06 1.079278e+09 6002113 1.038798e+09 6002113
3.023195e-06 1.050441e+09 6001114 1.043206e+09 6001113
2.805327e-06 1.065329e+09 6002113 1.07842e+09 6002113
2.262675e-06 1.091496e+09 6002113 1.077373e+09 6002113
3.131243e-06 1.056171e+09 6001113 1.054772e+09 6001113
3.218178e-06 1.087782e+09 6002113 1.0782e+09 6002113
3.009484e-06 1.049581e+09 6001113 1.068097e+09 6001113
2.881062e-06 1.056898e+09 6001113 1.052821e+09 6001113
3.264366e-06 1.1108e+09 6003113 1.051209e+09 6003113
3.245364e-06 1.048498e+09 6001113 1.043858e+09 6001113
1.332189e-07 1.084971e+09 6002114 1.083095e+09 6002113
3.13803e-06 1.122707e+09 6003114 1.06981e+09 6003113
2.414554e-07 1.037035e+09 6001113 1.05609e+09 6001113
3.270804e-06 1.083801e+09 6002113 1.059317e+09 6002113
1.662724e-06 1.03823e+09 6002113 1.078403e+09 6002113
4.41165e-06 1.056282e+09 6001113 1.025404e+09 6001113
2.805327e-06 1.057096e+09 6001114 1.05677e+09 6001113
3.088302e-07 1.044284e+09 6001113 1.058676e+09 6001113
2.257351e-06 1.068536e+09 6001113 1.019613e+09 6001113
3.335662e-06 1.060689e+09 6001113 1.060037e+09 6001113
1.787412e-06 1.078638e+09 6002113 1.097151e+09 6002113
3.13803e-06 1.057654e+09 6001113 1.058667e+09 6001113
2.920016e-06 1.072038e+09 6002113 1.076055e+09 6002113
2.865752e-06 1.091848e+09 6002113 1.068649e+09 6002113
4.019295e-06 1.053203e+09 6002113 1.063945e+09 6002113
3.245364e-06 1.02857e+09 6001113 1.069371e+09 6001113
2.852323e-06 1.040502e+09 6001113 1.052308e+09 6001113
3.173568e-06 1.087528e+09 6002114 1.077407e+09 6002113
3.475953e-06 1.053083e+09 6001113 1.045567e+09 6001113
7.536476e-07 1.06121e+09 6001113 1.020514e+09 6001113
2.881062e-06 1.044753e+09 6001113 1.07285e+09 6001113
1.332189e-07 1.061467e+09 6003113 1.0657e+09 6003113
3.270804e-06 1.069352e+09 6001113 1.024702e+09 6001113
3.26893e-06 1.061079e+09 6002113 1.053696e+09 6002113
3.236416e-06 1.025924e+09 6001113 1.06179e+09 6001113
2.765883e-06 1.043835e+09 6001113 1.055535e+09 6001113
2.257351e-06 1.034254e+09 6001113 1.035849e+09 6001113
4.353096e-06 1.068877e+09 6001113 1.065896e+09 6001113
3.305279e-06 1.037744e+09 6001114 1.028157e+09 6001113
2.257351e-06 1.051214e+09 6001114 1.073547e+09 6001113
2.489347e-06 1.049293e+09 6002113 1.088422e+09 6002113
3.15068e-06 1.027075e+09 6002114 1.050103e+09 6002113
1.424261e-06 1.057708e+09 6001113 1.066677e+09 6001113
1.872797e-07 1.038583e+09 6002113 1.069278e+09 6002113
3.956936e-06 1.083108e+09 6002113 1.072377e+09 6002113
2.870111e-06 1.050153e+09 6001113 1.059129e+09 6001113
3.331545e-06 1.020211e+09 6001113 1.052367e+09 6001113
3.124712e-06 1.069461e+09 6002113 1.085567e+09 6002113
3.024523e-06 1.034705e+09 6001113 1.034694e+09 6001113
3.264366e-06 1.077329e+09 6002113 1.083397e+09 6002113
2.777415e-06 1.042562e+09 6001113 1.049853e+09 6001113
1.79734e-06 1.079377e+09 6002114 1.055643e+09 6002113
3.825809e-06 1.084989e+09 6002114 1.053212e+09 6002113
1.531043e-06 1.067864e+09 6002113 1.078649e+09 6002113
3.829082e-06 1.067894e+09 6002113 1.076078e+09 6002113
1.77464e-06 1.056358e+09 6001113 1.044444e+09 6001113
3.160574e-06 1.047271e+09 6001113 1.012192e+09 6001113
3.023195e-06 1.088106e+09 6002113 1.060755e+09 6002113
2.74405e-06 1.052581e+09 6001113 1.045804e+09 6001113
2.151219e-06 1.036203e+09 6001113 1.063216e+09 6001113
2.777415e-06 1.040708e+09 6001113 1.054969e+09 6001113
2.257351e-06 1.049096e+09 6001113 1.046739e+09 6001113
2.74405e-06 1.03164e+09 6001114 1.050991e+09 6001113
1.79734e-06 1.057711e+09 6001113 1.057149e+09 6001113
1.873262e-08 1.060185e+09 6002114 1.074983e+09 6002113
2.956933e-06 1.081303e+09 6002113 1.069687e+09 6002113
1.77464e-06 1.063958e+09 6001114 1.03388e+09 6001113
3.146062e-06 1.077553e+09 6003113 1.059197e+09 6003113
1.525394e-07 1.009148e+09 6001114 1.038749e+09 6001113
3.160574e-06 1.045902e+09 6001113 1.049947e+09 6001113
2.696308e-06 1.062606e+09 6001113 1.038908e+09 6001113
3.305089e-06 1.066341e+09 6002113 1.082137e+09 6002113
2.920016e-06 1.064335e+09 6002114 1.027183e+09 6002113
3.080574e-06 1.039447e+09 6001113 1.069554e+09 6001113
3.13803e-06 9.970612e+08 6001113 1.059251e+09 6001113
2.786788e-06 1.055865e+09 6001114 1.046476e+09 6001113
2.991417e-06 1.089487e+09 6002113 1.064374e+09 6002113
2.786099e-06 9.913756e+08 6001114 1.062959e+09 6001113
3.223271e-06 1.058703e+09 6001113 1.055223e+09 6001113
4.657668e-06 1.063949e+09 6002113 1.065808e+09 6002113
3.239734e-06 1.053427e+09 6002113 1.04111e+09 6002113
1.531043e-06 1.048764e+09 6001114 1.051146e+09 6001113
2.487095e-06 1.078307e+09 6003113 1.111129e+09 6003113
3.131243e-06 1.041985e+09 6001113 1.031055e+09 6001113
3.330365e-06 1.096917e+09 6002113 1.073885e+09 6002113
3.280271e-06 1.082147e+09 6002113 1.082497e+09 6002113
2.487095e-06 1.065188e+09 6001113 1.048942e+09 6001113
3.007045e-06 1.061679e+09 6002113 1.04332e+09 6002113
3.272081e-06 1.066061e+09 6001114 1.057557e+09 6001113
3.281938e-06 1.063142e+09 6002113 1.054514e+09 6002113
4.095175e-06 1.045238e+09 6002113 1.060705e+09 6002113
3.218178e-06 1.079046e+09 6002113 1.080018e+09 6002113
3.239734e-06 1.043956e+09 6001113 1.054919e+09 6001113
2.742458e-06 1.053956e+09 6001114 1.035252e+09 6001113
1.890684e-06 1.056225e+09 6001113 1.05777e+09 6001113
2.865752e-06 1.078331e+09 6002114 1.081842e+09 6002113
2.74405e-06 1.070234e+09 6002113 1.065996e+09 6002113
3.291022e-06 1.099623e+09 6002113 1.054927e+09 6002113
3.00132e-06 1.095112e+09 6002114 1.089024e+09 6002113
2.821711e-06 1.056969e+09 6001114 1.057191e+09 6001113
3.016217e-06 1.063066e+09 6001114 1.048699e+09 6001113
2.858486e-06 1.064591e+09 6001113 1.05992e+09 6001113
1.555075e-06 1.050821e+09 6001113 1.064697e+09 6001113
2.863025e-06 1.055889e+09 6002113 1.065292e+09 6002113
2.756482e-06 1.024924e+09 6001113 1.056508e+09 6001113
3.239734e-06 1.03603e+09 6001113 1.055215e+09 6001113
2.786788e-06 1.051075e+09 6001114 1.048114e+09 6001113
2.487095e-06 1.049873e+09 6001114 1.032911e+09 6001113
2.756482e-06 1.066417e+09 6001113 1.052957e+09 6001113
2.767557e-06 1.069292e+09 6002113 1.02466e+09 6002113
3.272081e-06 1.066855e+09 6001114 1.049314e+09 6001113
2.956933e-06 1.044749e+09 6001113 1.058239e+09 6001113
4.019295e-06 1.016504e+09 6001113 1.042035e+09 6001113
2.852323e-06 1.072799e+09 6002113 1.050461e+09 6002113
3.162566e-06 1.091684e+09 6002113 1.08252e+09 6002113
2.786099e-06 1.027603e+09 6001113 1.046685e+09 6001113
3.380682e-06 1.071333e+09 6002113 1.07513e+09 6002113
2.863025e-06 1.114755e+09 6003114 1.085368e+09 6003113
3.223271e-06 1.02981e+09 6001114 1.054142e+09 6001113
3.131243e-06 1.061992e+09 6001114 1.04918e+09 6001113
3.354762e-06 1.109893e+09 6003114 1.05204e+09 6003113
2.956933e-06 1.053707e+09 6001113 1.056018e+09 6001113
3.173568e-06 1.017372e+09 6001113 1.056939e+09 6001113
2.74405e-06 1.05572e+09 6001113 1.061887e+09 6001113
4.768107e-08 1.05713e+09 6001113 1.062929e+09 6001113
1.134256e-06 1.053745e+09 6001113 1.026051e+09 6001113
4.890778e-06 1.078571e+09 6002113 1.069963e+09 6002113
3.023195e-06 1.059964e+09 6001114 1.046027e+09 6001113
3.131243e-06 1.060767e+09 6001114 1.026986e+09 6001113
3.330365e-06 1.053249e+09 6001114 1.053621e+09 6001113
1.989174e-07 1.034089e+09 6001114 1.038819e+09 6001113
4.19845e-06 1.074743e+09 6002113 1.092333e+09 6002113
3.223271e-06 1.070358e+09 6002113 1.076525e+09 6002113
2.881062e-06 1.033251e+09 6001113 1.065244e+09 6001113
3.124712e-06 1.046177e+09 6001113 1.036287e+09 6001113
3.430638e-06 1.058385e+09 6001113 1.04979e+09 6001113
3.239734e-06 1.057051e+09 6001114 1.060359e+09 6001113
3.25557e-06 1.044542e+09 6001113 1.058273e+09 6001113
3.270804e-06 1.066961e+09 6002114 1.079234e+09 6002113
3.291022e-06 1.085293e+09 6002114 1.080432e+09 6002113
3.772923e-08 1.083501e+09 6002113 1.058498e+09 6002113
2.852323e-06 1.08281e+09 6002113 1.073647e+09 6002113
3.206112e-06 1.057156e+09 6001113 1.03368e+09 6001113
2.805327e-06 1.050527e+09 6001113 1.064698e+09 6001113
2.863025e-06 1.052444e+09 6001113 1.035759e+09 6001113
2.786099e-06 1.083889e+09 6002113 1.068822e+09 6002113
2.765883e-06 1.042234e+09 6001113 1.032991e+09 6001113
3.264366e-06 1.029102e+09 6001114 1.059838e+09 6001113
1.292551e-06 1.068294e+09 6001113 1.03983e+09 6001113
3.305089e-06 1.027601e+09 6001113 1.04189e+09 6001113
1.541688e-06 1.039977e+09 6001113 1.051959e+09 6001113
6.220817e-07 1.031938e+09 6001113 1.057589e+09 6001113
3.305089e-06 1.069103e+09 6002114 1.078713e+09 6002113
3.236416e-06 1.065435e+09 6002113 1.051802e+09 6002113
2.799834e-06 1.088646e+09 6002113 1.047749e+09 6002113
3.272081e-06 1.09211e+09 6003113 1.048301e+09 6003113
3.272081e-06 1.027681e+09 6001113 1.023785e+09 6001113
2.956933e-06 1.085476e+09 6003113 1.111039e+09 6003113
2.778599e-06 1.070098e+09 6001113 1.050094e+09 6001113
3.009484e-06 1.03665e+09 6001113 1.060198e+09 6001113
3.173568e-06 1.035538e+09 6001113 1.041632e+09 6001113
2.591941e-06 1.066356e+09 6001113 1.041771e+09 6001113
3.162566e-06 1.085172e+09 6002113 1.074036e+09 6002113
3.230679e-06 1.040368e+09 6001113 1.051977e+09 6001113
3.291022e-06 1.024252e+09 6001113 1.055442e+09 6001113
3.080574e-06 1.05181e+09 6001114 1.052971e+09 6001113
2.74405e-06 1.036889e+09 6001114 1.058143e+09 6001113
3.281938e-06 1.065528e+09 6001114 1.065984e+09 6001113
2.920016e-06 1.00859e+09 6001113 1.04421e+09 6001113
3.15101e-06 1.071944e+09 6002113 1.067558e+09 6002113
3.230679e-06 1.073933e+09 6002114 1.06391e+09 6002113
2.767557e-06 1.056173e+09 6001113 1.059387e+09 6001113
3.046714e-06 1.045169e+09 6001113 1.067464e+09 6001113
2.767557e-06 1.050938e+09 6001113 1.027135e+09 6001113
3.046714e-06 1.035955e+09 6001113 1.042755e+09 6001113
2.956933e-06 1.051488e+09 6001113 1.050353e+09 6001113
6.220817e-07 1.098669e+09 6003114 1.075493e+09 6003113
1.235491e-07 1.057538e+09 6001113 1.039878e+09 6001113
3.080574e-06 1.057376e+09 6001113 1.029406e+09 6001113
2.414554e-07 1.066384e+09 6001113 1.057668e+09 6001113
3.25557e-06 1.058491e+09 6002114 1.07575e+09 6002113
3.160574e-06 9.966878e+08 6001113 1.057055e+09 6001113
1.890684e-06 1.07883e+09 6002114 1.069411e+09 6002113
2.863025e-06 1.036594e+09 6001114 1.04273e+09 6001113
4.632458e-06 1.035716e+09 6001114 1.024442e+09 6001113
2.881062e-06 1.061264e+09 6001113 1.053873e+09 6001113
3.335662e-06 1.107924e+09 6003114 1.08601e+09 6003113
2.865752e-06 1.069216e+09 6002113 1.074746e+09 6002113
3.829082e-06 1.078468e+09 6002113 1.062674e+09 6002113
6.854084e-07 1.04571e+09 6001113 1.059982e+09 6001113
2.956933e-06 1.096362e+09 6002114 1.066646e+09 6002113
2.767557e-06 1.050628e+09 6001113 1.059335e+09 6001113
2.74405e-06 1.045479e+09 6001113 1.038572e+09 6001113
4.890778e-06 1.019405e+09 6001114 1.049433e+09 6001113
3.270804e-06 1.08157e+09 6002114 1.082485e+09 6002113
3.080574e-06 1.036583e+09 6002113 1.076602e+09 6002113
3.173568e-06 1.050403e+09 6001113 1.034476e+09 6001113
3.270804e-06 1.078467e+09 6002113 1.080084e+09 6002113
3.264366e-06 1.050654e+09 6001114 1.05866e+09 6001113
3.223271e-06 1.050633e+09 6001113 1.047796e+09 6001113
2.959579e-06 1.041204e+09 6001113 1.019393e+09 6001113
7.536476e-07 1.075525e+09 6002113 1.065646e+09 6002113
4.890778e-06 1.04356e+09 6001113 1.060475e+09 6001113
3.330365e-06 1.042107e+09 6001113 1.05038e+09 6001113
2.786099e-06 1.063963e+09 6002113 1.082227e+09 6002113
2.777415e-06 1.058857e+09 6001113 1.056835e+09 6001113
3.36403e-06 1.075893e+09 6002113 1.071693e+09 6002113
3.023195e-06 1.085877e+09 6002113 1.087047e+09 6002113
3.230679e-06 1.037527e+09 6002113 1.098367e+09 6002113
3.239734e-06 1.119412e+09 6003113 1.084799e+09 6003113
2.778599e-06 1.116434e+09 6003114 1.08116e+09 6003113
3.829082e-06 1.074673e+09 6002114 1.070649e+09 6002113
1.77464e-06 1.059942e+09 6001113 1.051763e+09 6001113
3.245364e-06 1.091813e+09 6002114 1.082537e+09 6002113
2.786099e-06 1.050059e+09 6001113 1.049036e+09 6001113
8.270164e-07 1.052544e+09 6002113 1.082808e+09 6002113
3.678388e-07 1.067341e+09 6001113 1.02993e+09 6001113
2.805327e-06 1.077078e+09 6002113 1.043871e+09 6002113
2.959579e-06 1.074734e+09 6002113 1.067636e+09 6002113
3.826395e-09 1.070091e+09 6002113 1.077236e+09 6002113
2.191227e-08 1.04063e+09 6001113 1.042459e+09 6001113
2.902161e-06 1.05303e+09 6001113 1.063509e+09 6001113
2.756482e-06 1.033123e+09 6001113 1.057155e+09 6001113
2.902161e-06 1.054476e+09 6002113 1.04506e+09 6002113
3.024523e-06 1.056114e+09 6001113 1.03441e+09 6001113
3.25557e-06 1.078625e+09 6002113 1.054946e+09 6002113
3.13803e-06 1.031963e+09 6001113 1.05902e+09 6001113
1.541688e-06 1.092698e+09 6002113 1.056326e+09 6002113
2.863025e-06 1.046788e+09 6002113 1.082353e+09 6002113
3.046714e-06 1.052882e+09 6001114 1.049397e+09 6001113
2.603827e-06 1.029729e+09 6001113 1.052877e+09 6001113
3.276097e-07 1.083864e+09 6002114 1.062144e+09 6002113
1.662724e-06 1.054185e+09 6001113 1.061817e+09 6001113
1.451796e-06 1.054137e+09 6001114 1.075244e+09 6001113
7.536476e-07 1.071792e+09 6002113 1.074857e+09 6002113
3.25557e-06 1.097289e+09 6002114 1.067637e+09 6002113
1.525394e-07 1.037647e+09 6001113 9.961221e+08 6001113
2.021658e-06 1.048281e+09 6001114 1.044943e+09 6001113
1.907942e-06 1.060985e+09 6001113 1.024788e+09 6001113
1.907942e-06 1.068148e+09 6002114 1.059259e+09 6002113
3.825809e-06 1.083612e+09 6002114 1.062648e+09 6002113
3.007045e-06 1.076687e+09 6002114 1.053363e+09 6002113
2.756482e-06 1.09513e+09 6002113 1.083264e+09 6002113
3.214167e-06 1.064537e+09 6002113 1.082846e+09 6002113
7.536476e-07 1.060549e+09 6002114 1.064846e+09 6002113
4.346921e-07 1.020343e+09 6001113 1.064028e+09 6001113
2.765883e-06 1.03846e+09 6001113 1.064165e+09 6001113
2.959579e-06 1.12497e+09 6003113 1.049055e+09 6003113
2.866552e-06 1.114061e+09 6003114 1.082486e+09 6003113
8.433527e-10 1.059174e+09 6001113 1.062259e+09 6001113
1.79734e-06 1.066331e+09 6001113 1.049923e+09 6001113
2.920016e-06 1.069674e+09 6002113 1.070281e+09 6002113
2.959579e-06 1.049981e+09 6001113 1.034387e+09 6001113
2.767557e-06 1.041607e+09 6001114 1.053403e+09 6001113
2.138226e-06 1.08349e+09 6002114 1.045299e+09 6002113
3.023195e-06 1.045812e+09 6001113 1.047987e+09 6001113
3.311205e-06 1.084862e+09 6002114 1.091309e+09 6002113
1.890684e-06 1.065598e+09 6001113 1.02944e+09 6001113
3.430638e-06 1.067939e+09 6002114 1.048598e+09 6002113
3.124712e-06 1.061736e+09 6001113 1.046766e+09 6001113
8.270164e-07 1.029193e+09 6001113 1.066116e+09 6001113
2.956933e-06 1.034203e+09 6001113 1.024184e+09 6001113
2.786788e-06 1.057927e+09 6001113 1.028123e+09 6001113
3.236416e-06 1.042315e+09 6001113 1.054433e+09 6001113
3.230679e-06 1.074057e+09 6002113 1.086164e+09 6002113
2.765883e-06 1.047712e+09 6001113 1.069851e+09 6001113
2.733495e-07 1.080841e+09 6002113 1.081013e+09 6002113
1.451796e-06 1.066404e+09 6001114 1.034693e+09 6001113
2.765883e-06 1.085262e+09 6002113 1.07774e+09 6002113
3.13803e-06 1.058141e+09 6001113 1.025555e+09 6001113
2.786099e-06 1.047313e+09 6001113 1.048937e+09 6001113
2.771904e-08 1.0521e+09 6001113 1.048748e+09 6001113
1.79734e-06 1.050916e+09 6001113 1.03334e+09 6001113
1.531043e-06 1.069831e+09 6002114 1.086132e+09 6002113
3.825809e-06 1.051405e+09 6001113 1.032956e+09 6001113
3.206112e-06 1.062125e+09 6002113 1.084333e+09 6002113
1.2259e-06 1.04623e+09 6001113 1.029612e+09 6001113
2.786099e-06 1.059401e+09 6001114 1.059295e+09 6001113
2.956933e-06 1.057273e+09 6001113 1.055712e+09 6001113
3.25557e-06 1.048448e+09 6001114 1.070376e+09 6001113
3.131243e-06 1.039231e+09 6002113 1.068558e+09 6002113
2.487095e-06 1.048773e+09 6001113 1.02245e+09 6001113
3.223271e-06 1.098718e+09 6003113 1.074711e+09 6003113
3.311832e-06 1.065524e+09 6001113 1.060389e+09 6001113
3.007045e-06 1.06075e+09 6001114 1.066486e+09 6001113
3.311832e-06 1.015147e+09 6001113 1.061578e+09 6001113
4.121393e-07 1.076721e+09 6002114 1.06906e+09 6002113
3.024523e-06 1.117996e+09 6003113 1.083847e+09 6003113
2.866552e-06 1.054259e+09 6002113 1.099535e+09 6002113
3.009484e-06 1.047143e+09 6001114 1.054075e+09 6001113
2.866552e-06 1.072997e+09 6002114 1.037398e+09 6002113
3.825809e-06 1.054197e+09 6001114 1.060499e+09 6001113
3.13803e-06 1.064083e+09 6002113 1.077892e+09 6002113
8.55683e-07 1.05166e+09 6001113 1.042679e+09 6001113
3.331545e-06 1.050243e+09 6001114 1.042241e+09 6001113
2.865752e-06 1.042824e+09 6002114 1.066208e+09 6002113
2.852323e-06 1.053228e+09 6001114 1.06225e+09 6001113
1.907942e-06 1.066083e+09 6002113 1.082161e+09 6002113
2.742458e-06 1.07334e+09 6001114 1.057869e+09 6001113
2.414554e-07 1.075267e+09 6002114 1.042924e+09 6002113
4.19845e-06 1.019066e+09 6001113 1.048752e+09 6001113
2.786788e-06 1.05726e+09 6001113 1.048274e+09 6001113
3.430638e-06 1.083371e+09 6003113 1.099206e+09 6003113
9.057274e-07 1.040145e+09 6001114 1.06342e+09 6001113
5.376829e-07 1.047026e+09 6001113 1.03645e+09 6001113
2.765883e-06 1.040997e+09 6001113 1.059801e+09 6001113
3.956936e-06 1.040548e+09 6001113 1.036502e+09 6001113
3.354762e-06 1.02487e+09 6001113 1.041721e+09 6001113
1.104631e-06 1.076444e+09 6002113 1.07949e+09 6002113
1.198272e-06 1.057951e+09 6001113 1.045849e+09 6001113
3.021295e-06 1.028853e+09 6001113 1.054064e+09 6001113
2.777415e-06 1.012812e+09 6001113 1.052043e+09 6001113
3.173568e-06 1.052212e+09 6001114 1.017272e+09 6001113
2.360614e-09 1.01603e+09 6001114 1.034823e+09 6001113
3.272081e-06 1.053586e+09 6001113 1.023545e+09 6001113
2.902161e-06 1.050314e+09 6001113 1.055417e+09 6001113
3.264366e-06 1.063891e+09 6001113 1.026011e+09 6001113
5.961117e-07 1.041788e+09 6001113 1.043513e+09 6001113
3.430638e-06 1.044126e+09 6001114 1.064591e+09 6001113
3.291022e-06 1.054778e+09 6002113 1.087588e+09 6002113
2.778599e-06 1.059307e+09 6002113 1.073088e+09 6002113
2.786099e-06 1.05292e+09 6002114 1.066227e+09 6002113
2.865752e-06 1.05275e+09 6001113 1.010643e+09 6001113
2.920016e-06 1.050598e+09 6001114 1.054679e+09 6001113
3.00132e-06 1.077554e+09 6002113 1.071035e+09 6002113
3.311832e-06 1.036253e+09 6001113 1.054064e+09 6001113
3.021295e-06 1.036595e+09 6001113 1.067417e+09 6001113
1.528132e-06 1.081894e+09 6002113 1.085481e+09 6002113
2.852323e-06 1.052641e+09 6001113 1.040089e+09 6001113
3.214167e-06 1.051579e+09 6001113 1.049716e+09 6001113
5.693761e-10 1.057383e+09 6001114 1.054797e+09 6001113
3.893042e-06 1.060736e+09 6001113 1.058971e+09 6001113
3.124712e-06 1.074199e+09 6001113 1.050186e+09 6001113
2.767557e-06 1.059529e+09 6001113 1.033439e+09 6001113
2.262675e-06 1.042125e+09 6002114 1.062441e+09 6002113
3.280271e-06 1.089351e+09 6002113 1.061574e+09 6002113
3.021295e-06 1.058064e+09 6001113 1.003387e+09 6001113
3.311832e-06 1.088305e+09 6002113 1.043406e+09 6002113
2.852323e-06 1.050746e+09 6001114 1.06116e+09 6001113
2.257351e-06 1.028518e+09 6001113 1.050342e+09 6001113
2.021658e-06 1.034783e+09 6001113 1.068632e+09 6001113
3.291022e-06 1.068557e+09 6001113 1.048985e+09 6001113
2.778599e-06 1.063306e+09 6001113 1.065757e+09 6001113
2.767557e-06 1.01695e+09 6001113 1.037596e+09 6001113
2.956933e-06 1.064117e+09 6001114 1.063766e+09 6001113
1.161447e-07 1.045671e+09 6001113 1.052183e+09 6001113
1.555075e-06 1.067185e+09 6002113 1.058242e+09 6002113
3.36403e-06 1.079964e+09 6002114 1.067847e+09 6002113
2.778599e-06 1.057047e+09 6001113 1.044367e+09 6001113
3.270804e-06 1.086031e+09 6002113 1.082704e+09 6002113
2.786099e-06 1.051351e+09 6001113 1.027625e+09 6001113
7.414983e-10 1.070377e+09 6002113 1.085081e+09 6002113
1.016414e-06 1.033805e+09 6001113 1.053411e+09 6001113
3.146062e-06 1.081986e+09 6003113 1.079441e+09 6003113
1.134256e-06 1.079812e+09 6002113 1.075444e+09 6002113
3.021295e-06 1.041383e+09 6001113 1.047393e+09 6001113
3.311205e-06 1.117758e+09 6003113 1.079899e+09 6003113
3.380682e-06 1.084303e+09 6002114 1.091157e+09 6002113
2.858486e-06 1.045801e+09 6001113 1.038536e+09 6001113
5.961117e-07 1.014254e+09 6001114 1.053041e+09 6001113
4.057195e-06 1.082896e+09 6002113 1.075196e+09 6002113
1.743512e-07 1.0408e+09 6001113 1.053963e+09 6001113
2.863025e-06 1.040352e+09 6001113 1.063929e+09 6001113
2.786788e-06 1.061351e+09 6002113 1.085859e+09 6002113
3.331545e-06 1.054744e+09 6001114 1.06394e+09 6001113
2.74405e-06 1.054682e+09 6001113 1.025632e+09 6001113
2.138226e-06 1.036348e+09 6001113 1.016091e+09 6001113
2.786099e-06 1.049544e+09 6001114 1.058409e+09 6001113
2.591941e-06 1.099913e+09 6002113 1.067243e+09 6002113
2.858486e-06 1.068981e+09 6002113 1.061533e+09 6002113
3.173568e-06 1.044668e+09 6001113 1.04905e+09 6001113
3.291022e-06 1.073069e+09 6002113 1.046668e+09 6002113
2.257351e-06 1.0652e+09 6003113 1.108237e+09 6003113
4.346921e-07 1.057287e+09 6001113 1.050248e+09 6001113
1.872797e-07 1.027827e+09 6001114 1.057991e+09 6001113
3.13803e-06 1.07266e+09 6002113 1.086779e+09 6002113
2.375505e-06 1.055177e+09 6001114 1.040338e+09 6001113
2.777415e-06 1.058112e+09 6001113 1.059179e+09 6001113
3.023195e-06 1.119024e+09 6003113 1.085388e+09 6003113
3.162566e-06 1.048959e+09 6001113 1.060171e+09 6001113
3.131243e-06 1.059636e+09 6002113 1.019252e+09 6002113
1.050558e-10 1.061646e+09 6002113 1.079598e+09 6002113
2.765883e-06 1.075784e+09 6002114 1.078397e+09 6002113
2.591941e-06 1.094403e+09 6002113 1.074836e+09 6002113
2.777415e-06 1.05588e+09 6001113 1.050537e+09 6001113
3.162566e-06 1.014254e+09 6001113 1.050477e+09 6001113
3.080574e-06 1.0822e+09 6002113 1.085393e+09 6002113
1.662724e-06 1.026551e+09 6001113 1.058972e+09 6001113
2.858486e-06 1.060433e+09 6001114 1.067583e+09 6001113
2.777415e-06 1.083269e+09 6002113 1.082397e+09 6002113
3.236416e-06 1.055567e+09 6001114 1.041805e+09 6001113
3.00132e-06 1.056553e+09 6002113 1.091955e+09 6002113
3.160574e-06 1.097942e+09 6003114 1.067445e+09 6003113
3.230679e-06 1.107534e+09 6003113 1.080409e+09 6003113
2.956933e-06 1.056985e+09 6001113 1.056415e+09 6001113
2.902161e-06 1.058874e+09 6001113 1.069053e+09 6001113
2.902161e-06 1.065748e+09 6001114 1.050874e+09 6001113
1.038062e-06 1.086902e+09 6003114 1.061492e+09 6003113
4.353096e-06 1.046874e+09 6001114 1.065196e+09 6001113
2.257351e-06 1.088498e+09 6002114 1.082702e+09 6002113
2.603827e-06 1.044732e+09 6001114 1.041933e+09 6001113
2.765883e-06 1.112017e+09 6003113 1.070301e+09 6003113
3.160574e-06 1.058858e+09 6002113 1.085286e+09 6002113
2.902161e-06 1.041224e+09 6001114 1.057507e+09 6001113
3.00132e-06 1.051901e+09 6001114 1.03336e+09 6001113
2.881062e-06 1.038942e+09 6002113 1.071882e+09 6002113
2.843065e-06 1.053029e+09 6002113 1.076833e+09 6002113
3.00132e-06 1.075287e+09 6002113 1.091591e+09 6002113
2.365261e-06 1.053987e+09 6001114 1.052072e+09 6001113
6.981145e-08 1.05067e+09 6001113 1.038687e+09 6001113
1.79734e-06 1.08648e+09 6002113 1.066469e+09 6002113
2.991417e-06 1.044461e+09 6001113 1.057279e+09 6001113
3.007045e-06 1.079308e+09 6003113 1.094396e+09 6003113
4.657668e-06 1.075119e+09 6002113 1.059063e+09 6002113
2.866552e-06 1.059576e+09 6001113 1.053861e+09 6001113
2.603827e-06 1.007773e+09 6001113 1.046991e+09 6001113
3.218178e-06 1.035265e+09 6001114 1.037722e+09 6001113
3.162566e-06 1.04038e+09 6001113 1.057873e+09 6001113
3.331545e-06 1.082451e+09 6002113 1.063199e+09 6002113
3.13803e-06 1.038051e+09 6001113 1.040653e+09 6001113
3.00132e-06 1.093217e+09 6002114 1.04393e+09 6002113
3.124712e-06 1.025942e+09 6001114 1.073344e+09 6001113
2.767557e-06 1.041368e+09 6001114 1.029886e+09 6001113
2.696308e-06 1.062291e+09 6002113 1.072479e+09 6002113
2.257351e-06 1.068989e+09 6002114 1.075553e+09 6002113
3.173568e-06 1.046094e+09 6001113 1.074524e+09 6001113
3.15101e-06 1.063823e+09 6001114 1.045812e+09 6001113
2.821711e-06 1.061801e+09 6001114 1.065488e+09 6001113
2.902161e-06 1.079538e+09 6002113 1.099983e+09 6002113
4.353096e-06 1.034093e+09 6001113 1.047053e+09 6001113
3.046714e-06 1.043111e+09 6001113 1.018495e+09 6001113
1.134256e-06 1.04023e+09 6001114 1.052967e+09 6001113
2.865752e-06 1.060003e+09 6001113 1.031067e+09 6001113
2.858486e-06 1.043815e+09 6001113 1.020798e+09 6001113
1.292551e-06 1.047565e+09 6001113 1.053776e+09 6001113
2.365261e-06 1.082594e+09 6002113 1.07387e+09 6002113
3.223271e-06 1.067613e+09 6001114 1.024929e+09 6001113
2.767557e-06 1.106199e+09 6003114 1.0586e+09 6003113
2.74405e-06 1.03866e+09 6001113 1.0432e+09 6001113
4.890778e-06 9.873348e+08 6001113 1.006634e+09 6001113
3.311832e-06 1.019423e+09 6001113 1.067083e+09 6001113
3.218178e-06 1.076406e+09 6002113 1.070628e+09 6002113
2.591941e-06 1.053084e+09 6001113 1.038265e+09 6001113
3.956936e-06 1.035899e+09 6001113 1.050229e+09 6001113
3.236416e-06 1.074947e+09 6002114 1.060597e+09 6002113
9.334816e-07 1.066193e+09 6001113 1.053393e+09 6001113
3.223271e-06 1.060978e+09 6001114 1.046798e+09 6001113
4.632458e-06 1.072446e+09 6001114 1.05169e+09 6001113
2.151219e-06 1.076273e+09 6002113 1.03569e+09 6002113
4.095175e-06 1.063642e+09 6002113 1.076371e+09 6002113
3.335662e-06 1.058315e+09 6001114 1.043202e+09 6001113
2.767557e-06 1.074314e+09 6002113 1.069761e+09 6002113
3.15101e-06 1.075131e+09 6002114 1.058871e+09 6002113
2.777415e-06 1.095697e+09 6002113 1.042396e+09 6002113
2.858486e-06 1.029209e+09 6001113 1.039669e+09 6001113
3.311832e-06 1.109232e+09 6003114 1.076364e+09 6003113
2.74405e-06 1.056512e+09 6001113 1.062074e+09 6001113
2.257351e-06 1.057999e+09 6002113 1.072145e+09 6002113
2.375505e-06 1.091075e+09 6003113 1.086812e+09 6003113
2.778599e-06 1.073784e+09 6002113 1.076127e+09 6002113
2.696308e-06 1.087892e+09 6002114 1.084211e+09 6002113
3.311832e-06 1.04899e+09 6001113 1.070299e+09 6001113
2.956933e-06 1.069283e+09 6001113 1.058575e+09 6001113
3.272081e-06 1.045364e+09 6001114 1.036606e+09 6001113
2.863025e-06 1.047518e+09 6001113 1.049988e+09 6001113
3.023195e-06 1.063673e+09 6001113 1.054257e+09 6001113
2.805327e-06 1.06161e+09 6001113 1.046056e+09 6001113
2.881062e-06 1.039645e+09 6001113 1.057078e+09 6001113
3.956936e-06 1.073995e+09 6002114 1.066268e+09 6002113
3.272081e-06 1.079575e+09 6002114 1.029095e+09 6002113
4.057195e-06 1.07637e+09 6002114 1.054917e+09 6002113
2.865752e-06 1.067078e+09 6002113 1.088377e+09 6002113
3.825809e-06 1.064683e+09 6002113 1.071375e+09 6002113
3.13803e-06 1.07389e+09 6002113 1.065799e+09 6002113
3.678388e-07 1.051951e+09 6001113 1.05421e+09 6001113
1.541688e-06 1.055233e+09 6001114 1.05022e+09 6001113
4.263015e-06 1.068335e+09 6002114 1.050122e+09 6002113
3.239734e-06 1.123308e+09 6003114 1.088464e+09 6003113
2.786099e-06 1.053241e+09 6001113 1.051517e+09 6001113
3.023195e-06 1.115794e+09 6003114 1.0848e+09 6003113
1.531043e-06 1.074572e+09 6002113 1.083381e+09 6002113
2.742458e-06 1.045313e+09 6001113 1.042155e+09 6001113
3.223271e-06 1.039558e+09 6001113 1.057555e+09 6001113
4.632458e-06 1.041167e+09 6001113 1.049345e+09 6001113
1.322554e-06 1.072839e+09 6003114 1.077759e+09 6003113
2.870111e-06 1.068672e+09 6002113 1.073043e+09 6002113
4.632458e-06 1.051634e+09 6001114 1.039724e+09 6001113
2.821711e-06 1.043989e+09 6001113 1.058576e+09 6001113
4.263015e-06 1.092671e+09 6002113 1.088538e+09 6002113
2.777415e-06 1.049508e+09 6001114 1.033828e+09 6001113
2.881062e-06 1.0463e+09 6001114 1.068475e+09 6001113
4.263015e-06 1.041284e+09 6001114 1.049163e+09 6001113
3.272081e-06 1.056219e+09 6001113 1.049948e+09 6001113
6.981145e-08 1.058488e+09 6001113 1.047111e+09 6001113
3.021295e-06 1.078542e+09 6002113 1.079128e+09 6002113
2.863025e-06 1.010199e+09 6001114 1.063338e+09 6001113
4.890778e-06 1.04918e+09 6001113 1.035463e+09 6001113
3.354762e-06 1.06816e+09 6003113 1.108355e+09 6003113
3.024523e-06 1.077036e+09 6002113 1.010106e+09 6002113
3.305089e-06 1.059452e+09 6001114 1.040438e+09 6001113
3.264366e-06 1.055324e+09 6001114 1.01653e+09 6001113
2.756482e-06 1.053681e+09 6001113 1.045465e+09 6001113
1.016414e-06 1.07934e+09 6002113 1.079554e+09 6002113
3.206112e-06 1.029714e+09 6001113 1.02715e+09 6001113
5.539366e-08 1.060113e+09 6001113 1.038455e+09 6001113
3.25557e-06 1.027152e+09 6001113 1.062833e+09 6001113
2.138226e-06 1.076172e+09 6002113 1.0812e+09 6002113
2.138226e-06 1.033155e+09 6001113 1.060493e+09 6001113
3.230679e-06 1.051205e+09 6002114 1.052753e+09 6002113
3.272081e-06 1.055698e+09 6001113 1.0488e+09 6001113
3.024523e-06 1.072828e+09 6002113 1.069307e+09 6002113
2.805327e-06 1.059549e+09 6002113 1.059122e+09 6002113
3.354762e-06 1.04016e+09 6001113 1.057455e+09 6001113
3.023195e-06 1.099556e+09 6003113 1.084724e+09 6003113
1.890684e-06 1.062868e+09 6001114 1.047741e+09 6001113
2.821105e-06 1.037396e+09 6001113 1.056416e+09 6001113
2.956933e-06 1.046464e+09 6001113 1.059214e+09 6001113
3.893042e-06 1.053038e+09 6001113 1.035083e+09 6001113
1.907942e-06 1.053139e+09 6002113 1.083551e+09 6002113
3.751104e-06 1.085145e+09 6002114 1.083418e+09 6002113
1.2259e-06 1.04975e+09 6002113 1.091402e+09 6002113
8.55683e-07 1.06033e+09 6001114 1.042396e+09 6001113
3.080574e-06 1.071496e+09 6002114 1.054082e+09 6002113
3.270804e-06 1.082381e+09 6003113 1.100871e+09 6003113
1.235491e-07 1.027848e+09 6001113 1.072713e+09 6001113
3.825809e-06 1.076054e+09 6002113 1.049068e+09 6002113
3.046714e-06 1.042284e+09 6001114 1.060721e+09 6001113
2.852323e-06 1.060098e+09 6001113 1.018948e+09 6001113
2.74405e-06 1.124834e+09 6003113 1.078943e+09 6003113
4.263015e-06 1.061887e+09 6001113 1.034229e+09 6001113
3.893042e-06 1.050099e+09 6001113 1.036947e+09 6001113
1.531043e-06 1.044795e+09 6001113 1.023958e+09 6001113
2.365261e-06 1.034447e+09 6001114 1.057716e+09 6001113
3.236416e-06 1.096029e+09 6002114 1.083056e+09 6002113
4.41165e-06 1.046867e+09 6001114 1.046925e+09 6001113
3.893042e-06 1.04013e+09 6001113 1.058053e+09 6001113
3.380682e-06 1.090788e+09 6002114 1.057363e+09 6002113
1.77464e-06 1.053972e+09 6001113 1.041908e+09 6001113
2.696308e-06 1.056577e+09 6001114 1.063926e+09 6001113
3.335662e-06 1.039368e+09 6001113 1.055741e+09 6001113
2.375505e-06 1.03609e+09 6001114 1.047546e+09 6001113
2.74405e-06 1.066872e+09 6001113 1.060796e+09 6001113
2.805327e-06 1.055194e+09 6001114 1.061383e+09 6001113
1.235491e-07 1.049759e+09 6001113 1.047361e+09 6001113
2.805327e-06 1.050085e+09 6001113 1.033963e+09 6001113
3.016217e-06 1.049788e+09 6001113 1.049222e+09 6001113
2.538811e-06 1.060081e+09 6002114 1.058753e+09 6002113
3.021295e-06 1.085452e+09 6002113 1.099264e+09 6002113
3.13803e-06 1.033696e+09 6002113 1.072246e+09 6002113
2.778599e-06 1.040207e+09 6001114 1.027119e+09 6001113
2.489347e-06 1.093513e+09 6002113 1.056238e+09 6002113
3.173568e-06 1.085652e+09 6002114 1.066472e+09 6002113
6.375594e-09 1.066755e+09 6002113 1.085177e+09 6002113
3.893042e-06 1.08772e+09 6002114 1.072578e+09 6002113
3.13803e-06 1.03362e+09 6001113 1.065367e+09 6001113
1.79734e-06 1.110511e+09 6003114 1.086686e+09 6003113
3.270804e-06 1.083859e+09 6003113 1.09433e+09 6003113
4.19845e-06 1.077984e+09 6002114 1.0691e+09 6002113
2.767557e-06 1.048525e+09 6001113 1.062335e+09 6001113
3.15101e-06 1.074221e+09 6002113 1.060455e+09 6002113
3.160574e-06 1.086953e+09 6002113 1.067188e+09 6002113
3.281938e-06 1.049558e+09 6002113 1.092822e+09 6002113
2.821105e-06 1.075002e+09 6002113 1.058741e+09 6002113
2.920016e-06 1.065431e+09 6001114 1.051337e+09 6001113
2.881062e-06 1.052672e+09 6002114 1.075778e+09 6002113
3.124712e-06 1.055331e+09 6002114 1.087295e+09 6002113
2.920016e-06 1.081999e+09 6002113 1.060065e+09 6002113
1.424261e-06 1.049876e+09 6001114 1.050568e+09 6001113
3.236416e-06 1.050176e+09 6001113 1.03262e+09 6001113
3.281938e-06 1.054299e+09 6001114 1.054093e+09 6001113
2.858486e-06 1.041183e+09 6001113 1.028837e+09 6001113
2.863025e-06 1.114353e+09 6003114 1.082683e+09 6003113
9.334816e-07 1.063356e+09 6002113 1.043572e+09 6002113
7.307296e-10 1.104218e+09 6003114 1.067628e+09 6003113
2.786788e-06 1.058968e+09 6001113 1.05846e+09 6001113
3.331545e-06 1.075797e+09 6002113 1.073374e+09 6002113
6.854084e-07 1.124537e+09 6003114 1.028357e+09 6003113
1.907942e-06 1.036758e+09 6001113 1.041447e+09 6001113
3.380682e-06 1.08069e+09 6002114 1.075207e+09 6002113
4.019295e-06 1.023668e+09 6001113 1.062245e+09 6001113
3.311205e-06 1.049723e+09 6002114 1.05478e+09 6002113
4.41165e-06 1.050098e+09 6001113 1.055777e+09 6001113
3.206112e-06 1.079339e+09 6002113 1.09589e+09 6002113
4.632458e-06 1.079313e+09 6002113 1.074909e+09 6002113
2.756482e-06 1.07334e+09 6003114 1.068703e+09 6003113
2.799834e-06 1.06659e+09 6002114 1.068151e+09 6002113
3.276097e-07 1.103663e+09 6003113 1.08639e+09 6003113
3.15101e-06 1.049318e+09 6001114 1.046349e+09 6001113
3.330365e-06 1.060191e+09 6001114 1.062178e+09 6001113
2.375505e-06 1.092917e+09 6002113 1.075106e+09 6002113
3.280271e-06 1.040769e+09 6001113 1.041443e+09 6001113
2.858486e-06 1.053447e+09 6001113 1.053663e+09 6001113
1.743512e-07 1.048947e+09 6001114 1.043313e+09 6001113
6.220817e-07 1.012904e+09 6001113 1.044264e+09 6001113
2.777415e-06 1.063314e+09 6002113 1.079094e+09 6002113
3.956936e-06 1.079296e+09 6002113 1.08025e+09 6002113
3.380682e-06 1.049472e+09 6002113 1.065422e+09 6002113
2.920016e-06 1.026601e+09 6001113 1.052641e+09 6001113
2.778599e-06 1.066934e+09 6002113 1.072176e+09 6002113
1.322554e-06 1.079145e+09 6002113 1.054224e+09 6002113
3.270804e-06 1.039254e+09 6001113 1.046606e+09 6001113
2.771904e-08 1.039355e+09 6001114 1.049004e+09 6001113
2.866552e-06 1.020432e+09 6002113 1.057861e+09 6002113
2.956933e-06 1.039322e+09 6001113 1.040626e+09 6001113
2.603827e-06 1.057959e+09 6002114 1.04125e+09 6002113
3.023195e-06 1.068529e+09 6001114 1.046958e+09 6001113
1.662724e-06 1.082348e+09 6002113 1.057303e+09 6002113
3.26893e-06 1.041108e+09 6001113 1.064779e+09 6001113
1.134256e-06 1.061591e+09 6001113 1.049093e+09 6001113
3.335662e-06 1.084853e+09 6002113 1.073669e+09 6002113
3.281938e-06 1.061536e+09 6001113 1.033559e+09 6001113
3.016217e-06 1.062172e+09 6001113 1.057154e+09 6001113
2.049738e-06 1.053846e+09 6001113 1.049545e+09 6001113
4.057195e-06 1.031912e+09 6001113 1.065466e+09 6001113
2.74405e-06 1.063017e+09 6001113 1.057369e+09 6001113
1.555075e-06 1.049829e+09 6001114 1.052207e+09 6001113
5.961117e-07 1.056282e+09 6001113 1.053566e+09 6001113
1.872797e-07 1.038429e+09 6001113 1.056725e+09 6001113
3.13803e-06 1.025495e+09 6001113 1.045007e+09 6001113
3.131243e-06 1.092371e+09 6002114 1.069594e+09 6002113
3.245364e-06 1.045689e+09 6001113 1.05596e+09 6001113
4.632458e-06 1.03453e+09 6001114 1.037934e+09 6001113
3.15068e-06 1.044555e+09 6001113 1.057428e+09 6001113
2.881062e-06 1.037506e+09 6001113 1.050335e+09 6001113
3.024523e-06 1.073004e+09 6002113 1.069054e+09 6002113
3.753059e-06 1.061546e+09 6002114 1.063844e+09 6002113
3.214167e-06 1.071851e+09 6002113 1.065998e+09 6002113
2.920016e-06 1.084545e+09 6002114 1.079973e+09 6002113
2.858486e-06 1.062753e+09 6002113 1.066541e+09 6002113
2.956933e-06 1.078149e+09 6002113 1.065219e+09 6002113
3.25557e-06 1.062179e+09 6001114 1.014341e+09 6001113
2.487095e-06 1.051942e+09 6001113 1.05788e+09 6001113
3.475953e-06 1.046659e+09 6001113 1.026131e+09 6001113
3.080574e-06 1.067996e+09 6002114 1.069114e+09 6002113
6.981145e-08 1.051615e+09 6001113 1.063895e+09 6001113
2.603827e-06 1.048775e+09 6002114 1.06753e+09 6002113
3.239734e-06 1.086412e+09 6002113 1.099193e+09 6002113
2.991417e-06 1.043219e+09 6001113 1.059086e+09 6001113
3.270804e-06 1.090687e+09 6002113 1.072349e+09 6002113
3.00132e-06 1.090555e+09 6003114 1.07845e+09 6003113
2.991417e-06 1.079128e+09 6002113 1.089742e+09 6002113
1.890684e-06 1.064852e+09 6001114 1.024742e+09 6001113
2.881062e-06 1.030326e+09 6001114 1.04942e+09 6001113
4.263015e-06 1.052686e+09 6001113 1.060922e+09 6001113
2.991417e-06 1.069566e+09 6002114 1.060099e+09 6002113
3.305089e-06 1.084175e+09 6003114 1.078361e+09 6003113
3.354762e-06 1.081352e+09 6002113 1.064104e+09 6002113
3.354762e-06 1.056303e+09 6001113 1.043907e+09 6001113
2.852323e-06 1.093609e+09 6002113 1.080525e+09 6002113
2.74405e-06 1.084403e+09 6002114 1.073619e+09 6002113
2.799834e-06 1.045353e+09 6001114 1.059093e+09 6001113
2.786099e-06 1.090572e+09 6002114 1.05736e+09 6002113
3.239734e-06 1.059838e+09 6001113 1.039218e+09 6001113
3.280271e-06 1.071612e+09 6002113 1.072979e+09 6002113
2.74405e-06 1.087999e+09 6002113 1.084825e+09 6002113
3.160574e-06 1.048656e+09 6001113 1.031875e+09 6001113
2.865752e-06 1.027383e+09 6001113 1.040503e+09 6001113
3.021295e-06 1.100948e+09 6002114 1.052103e+09 6002113
2.991417e-06 1.03545e+09 6001114 1.054154e+09 6001113
3.26893e-06 1.058755e+09 6001113 1.055738e+09 6001113
3.009484e-06 1.053427e+09 6001113 1.061071e+09 6001113
2.151219e-06 1.061172e+09 6001113 1.059703e+09 6001113
2.365261e-06 1.05973e+09 6002113 1.086675e+09 6002113
2.956933e-06 1.054034e+09 6001114 1.059352e+09 6001113
2.805327e-06 1.055633e+09 6001113 1.050878e+09 6001113
3.245364e-06 1.059372e+09 6001113 1.05303e+09 6001113
5.376829e-07 1.053006e+09 6002114 1.084668e+09 6002113
3.236416e-06 1.06352e+09 6001114 1.050411e+09 6001113
4.657668e-06 1.051773e+09 6001113 1.040666e+09 6001113
3.218178e-06 1.082378e+09 6002114 1.075992e+09 6002113
3.305089e-06 1.055358e+09 6002113 1.07886e+09 6002113
3.281938e-06 1.066302e+09 6002113 1.070222e+09 6002113
2.487095e-06 1.059512e+09 6002113 1.075975e+09 6002113
3.214167e-06 1.067021e+09 6002113 1.08398e+09 6002113
2.863025e-06 1.049301e+09 6001113 1.055096e+09 6001113
4.095175e-06 1.057454e+09 6001113 1.038332e+09 6001113
3.024523e-06 1.056144e+09 6001113 1.065466e+09 6001113
2.74405e-06 1.0597e+09 6001113 1.045615e+09 6001113
1.662724e-06 1.073089e+09 6002113 1.06441e+09 6002113
2.858486e-06 1.040873e+09 6001113 1.064206e+09 6001113
4.608003e-07 1.07361e+09 6001113 1.041139e+09 6001113
4.095175e-06 1.096599e+09 6003114 1.082654e+09 6003113
3.36403e-06 1.025187e+09 6001113 1.050159e+09 6001113
3.956936e-06 1.092677e+09 6002114 1.081403e+09 6002113
4.019295e-06 1.025302e+09 6001114 1.039252e+09 6001113
2.858486e-06 1.05912e+09 6002113 1.067067e+09 6002113
2.375505e-06 1.043418e+09 6001113 1.058046e+09 6001113
3.291022e-06 1.096108e+09 6003114 1.071843e+09 6003113
5.455243e-09 1.075121e+09 6002113 1.071026e+09 6002113
2.538811e-06 1.034284e+09 6001113 1.050222e+09 6001113
3.016217e-06 1.124542e+09 6003114 1.065522e+09 6003113
3.127688e-06 1.069599e+09 6002113 1.079665e+09 6002113
2.603827e-06 1.050527e+09 6001114 1.037237e+09 6001113
3.016217e-06 1.092025e+09 6002114 1.071302e+09 6002113
2.591941e-06 1.050973e+09 6001114 1.042437e+09 6001113
1.907942e-06 1.05012e+09 6001113 1.06004e+09 6001113
3.272081e-06 1.03338e+09 6001113 1.055102e+09 6001113
3.236416e-06 1.03953e+09 6001114 1.033296e+09 6001113
1.2259e-06 1.05214e+09 6002113 1.090869e+09 6002113
1.322554e-06 1.06959e+09 6001114 1.037638e+09 6001113
3.245364e-06 1.071388e+09 6002113 1.04407e+09 6002113
1.77464e-06 1.059188e+09 6001113 1.063024e+09 6001113
4.890778e-06 1.095562e+09 6002113 1.076909e+09 6002113
3.330365e-06 1.04315e+09 6001113 1.038509e+09 6001113
3.023195e-06 1.053771e+09 6001113 1.052542e+09 6001113
1.890684e-06 1.032354e+09 6001113 1.037523e+09 6001113
6.375594e-09 1.058467e+09 6001113 1.061424e+09 6001113
1.451796e-06 1.04854e+09 6001114 1.041722e+09 6001113
3.239734e-06 1.085882e+09 6002113 1.058526e+09 6002113
1.161447e-07 1.094842e+09 6002113 1.044158e+09 6002113
3.354762e-06 1.060956e+09 6002114 1.067323e+09 6002113
3.146062e-06 1.031017e+09 6001114 1.046552e+09 6001113
2.786099e-06 1.085417e+09 6003113 1.122359e+09 6003113
3.160574e-06 1.076204e+09 6003113 1.085634e+09 6003113
2.858486e-06 1.052384e+09 6001113 1.042681e+09 6001113
3.270804e-06 1.075181e+09 6002113 1.077756e+09 6002113
3.00132e-06 1.082355e+09 6002113 1.038844e+09 6002113
2.866552e-06 1.060492e+09 6001113 1.039121e+09 6001113
2.863025e-06 1.064815e+09 6002113 1.076844e+09 6002113
3.264366e-06 1.076748e+09 6002113 1.079779e+09 6002113
3.023195e-06 1.056728e+09 6001114 1.04109e+09 6001113
3.270804e-06 1.093151e+09 6002113 1.066599e+09 6002113
1.555075e-06 1.091293e+09 6002114 1.076119e+09 6002113
2.021658e-06 1.068852e+09 6002114 1.050211e+09 6002113
3.36403e-06 1.070222e+09 6002113 1.083363e+09 6002113
3.173568e-06 1.048008e+09 6001114 1.04501e+09 6001113
3.00132e-06 1.040703e+09 6001114 1.049065e+09 6001113
1.451796e-06 1.058577e+09 6001114 1.038135e+09 6001113
1.104631e-06 1.038792e+09 6001113 1.036757e+09 6001113
4.346921e-07 1.06622e+09 6002113 1.028821e+09 6002113
4.542481e-06 1.087563e+09 6002113 1.065688e+09 6002113
2.778599e-06 1.06575e+09 6002113 1.086598e+09 6002113
9.057274e-07 1.043241e+09 6001113 1.066154e+09 6001113
3.007045e-06 1.078456e+09 6002114 1.07445e+09 6002113
3.15068e-06 1.046474e+09 6001113 1.061664e+09 6001113
2.74405e-06 1.118297e+09 6003113 1.070259e+09 6003113
2.858486e-06 1.016168e+09 6001114 1.046483e+09 6001113
3.825809e-06 1.040571e+09 6002113 1.087724e+09 6002113
2.591941e-06 1.05092e+09 6002113 1.083472e+09 6002113
2.786788e-06 1.062642e+09 6001113 1.035623e+09 6001113
3.024523e-06 1.075736e+09 6002114 1.057209e+09 6002113
5.961117e-07 1.032742e+09 6001113 1.016735e+09 6001113
1.890684e-06 1.076273e+09 6002113 1.060439e+09 6002113
3.214167e-06 1.068882e+09 6002113 1.073696e+09 6002113
2.920016e-06 1.052417e+09 6001113 1.047138e+09 6001113
1.890684e-06 1.064626e+09 6001113 1.039724e+09 6001113
1.890684e-06 1.047088e+09 6001114 1.051641e+09 6001113
1.451796e-06 1.074436e+09 6002114 1.041371e+09 6002113
4.632458e-06 1.05181e+09 6001113 1.054107e+09 6001113
3.13803e-06 1.045361e+09 6001114 1.05069e+09 6001113
2.881062e-06 1.047943e+09 6001114 1.049767e+09 6001113
6.220817e-07 1.062949e+09 6001114 1.067009e+09 6001113
2.151219e-06 1.066663e+09 6001114 1.022688e+09 6001113
1.2259e-06 1.087748e+09 6002114 1.049599e+09 6002113
2.786788e-06 1.049097e+09 6003113 1.111051e+09 6003113
2.487095e-06 1.041001e+09 6001113 1.060734e+09 6001113
8.069776e-08 1.02142e+09 6001113 1.02274e+09 6001113
2.151219e-06 1.054477e+09 6001114 1.049366e+09 6001113
3.330365e-06 1.044564e+09 6001113 1.055897e+09 6001113
3.016217e-06 1.061666e+09 6002113 1.079782e+09 6002113
4.095175e-06 1.069046e+09 6001113 1.04505e+09 6001113
4.890778e-06 1.109907e+09 6003113 1.082841e+09 6003113
1.873262e-08 1.050886e+09 6001113 1.0426e+09 6001113
1.79734e-06 1.073985e+09 6002113 1.05195e+09 6002113
3.13803e-06 1.085837e+09 6002113 1.079115e+09 6002113
2.767557e-06 1.049129e+09 6001113 1.009771e+09 6001113
3.239734e-06 1.045427e+09 6002113 1.037398e+09 6002113
2.026024e-06 1.042693e+09 6001114 1.056268e+09 6001113
2.805327e-06 1.071459e+09 6002113 1.079622e+09 6002113
1.424261e-06 1.093826e+09 6002114 1.074407e+09 6002113
2.799834e-06 1.062265e+09 6002113 1.046213e+09 6002113
3.009484e-06 1.055955e+09 6001113 1.065288e+09 6001113
3.15068e-06 1.073928e+09 6003113 1.103825e+09 6003113
2.866552e-06 1.050776e+09 6001114 1.056003e+09 6001113
3.173568e-06 1.051501e+09 6001113 1.019439e+09 6001113
2.538811e-06 1.071194e+09 6002113 1.086575e+09 6002113
3.276097e-07 1.050252e+09 6001113 1.057213e+09 6001113
2.74405e-06 1.050786e+09 6002113 1.092673e+09 6002113
2.765883e-06 1.075941e+09 6002113 1.097073e+09 6002113
3.26893e-06 1.045843e+09 6001113 1.045094e+09 6001113
4.632458e-06 1.093938e+09 6002114 1.035387e+09 6002113
2.756482e-06 1.050436e+09 6001114 1.007866e+09 6001113
3.15068e-06 1.082182e+09 6002113 1.083204e+09 6002113
1.038062e-06 1.095402e+09 6002114 1.07281e+09 6002113
3.218178e-06 1.053824e+09 6001113 1.043858e+09 6001113
2.777415e-06 1.030094e+09 6001113 1.044439e+09 6001113
3.124712e-06 1.078974e+09 6002113 1.06039e+09 6002113
4.346921e-07 1.055505e+09 6001114 1.063549e+09 6001113
2.778599e-06 1.049694e+09 6001114 1.047757e+09 6001113
3.276097e-07 1.026858e+09 6001113 1.045113e+09 6001113
2.067484e-06 1.048063e+09 6001114 1.066338e+09 6001113
2.865752e-06 1.059913e+09 6001113 1.052949e+09 6001113
2.021658e-06 1.040588e+09 6002113 1.069343e+09 6002113
4.396371e-08 1.025619e+09 6001114 1.040498e+09 6001113
3.956936e-06 1.070889e+09 6002114 1.028675e+09 6002113
2.138226e-06 1.059701e+09 6001113 1.024457e+09 6001113
2.777415e-06 1.062778e+09 6002113 1.058575e+09 6002113
2.487095e-06 1.048581e+09 6002114 1.057379e+09 6002113
3.127688e-06 1.116926e+09 6003114 1.066997e+09 6003113
2.765883e-06 1.037368e+09 6001113 1.027392e+09 6001113
2.767557e-06 1.044476e+09 6001113 1.047002e+09 6001113
3.475953e-06 1.045154e+09 6001113 1.049204e+09 6001113
8.069776e-08 1.058775e+09 6002113 1.068894e+09 6002113
5.376829e-07 1.055511e+09 6001114 1.043155e+09 6001113
3.270804e-06 1.071522e+09 6001114 1.037833e+09 6001113
6.220817e-07 1.051513e+09 6001113 1.024836e+09 6001113
1.134256e-06 1.084474e+09 6002113 1.031255e+09 6002113
2.538811e-06 1.066501e+09 6002113 1.080822e+09 6002113
3.280271e-06 1.032888e+09 6001113 1.051845e+09 6001113
2.843065e-06 1.04878e+09 6001114 1.050529e+09 6001113
1.531043e-06 1.032649e+09 6001113 1.059957e+09 6001113
2.959579e-06 1.06887e+09 6001113 1.061027e+09 6001113
1.857156e-06 1.057838e+09 6001113 1.047421e+09 6001113
1.322554e-06 1.083738e+09 6002114 1.06254e+09 6002113
2.865752e-06 1.082072e+09 6002114 1.043399e+09 6002113
2.799834e-06 1.05862e+09 6001114 1.033459e+09 6001113
2.257351e-06 1.059172e+09 6001113 1.039868e+09 6001113
2.863025e-06 1.076922e+09 6002114 1.078382e+09 6002113
3.430638e-06 1.047976e+09 6001114 1.05252e+09 6001113
2.777415e-06 1.049346e+09 6001114 1.043316e+09 6001113
3.753059e-06 1.063253e+09 6001113 1.066538e+09 6001113
3.825809e-06 1.11719e+09 6003114 1.082112e+09 6003113
2.756482e-06 1.018395e+09 6001114 1.064494e+09 6001113
3.36403e-06 1.033397e+09 6002113 1.057332e+09 6002113
3.36403e-06 1.033397e+09 6002113 1.057332e+09 6002113
3.024523e-06 1.040297e+09 6001114 1.054185e+09 6001113
2.067484e-06 1.0946e+09 6003113 1.066657e+09 6003113
2.771904e-08 1.06042e+09 6002113 1.059341e+09 6002113
3.281938e-06 1.050231e+09 6001113 1.052068e+09 6001113
3.893042e-06 1.031998e+09 6001114 1.053194e+09 6001113
4.890778e-06 1.041415e+09 6001113 1.054869e+09 6001113
3.046714e-06 1.03181e+09 6001114 1.056103e+09 6001113
2.852323e-06 1.075434e+09 6002113 1.063426e+09 6002113
2.007068e-09 1.041615e+09 6001113 1.057823e+09 6001113
2.786788e-06 1.092857e+09 6002114 1.065562e+09 6002113
3.214167e-06 1.069368e+09 6001113 1.049189e+09 6001113
1.555075e-06 1.068336e+09 6002114 1.069988e+09 6002113
3.007045e-06 1.060047e+09 6002113 1.091854e+09 6002113
2.192324e-06 1.073251e+09 6003113 1.094538e+09 6003113
3.146062e-06 1.052842e+09 6001113 1.069112e+09 6001113
9.057274e-07 1.069587e+09 6002113 1.092555e+09 6002113
3.36403e-06 1.02485e+09 6001114 1.061811e+09 6001113
4.099823e-08 1.079245e+09 6002114 1.071953e+09 6002113
3.021295e-06 1.057299e+09 6001113 1.05887e+09 6001113
3.826395e-09 1.084508e+09 6002113 1.076295e+09 6002113
2.262675e-06 1.060373e+09 6001113 1.064516e+09 6001113
2.902161e-06 1.064409e+09 6002113 1.030896e+09 6002113
3.36403e-06 1.073465e+09 6002113 1.066547e+09 6002113
3.430638e-06 1.046362e+09 6001113 1.051879e+09 6001113
3.36403e-06 1.01667e+09 6001113 1.012328e+09 6001113
2.696308e-06 1.079492e+09 6002113 1.077523e+09 6002113
3.009484e-06 1.071431e+09 6002113 1.049182e+09 6002113
2.866552e-06 1.022165e+09 6001113 1.045946e+09 6001113
3.245364e-06 1.076785e+09 6002113 1.085308e+09 6002113
3.15068e-06 1.066997e+09 6002113 1.051501e+09 6002113
2.911706e-07 1.10014e+09 6003114 1.070106e+09 6003113
2.991417e-06 1.046197e+09 6001113 1.066051e+09 6001113
2.74405e-06 1.051066e+09 6001113 1.035789e+09 6001113
6.854084e-07 1.024042e+09 6001114 1.043059e+09 6001113
1.198272e-06 1.060644e+09 6001113 1.051618e+09 6001113
3.825809e-06 1.037522e+09 6001113 1.047593e+09 6001113
8.270164e-07 1.059244e+09 6001114 1.044103e+09 6001113
2.821711e-06 1.079792e+09 6002113 1.082562e+09 6002113
3.009484e-06 1.017614e+09 6001114 1.062914e+09 6001113
3.024523e-06 1.109738e+09 6003114 1.059579e+09 6003113
3.305089e-06 1.071382e+09 6001113 1.056055e+09 6001113
3.024523e-06 1.062486e+09 6001113 1.050258e+09 6001113
1.134256e-06 1.028492e+09 6001113 1.066237e+09 6001113
2.920016e-06 1.08254e+09 6002113 1.051989e+09 6002113
2.786788e-06 1.079039e+09 6002114 1.046843e+09 6002113
1.292551e-06 1.083377e+09 6002113 1.080959e+09 6002113
3.893042e-06 1.078115e+09 6003113 1.08363e+09 6003113
9.057274e-07 1.069053e+09 6001113 1.058205e+09 6001113
3.239734e-06 1.053743e+09 6001113 1.03902e+09 6001113
4.41165e-06 1.058527e+09 6001114 1.031896e+09 6001113
1.662724e-06 1.08772e+09 6002113 1.067023e+09 6002113
3.753059e-06 1.05939e+09 6001113 1.05507e+09 6001113
9.057274e-07 1.050206e+09 6002113 1.081857e+09 6002113
3.206112e-06 1.085982e+09 6003113 1.101726e+09 6003113
3.173568e-06 1.068503e+09 6002113 1.034225e+09 6002113
3.291022e-06 1.059721e+09 6001113 1.04095e+09 6001113
9.057274e-07 1.056215e+09 6002114 1.075367e+09 6002113
3.00132e-06 1.091755e+09 6002114 1.070415e+09 6002113
3.354762e-06 1.065911e+09 6001113 1.028263e+09 6001113
4.263015e-06 1.087126e+09 6002114 1.082519e+09 6002113
2.756482e-06 1.095768e+09 6002113 1.078807e+09 6002113
2.756482e-06 1.07637e+09 6002113 1.050219e+09 6002113
8.55683e-07 1.065513e+09 6002113 1.07894e+09 6002113
4.890778e-06 1.068985e+09 6001113 1.059799e+09 6001113
2.852323e-06 1.05708e+09 6001113 1.023738e+09 6001113
2.786099e-06 1.073893e+09 6002114 1.07888e+09 6002113
3.272081e-06 1.032514e+09 6001113 1.03952e+09 6001113
1.662724e-06 1.045769e+09 6001113 1.055913e+09 6001113
2.821711e-06 1.053816e+09 6001113 9.926753e+08 6001113
3.25557e-06 1.054738e+09 6001113 1.04528e+09 6001113
2.487095e-06 1.050505e+09 6002113 1.061042e+09 6002113
2.881062e-06 1.097007e+09 6002114 1.064716e+09 6002113
7.454807e-09 1.057194e+09 6002114 1.055437e+09 6002113
2.805327e-06 1.086989e+09 6002113 1.085099e+09 6002113
2.021658e-06 1.057181e+09 6001113 1.028747e+09 6001113
3.223271e-06 1.031987e+09 6001114 1.070889e+09 6001113
2.865752e-06 1.06495e+09 6001114 1.055769e+09 6001113
3.753059e-06 1.049291e+09 6001113 1.04452e+09 6001113
2.865752e-06 1.026905e+09 6001114 1.036807e+09 6001113
2.865752e-06 1.030519e+09 6001114 1.041817e+09 6001113
3.080574e-06 1.054185e+09 6001114 1.033629e+09 6001113
3.380682e-06 1.054591e+09 6001113 1.057127e+09 6001113
2.881062e-06 1.072982e+09 6002113 1.05027e+09 6002113
3.021295e-06 1.049717e+09 6001113 1.039911e+09 6001113
3.272081e-06 1.038476e+09 6001113 1.055758e+09 6001113
1.322554e-06 1.076234e+09 6002114 1.068305e+09 6002113
3.430638e-06 1.074099e+09 6002113 1.084866e+09 6002113
3.380682e-06 1.030487e+09 6001113 1.0353e+09 6001113
1.451796e-06 1.053326e+09 6001113 1.056032e+09 6001113
3.021295e-06 1.04096e+09 6001113 1.059656e+09 6001113
2.021658e-06 1.075659e+09 6002113 1.052687e+09 6002113
3.173568e-06 1.092194e+09 6003113 1.073909e+09 6003113
3.264366e-06 1.07549e+09 6002114 1.077311e+09 6002113
2.756482e-06 1.04031e+09 6001113 1.035939e+09 6001113
1.662724e-06 1.089131e+09 6003114 1.085087e+09 6003113
3.270804e-06 1.060264e+09 6001113 1.035483e+09 6001113
2.863025e-06 1.08323e+09 6002114 1.071142e+09 6002113
2.805327e-06 1.04219e+09 6002113 1.070236e+09 6002113
3.00132e-06 1.109902e+09 6003113 1.073797e+09 6003113
2.858486e-06 1.055746e+09 6001113 1.045655e+09 6001113
4.353096e-06 1.049821e+09 6001113 1.027824e+09 6001113
3.080574e-06 1.092171e+09 6002114 1.083842e+09 6002113
2.767557e-06 1.076332e+09 6002113 1.016433e+09 6002113
1.269893e-06 1.029285e+09 6001113 1.04616e+09 6001113
2.742458e-06 1.054132e+09 6001113 1.055538e+09 6001113
3.173568e-06 1.073469e+09 6001114 1.048997e+09 6001113
2.777415e-06 1.063008e+09 6001113 1.070231e+09 6001113
2.696308e-06 1.049858e+09 6001114 1.031828e+09 6001113
3.239734e-06 1.086879e+09 6002113 1.072247e+09 6002113
2.865752e-06 1.053915e+09 6002114 1.07331e+09 6002113
3.15068e-06 1.049534e+09 6002114 1.051906e+09 6002113
3.330365e-06 1.081108e+09 6002113 1.092187e+09 6002113
2.870111e-06 1.061325e+09 6001113 1.063604e+09 6001113
3.214167e-06 1.054017e+09 6001113 1.053659e+09 6001113
3.230679e-06 1.049011e+09 6001114 1.053358e+09 6001113
2.603827e-06 1.050645e+09 6001113 1.067817e+09 6001113
3.280271e-06 1.08006e+09 6002113 1.090555e+09 6002113
3.021295e-06 1.062845e+09 6001113 1.041715e+09 6001113
2.863025e-06 1.064519e+09 6002113 1.078962e+09 6002113
2.489347e-06 1.068877e+09 6002113 1.083099e+09 6002113
2.767557e-06 1.061372e+09 6001114 1.044261e+09 6001113
3.893042e-06 1.043442e+09 6001114 1.063485e+09 6001113
4.768107e-08 1.07596e+09 6002113 1.075146e+09 6002113
2.257351e-06 1.065014e+09 6001113 1.042112e+09 6001113
2.765883e-06 1.073752e+09 6001114 1.044437e+09 6001113
2.487095e-06 1.080203e+09 6002113 1.060505e+09 6002113
9.314879e-08 1.075794e+09 6002113 1.078124e+09 6002113
2.777415e-06 1.007482e+09 6002114 1.084394e+09 6002113
3.829082e-06 1.082413e+09 6002113 1.066399e+09 6002113
3.021295e-06 1.041369e+09 6001113 1.051606e+09 6001113
1.787412e-06 1.032315e+09 6001114 1.057025e+09 6001113
3.264366e-06 1.040776e+09 6001113 1.053429e+09 6001113
3.016217e-06 1.067522e+09 6002113 1.08871e+09 6002113
3.26893e-06 1.126021e+09 6003114 1.090506e+09 6003113
2.414554e-07 1.050622e+09 6001113 1.066383e+09 6001113
3.893042e-06 1.045858e+09 6001113 1.052108e+09 6001113
4.057195e-06 1.119837e+09 6003113 1.036594e+09 6003113
4.608003e-07 1.085085e+09 6002114 1.04652e+09 6002113
1.662724e-06 1.03894e+09 6002113 1.030948e+09 6002113
3.430638e-06 1.103237e+09 6003114 1.072871e+09 6003113
3.264366e-06 1.053483e+09 6001114 1.032455e+09 6001113
2.866552e-06 1.056829e+09 6001114 1.022158e+09 6001113
3.236416e-06 1.060868e+09 6001113 1.061463e+09 6001113
2.865752e-06 1.059268e+09 6001114 1.058973e+09 6001113
3.131243e-06 1.035198e+09 6001113 1.049953e+09 6001113
3.206112e-06 1.060415e+09 6001114 1.05089e+09 6001113
2.021658e-06 1.099752e+09 6003113 1.015293e+09 6003113
1.269893e-06 1.038656e+09 6001113 1.071862e+09 6001113
3.311205e-06 1.068562e+09 6002113 1.021433e+09 6002113
3.291022e-06 1.042483e+09 6001113 1.060128e+09 6001113
2.991417e-06 1.063966e+09 6002114 1.067612e+09 6002113
4.657668e-06 1.101821e+09 6003113 1.079143e+09 6003113
3.475953e-06 1.019666e+09 6001113 1.023751e+09 6001113
2.852323e-06 1.063591e+09 6001114 1.059605e+09 6001113
3.124712e-06 1.041591e+09 6001114 1.032428e+09 6001113
1.073608e-07 1.059295e+09 6001114 1.053676e+09 6001113
3.270804e-06 9.750269e+08 6001113 1.051329e+09 6001113
3.146062e-06 1.070961e+09 6002113 1.072927e+09 6002113
1.531043e-06 1.057341e+09 6001114 1.054473e+09 6001113
6.595114e-07 1.085277e+09 6003113 1.056762e+09 6003113
8.55683e-07 1.099503e+09 6003114 1.082645e+09 6003113
4.460721e-09 1.041422e+09 6002114 1.074469e+09 6002113
2.262675e-06 1.089031e+09 6002114 1.076683e+09 6002113
2.767557e-06 1.057145e+09 6001114 1.040255e+09 6001113
3.311205e-06 1.042943e+09 6001113 1.058054e+09 6001113
3.162566e-06 1.050972e+09 6001114 1.032436e+09 6001113
3.956936e-06 1.053472e+09 6001113 1.058699e+09 6001113
4.632458e-06 1.027579e+09 6002113 1.090364e+09 6002113
4.542481e-06 1.036237e+09 6002113 1.05629e+09 6002113
3.311205e-06 1.073962e+09 6001113 1.041129e+09 6001113
1.2259e-06 1.065818e+09 6001113 1.044554e+09 6001113
3.331545e-06 1.080243e+09 6002113 1.049828e+09 6002113
4.41165e-06 1.040254e+09 6001113 1.059578e+09 6001113
2.487095e-06 1.073163e+09 6001113 1.055247e+09 6001113
3.36403e-06 1.061523e+09 6001114 1.017562e+09 6001113
3.162566e-06 1.083117e+09 6002113 1.078334e+09 6002113
3.016217e-06 1.073082e+09 6002114 1.066686e+09 6002113
6.220817e-07 1.05393e+09 6001114 1.023774e+09 6001113
4.632458e-06 1.056369e+09 6001114 1.061134e+09 6001113
3.206112e-06 1.046478e+09 6001113 1.029679e+09 6001113
4.346921e-07 1.07333e+09 6002113 1.063092e+09 6002113
2.799834e-06 1.049218e+09 6001113 1.07116e+09 6001113
2.858486e-06 1.118289e+09 6003114 1.08848e+09 6003113
3.124712e-06 1.037581e+09 6001113 1.045019e+09 6001113
3.380682e-06 1.092367e+09 6002113 1.082875e+09 6002113
2.902161e-06 1.075103e+09 6002113 1.088236e+09 6002113
2.262675e-06 1.078391e+09 6002113 1.083512e+09 6002113
3.430638e-06 1.051698e+09 6002114 1.062399e+09 6002113
2.786099e-06 1.041943e+09 6001113 1.061729e+09 6001113
3.825809e-06 1.049202e+09 6001113 1.057166e+09 6001113
3.430638e-06 1.068757e+09 6002113 1.056571e+09 6002113
3.311205e-06 1.057014e+09 6002113 1.082879e+09 6002113
3.15068e-06 1.064047e+09 6001114 1.040338e+09 6001113
2.902161e-06 1.083586e+09 6002113 1.083001e+09 6002113
3.131243e-06 1.051347e+09 6002113 1.086195e+09 6002113
1.77464e-06 1.065906e+09 6002113 1.085278e+09 6002113
2.767557e-06 1.060165e+09 6001113 1.038364e+09 6001113
2.866552e-06 1.069345e+09 6002113 1.088361e+09 6002113
2.487095e-06 1.024332e+09 6001114 1.043506e+09 6001113
3.124712e-06 1.079635e+09 6002114 1.054181e+09 6002113
3.13803e-06 1.066289e+09 6001114 1.024309e+09 6001113
3.825809e-06 1.097948e+09 6003113 1.07685e+09 6003113
2.767557e-06 1.068094e+09 6001113 1.061675e+09 6001113
3.291022e-06 1.033579e+09 6001114 1.065496e+09 6001113
3.024523e-06 1.058075e+09 6001113 1.041986e+09 6001113
3.335662e-06 1.074792e+09 6002114 1.085163e+09 6002113
3.223271e-06 1.097543e+09 6002113 1.092154e+09 6002113
3.245364e-06 1.062799e+09 6002113 1.062289e+09 6002113
3.162566e-06 1.060867e+09 6002114 1.083762e+09 6002113
3.021295e-06 1.08595e+09 6002113 1.059194e+09 6002113
2.870111e-06 1.06308e+09 6001113 1.052686e+09 6001113
3.124712e-06 1.041463e+09 6001113 1.060525e+09 6001113
2.489347e-06 1.0525e+09 6001114 1.045759e+09 6001113
3.281938e-06 1.087953e+09 6002113 1.074454e+09 6002113
2.538811e-06 1.049315e+09 6001114 1.061526e+09 6001113
3.206112e-06 1.052304e+09 6001113 1.05276e+09 6001113
2.365261e-06 1.091012e+09 6002114 1.066326e+09 6002113
9.334816e-07 1.052669e+09 6001114 1.066565e+09 6001113
6.220817e-07 1.082619e+09 6002114 1.059088e+09 6002113
3.305089e-06 1.036338e+09 6001114 1.059059e+09 6001113
2.603827e-06 1.103648e+09 6003114 1.085065e+09 6003113
3.13803e-06 1.0918e+09 6002113 1.058169e+09 6002113
3.305089e-06 1.085951e+09 6002113 1.060259e+09 6002113
2.865752e-06 1.058954e+09 6001114 1.039739e+09 6001113
1.555075e-06 1.089544e+09 6002113 1.06562e+09 6002113
3.15101e-06 1.048987e+09 6001113 1.052763e+09 6001113
2.991417e-06 1.068037e+09 6002113 1.083454e+09 6002113
4.095175e-06 1.074296e+09 6002113 1.06822e+09 6002113
3.270804e-06 1.05336e+09 6001114 1.039336e+09 6001113
3.223271e-06 1.109583e+09 6003114 1.084338e+09 6003113
2.799834e-06 1.071213e+09 6002114 1.083299e+09 6002113
1.322554e-06 1.087155e+09 6002113 1.079435e+09 6002113
2.852323e-06 1.067357e+09 6001114 1.024356e+09 6001113
2.866552e-06 1.065891e+09 6001114 1.049752e+09 6001113
2.956933e-06 1.052808e+09 6001113 1.054455e+09 6001113
1.2259e-06 1.068516e+09 6002113 1.066582e+09 6002113
3.36403e-06 1.059229e+09 6001113 1.056978e+09 6001113
1.332189e-07 1.041932e+09 6001113 1.014108e+09 6001113
4.263015e-06 1.069849e+09 6002113 1.06066e+09 6002113
2.257351e-06 1.078263e+09 6002113 1.06498e+09 6002113
3.311205e-06 1.06388e+09 6002114 1.049407e+09 6002113
2.786788e-06 1.062416e+09 6001114 1.045899e+09 6001113
3.272081e-06 1.070327e+09 6001114 1.048871e+09 6001113
3.236416e-06 1.065136e+09 6002114 1.083563e+09 6002113
2.487095e-06 1.028757e+09 6001113 1.051742e+09 6001113
3.475953e-06 1.090948e+09 6002114 1.065151e+09 6002113
3.331545e-06 1.073003e+09 6001113 1.057998e+09 6001113
2.742458e-06 1.056325e+09 6001114 1.040479e+09 6001113
3.230679e-06 1.047784e+09 6001114 1.027921e+09 6001113
3.023195e-06 1.049618e+09 6001114 1.059413e+09 6001113
2.696308e-06 1.049807e+09 6002113 1.074857e+09 6002113
3.218178e-06 1.045136e+09 6001113 1.050014e+09 6001113
3.021295e-06 1.08424e+09 6002113 1.074379e+09 6002113
3.162566e-06 1.074078e+09 6001113 1.05355e+09 6001113
6.220817e-07 1.092791e+09 6002114 1.071046e+09 6002113
6.854084e-07 1.026219e+09 6001114 1.041282e+09 6001113
4.542481e-06 1.045825e+09 6001114 1.050972e+09 6001113
3.829082e-06 1.036372e+09 6001113 1.027044e+09 6001113
8.069776e-08 1.035864e+09 6001113 1.033978e+09 6001113
3.430638e-06 1.06608e+09 6001114 1.056482e+09 6001113
2.487095e-06 1.055238e+09 6001113 1.038303e+09 6001113
3.270804e-06 1.099851e+09 6002114 1.085208e+09 6002113
2.487095e-06 1.072663e+09 6002113 1.093843e+09 6002113
2.786788e-06 1.042046e+09 6002113 1.053605e+09 6002113
1.79734e-06 1.075489e+09 6003113 1.072833e+09 6003113
2.742458e-06 1.077084e+09 6002114 1.059371e+09 6002113
1.77464e-06 1.072044e+09 6001113 1.043675e+09 6001113
1.198272e-06 1.065672e+09 6001113 1.059358e+09 6001113
2.852323e-06 1.048235e+09 6001113 1.052817e+09 6001113
2.902161e-06 1.059477e+09 6002113 1.083829e+09 6002113
2.991417e-06 1.053331e+09 6001113 1.050529e+09 6001113
2.696308e-06 1.043686e+09 6002114 1.080262e+09 6002113
3.15068e-06 1.049395e+09 6001113 1.027891e+09 6001113
3.956936e-06 1.027596e+09 6001114 1.045154e+09 6001113
3.160574e-06 1.078375e+09 6001114 1.033734e+09 6001113
4.019295e-06 1.063538e+09 6002113 1.088866e+09 6002113
3.36403e-06 1.046781e+09 6001113 1.066901e+09 6001113
3.291022e-06 1.04527e+09 6001114 1.01988e+09 6001113
2.881062e-06 1.109229e+09 6003113 1.086106e+09 6003113
2.138226e-06 1.061148e+09 6001113 1.059603e+09 6001113
3.245364e-06 1.038156e+09 6001113 1.037486e+09 6001113
7.536476e-07 1.046313e+09 6001114 1.045549e+09 6001113
2.489347e-06 1.071293e+09 6002113 1.067821e+09 6002113
2.881062e-06 1.051403e+09 6002114 1.085549e+09 6002113
9.334816e-07 1.053105e+09 6001113 1.049187e+09 6001113
3.331545e-06 1.086154e+09 6002113 1.070869e+09 6002113
4.353096e-06 1.03542e+09 6001113 1.045222e+09 6001113
3.160574e-06 1.08552e+09 6002113 1.06341e+09 6002113
3.016217e-06 1.056218e+09 6001114 1.06455e+09 6001113
1.292551e-06 1.079236e+09 6003113 1.104437e+09 6003113
2.767557e-06 1.046138e+09 6001113 1.050586e+09 6001113
3.016217e-06 1.038187e+09 6001114 1.056895e+09 6001113
3.206112e-06 1.088058e+09 6002114 1.063523e+09 6002113
2.778599e-06 1.093057e+09 6002113 1.053795e+09 6002113
3.281938e-06 1.048993e+09 6001113 1.047364e+09 6001113
4.657668e-06 1.031506e+09 6002114 1.060759e+09 6002113
3.024523e-06 1.065373e+09 6002113 1.077612e+09 6002113
3.046714e-06 1.076572e+09 6002113 1.078127e+09 6002113
4.632458e-06 1.062577e+09 6002113 1.083348e+09 6002113
1.555075e-06 1.059579e+09 6002113 1.059675e+09 6002113
3.218178e-06 1.070091e+09 6002114 1.075532e+09 6002113
3.311832e-06 1.078381e+09 6003113 1.111012e+09 6003113
3.007045e-06 1.062439e+09 6001113 1.038805e+09 6001113
1.161447e-07 1.068785e+09 6002113 1.062133e+09 6002113
3.124712e-06 1.082162e+09 6002113 1.076362e+09 6002113
2.765883e-06 1.058964e+09 6002113 1.069416e+09 6002113
2.786788e-06 1.082241e+09 6002113 1.09278e+09 6002113
3.331545e-06 1.052922e+09 6001113 1.066264e+09 6001113
3.016217e-06 1.075032e+09 6002113 1.078044e+09 6002113
2.881062e-06 1.066827e+09 6001113 1.036401e+09 6001113
3.024523e-06 1.023669e+09 6001113 1.053487e+09 6001113
2.74405e-06 1.075444e+09 6002113 1.071708e+09 6002113
2.991417e-06 1.033138e+09 6001113 1.066638e+09 6001113
3.956936e-06 1.046216e+09 6001113 1.051218e+09 6001113
3.825809e-06 1.064372e+09 6001114 1.052125e+09 6001113
2.756482e-06 1.060165e+09 6001113 1.062829e+09 6001113
2.870111e-06 1.054859e+09 6001113 1.066987e+09 6001113
3.007045e-06 1.0438e+09 6001114 1.032931e+09 6001113
3.080574e-06 1.019567e+09 6001113 1.049856e+09 6001113
6.220817e-07 1.030908e+09 6001113 1.022094e+09 6001113
1.531043e-06 1.036834e+09 6001114 1.053272e+09 6001113
3.291022e-06 1.049018e+09 6001113 1.048957e+09 6001113
1.77464e-06 1.04021e+09 6001113 1.045694e+09 6001113
2.799834e-06 1.078702e+09 6002114 1.066703e+09 6002113
3.829082e-06 1.057074e+09 6001113 1.064965e+09 6001113
3.36403e-06 1.10095e+09 6002114 1.084265e+09 6002113
3.162566e-06 1.075679e+09 6002113 1.0857e+09 6002113
4.353096e-06 1.050153e+09 6002113 1.07124e+09 6002113
4.632458e-06 1.044094e+09 6001113 1.067315e+09 6001113
2.021658e-06 1.037462e+09 6002114 1.077023e+09 6002113
2.74405e-06 1.081642e+09 6002113 1.096427e+09 6002113
3.36403e-06 1.064154e+09 6001113 1.047569e+09 6001113
2.742458e-06 1.053427e+09 6001113 1.04866e+09 6001113
2.778599e-06 1.04402e+09 6001113 1.050102e+09 6001113
1.787412e-06 1.06963e+09 6001114 1.034225e+09 6001113
2.756482e-06 1.06802e+09 6001113 1.051019e+09 6001113
2.959579e-06 1.049066e+09 6001114 1.049464e+09 6001113
3.270804e-06 1.059915e+09 6001113 1.049224e+09 6001113
2.865752e-06 1.063414e+09 6001114 1.060291e+09 6001113
3.214167e-06 1.060765e+09 6002113 1.091285e+09 6002113
2.603827e-06 1.083102e+09 6002113 1.05868e+09 6002113
2.489347e-06 1.050995e+09 6001113 1.061737e+09 6001113
2.603827e-06 1.036277e+09 6001113 1.040268e+09 6001113
2.487095e-06 1.074963e+09 6002114 1.041688e+09 6002113
3.272081e-06 1.067781e+09 6002114 1.068228e+09 6002113
3.024523e-06 1.067287e+09 6001114 1.033561e+09 6001113
4.632458e-06 1.025725e+09 6002113 1.055073e+09 6002113
4.890778e-06 1.051145e+09 6002113 1.057176e+09 6002113
2.489347e-06 1.034948e+09 6001113 1.052308e+09 6001113
9.334816e-07 1.054252e+09 6001114 1.037203e+09 6001113
2.858486e-06 1.066848e+09 6002113 1.04817e+09 6002113
5.961117e-07 1.041151e+09 6001114 1.068895e+09 6001113
2.603827e-06 1.076102e+09 6002113 1.084647e+09 6002113
3.15101e-06 1.065875e+09 6002113 1.074534e+09 6002113
2.863025e-06 1.058109e+09 6001114 1.013666e+09 6001113
3.131243e-06 1.100033e+09 6002113 1.072291e+09 6002113
8.270164e-07 1.065898e+09 6002113 1.056218e+09 6002113
4.821245e-10 1.08049e+09 6003113 1.100173e+09 6003113
3.281938e-06 1.103028e+09 6003113 1.0339e+09 6003113
2.786788e-06 1.057644e+09 6001113 1.06583e+09 6001113
3.380682e-06 1.054178e+09 6001113 1.057176e+09 6001113
3.751104e-06 1.035379e+09 6001114 1.041221e+09 6001113
3.131243e-06 1.066821e+09 6002113 1.075369e+09 6002113
1.872797e-07 1.066904e+09 6001114 1.050709e+09 6001113
3.281938e-06 1.045835e+09 6001113 1.03765e+09 6001113
3.173568e-06 1.03188e+09 6001114 1.037256e+09 6001113
2.603827e-06 1.069578e+09 6001113 1.048288e+09 6001113
2.902161e-06 1.031885e+09 6001113 1.043086e+09 6001113
3.016217e-06 1.057543e+09 6001113 1.044315e+09 6001113
3.080574e-06 1.068748e+09 6002113 1.033891e+09 6002113
2.696308e-06 1.087512e+09 6002114 1.084302e+09 6002113
2.756482e-06 1.054735e+09 6001114 1.053668e+09 6001113
2.805327e-06 1.053251e+09 6001114 1.020872e+09 6001113
3.25557e-06 1.049675e+09 6001113 1.033826e+09 6001113
3.380682e-06 1.059337e+09 6001114 1.047965e+09 6001113
2.786788e-06 1.059221e+09 6001113 1.044811e+09 6001113
2.487095e-06 1.08343e+09 6002114 1.070441e+09 6002113
3.15101e-06 1.093928e+09 6003114 1.079288e+09 6003113
1.104631e-06 1.094685e+09 6002114 1.081479e+09 6002113
2.991417e-06 1.06862e+09 6002114 1.078096e+09 6002113
3.36403e-06 1.08324e+09 6002113 1.059402e+09 6002113
2.786099e-06 1.045568e+09 6001113 1.058614e+09 6001113
2.591941e-06 1.03913e+09 6002113 1.078388e+09 6002113
1.038062e-06 1.040909e+09 6001113 1.050033e+09 6001113
3.218178e-06 1.066074e+09 6001113 1.025075e+09 6001113
3.016217e-06 1.084741e+09 6002114 1.062672e+09 6002113
2.821711e-06 1.03772e+09 6001113 1.060538e+09 6001113
3.272081e-06 1.03441e+09 6001113 1.05638e+09 6001113
2.489347e-06 1.043191e+09 6001113 1.052001e+09 6001113
2.786099e-06 1.039402e+09 6001113 1.061468e+09 6001113
3.007045e-06 1.058458e+09 6001114 1.059618e+09 6001113
2.375505e-06 1.037727e+09 6001113 1.044684e+09 6001113
2.275223e-06 1.085529e+09 6002113 1.069285e+09 6002113
4.768107e-08 1.048736e+09 6001113 1.050788e+09 6001113
3.331545e-06 1.071374e+09 6002114 1.082366e+09 6002113
1.104631e-06 1.088852e+09 6002113 1.071824e+09 6002113
3.305089e-06 1.04151e+09 6001113 1.070792e+09 6001113
1.662724e-06 1.041387e+09 6001113 1.067956e+09 6001113
2.821711e-06 1.067291e+09 6002114 1.079148e+09 6002113
2.591941e-06 1.085203e+09 6002113 1.06649e+09 6002113
2.487095e-06 1.045884e+09 6001113 1.040174e+09 6001113
1.235491e-07 1.05133e+09 6001113 1.038246e+09 6001113
3.270804e-06 1.068501e+09 6002113 1.05678e+09 6002113
3.335662e-06 1.074587e+09 6002113 1.058472e+09 6002113
3.380682e-06 1.072442e+09 6002113 1.063015e+09 6002113
2.756482e-06 1.025113e+09 6001113 1.052763e+09 6001113
3.236416e-06 1.079123e+09 6002114 1.066468e+09 6002113
3.046714e-06 1.107041e+09 6003114 1.065864e+09 6003113
3.281938e-06 1.049482e+09 6001114 1.051155e+09 6001113
2.881062e-06 1.080855e+09 6002114 1.059395e+09 6002113
2.74405e-06 1.032223e+09 6001113 1.063039e+09 6001113
1.198272e-06 1.050281e+09 6001113 1.024217e+09 6001113
2.786099e-06 1.059965e+09 6001113 1.04345e+09 6001113
3.214167e-06 1.060555e+09 6001113 1.060675e+09 6001113
3.26893e-06 1.02344e+09 6001113 1.046809e+09 6001113
1.733352e-09 1.025818e+09 6001113 1.032001e+09 6001113
3.00132e-06 1.061806e+09 6001114 1.067626e+09 6001113
2.858486e-06 1.054962e+09 6001114 1.036716e+09 6001113
3.239734e-06 1.054441e+09 6001113 1.06301e+09 6001113
3.173568e-06 1.0507e+09 6001113 1.067298e+09 6001113
2.138226e-06 9.820742e+08 6001114 1.053972e+09 6001113
3.13803e-06 1.042223e+09 6001113 1.030739e+09 6001113
3.023195e-06 1.060697e+09 6001113 1.062088e+09 6001113
2.902161e-06 1.041143e+09 6001113 1.049561e+09 6001113
3.26893e-06 1.081168e+09 6002113 1.066441e+09 6002113
3.956936e-06 1.042029e+09 6001113 1.067885e+09 6001113
3.124712e-06 1.039813e+09 6001113 1.054521e+09 6001113
3.280271e-06 1.044898e+09 6001114 1.053217e+09 6001113
3.380682e-06 1.049727e+09 6001114 1.007568e+09 6001113
3.15101e-06 1.067856e+09 6001114 1.038635e+09 6001113
4.353096e-06 1.033728e+09 6001113 1.060219e+09 6001113
2.920016e-06 1.070318e+09 6001114 1.058743e+09 6001113
3.331545e-06 1.042466e+09 6001113 1.047445e+09 6001113
2.902161e-06 1.048921e+09 6001114 1.03876e+09 6001113
3.046714e-06 1.067094e+09 6002113 1.066622e+09 6002113
3.330365e-06 1.024984e+09 6001114 1.045757e+09 6001113
2.870111e-06 1.041097e+09 6001113 1.047462e+09 6001113
4.346921e-07 1.036385e+09 6001114 1.046038e+09 6001113
7.536476e-07 1.03316e+09 6001114 1.051227e+09 6001113
3.956936e-06 1.058655e+09 6001114 1.055777e+09 6001113
2.257351e-06 1.122361e+09 6003113 1.079681e+09 6003113
5.961117e-07 1.08081e+09 6002113 1.068476e+09 6002113
1.086424e-08 1.054855e+09 6001114 1.056072e+09 6001113
2.786099e-06 1.07377e+09 6002113 1.077854e+09 6002113
3.26893e-06 1.066336e+09 6001113 1.043911e+09 6001113
3.223271e-06 1.080881e+09 6002113 1.080373e+09 6002113
2.865752e-06 1.030667e+09 6001114 1.054409e+09 6001113
6.595114e-07 1.043736e+09 6002113 1.07125e+09 6002113
3.13803e-06 1.080256e+09 6002114 1.056446e+09 6002113
2.696308e-06 1.054115e+09 6001113 1.056867e+09 6001113
2.956933e-06 1.040676e+09 6001113 1.03699e+09 6001113
3.13803e-06 1.04108e+09 6001113 1.049841e+09 6001113
2.74405e-06 1.044871e+09 6001114 1.055484e+09 6001113
3.236416e-06 1.063926e+09 6001113 1.053784e+09 6001113
3.25557e-06 1.086995e+09 6002114 1.070326e+09 6002113
3.270804e-06 1.044511e+09 6001113 1.048353e+09 6001113
3.36403e-06 1.039291e+09 6001114 1.041344e+09 6001113
2.863025e-06 1.053132e+09 6001113 1.054548e+09 6001113
2.026024e-06 1.091585e+09 6002113 1.069901e+09 6002113
2.959579e-06 1.051598e+09 6001113 1.018804e+09 6001113
3.280271e-06 1.066882e+09 6001114 1.032809e+09 6001113
3.36403e-06 1.052866e+09 6001113 1.040613e+09 6001113
1.528132e-06 1.030087e+09 6001114 1.032099e+09 6001113
3.024523e-06 1.048779e+09 6001113 1.050046e+09 6001113
3.206112e-06 1.036622e+09 6001113 1.044002e+09 6001113
3.430638e-06 1.02291e+09 6001113 1.065575e+09 6001113
3.330365e-06 1.039317e+09 6001113 1.052265e+09 6001113
3.245364e-06 1.053125e+09 6002113 1.066656e+09 6002113
2.742458e-06 1.043113e+09 6001113 1.058029e+09 6001113
3.825809e-06 1.05891e+09 6001113 1.063751e+09 6001113
3.330365e-06 1.059441e+09 6001114 1.057766e+09 6001113
1.555075e-06 1.063583e+09 6002113 1.059918e+09 6002113
3.751104e-06 1.059201e+09 6001113 1.066524e+09 6001113
2.956933e-06 1.03969e+09 6001113 1.056272e+09 6001113
2.756482e-06 1.068434e+09 6002113 1.082514e+09 6002113
3.245364e-06 1.05852e+09 6001114 1.02565e+09 6001113
2.767557e-06 1.072199e+09 6002113 1.089027e+09 6002113
2.151219e-06 1.061989e+09 6001113 1.063291e+09 6001113
3.272081e-06 1.062546e+09 6001113 1.039593e+09 6001113
3.36403e-06 1.079316e+09 6002113 1.079229e+09 6002113
2.786099e-06 1.087095e+09 6002114 1.082596e+09 6002113
1.77464e-06 1.068533e+09 6002113 1.043596e+09 6002113
3.046714e-06 1.06834e+09 6002113 1.082764e+09 6002113
4.542481e-06 1.05784e+09 6001114 1.075365e+09 6001113
2.021658e-06 1.068682e+09 6002113 1.07924e+09 6002113
3.893042e-06 1.072444e+09 6002114 1.05104e+09 6002113
3.276097e-07 1.042068e+09 6001113 1.039766e+09 6001113
1.424261e-06 1.011623e+09 6001113 1.038028e+09 6001113
2.765883e-06 1.056805e+09 6002114 1.088186e+09 6002113
2.765883e-06 1.085445e+09 6002114 1.088146e+09 6002113
2.151219e-06 1.078393e+09 6002113 1.083648e+09 6002113
1.322554e-06 1.055509e+09 6002113 1.065412e+09 6002113
3.13803e-06 1.06803e+09 6002113 1.074198e+09 6002113
7.536476e-07 1.044879e+09 6001113 1.04202e+09 6001113
2.991417e-06 1.078269e+09 6002113 1.051973e+09 6002113
2.591941e-06 1.061988e+09 6002113 1.078335e+09 6002113
2.742458e-06 1.009067e+09 6001114 1.04026e+09 6001113
2.487095e-06 1.023558e+09 6001113 1.041147e+09 6001113
3.15068e-06 1.042171e+09 6001113 1.046631e+09 6001113
3.00132e-06 1.062988e+09 6002114 1.075092e+09 6002113
1.2259e-06 1.067016e+09 6002113 1.037766e+09 6002113
6.220817e-07 1.052794e+09 6001113 1.041456e+09 6001113
3.186039e-09 1.050425e+09 6001113 1.048968e+09 6001113
2.865752e-06 1.077508e+09 6001113 1.038793e+09 6001113
2.74405e-06 1.065148e+09 6001113 1.054597e+09 6001113
3.829082e-06 1.0577e+09 6001113 1.046725e+09 6001113
1.555075e-06 1.087861e+09 6003114 1.077233e+09 6003113
2.786099e-06 1.055841e+09 6001113 1.068528e+09 6001113
2.777415e-06 1.066208e+09 6002114 1.066405e+09 6002113
3.335662e-06 1.058871e+09 6002113 1.065428e+09 6002113
2.902161e-06 1.045679e+09 6001114 1.048801e+09 6001113
2.821105e-06 1.066509e+09 6001113 1.053191e+09 6001113
2.799834e-06 1.117856e+09 6003114 1.082431e+09 6003113
1.890684e-06 1.042338e+09 6001113 1.028024e+09 6001113
3.36403e-06 1.045245e+09 6001113 1.065539e+09 6001113
3.26893e-06 1.084882e+09 6003113 1.085229e+09 6003113
3.305089e-06 1.068842e+09 6002113 1.065989e+09 6002113
3.009484e-06 1.037522e+09 6001113 1.038319e+09 6001113
2.959579e-06 1.042518e+09 6001114 1.027418e+09 6001113
4.542481e-06 1.05726e+09 6001113 1.052002e+09 6001113
1.016414e-06 1.054862e+09 6002113 1.076313e+09 6002113
3.124712e-06 1.055017e+09 6002114 1.076075e+09 6002113
3.173568e-06 1.041312e+09 6001114 1.064315e+09 6001113
4.542481e-06 1.08308e+09 6002114 1.045092e+09 6002113
4.019295e-06 1.104305e+09 6002113 1.067783e+09 6002113
3.354762e-06 1.069898e+09 6001113 1.06255e+09 6001113
3.430638e-06 1.049987e+09 6001113 1.052388e+09 6001113
3.009484e-06 1.067207e+09 6002114 1.057753e+09 6002113
3.36403e-06 1.0502e+09 6002113 1.075817e+09 6002113
3.016217e-06 1.059399e+09 6002113 1.061044e+09 6002113
2.262675e-06 1.051008e+09 6001113 1.032948e+09 6001113
2.591941e-06 1.010072e+09 6001113 1.058445e+09 6001113
2.777415e-06 1.091297e+09 6002113 1.073053e+09 6002113
3.893042e-06 1.053433e+09 6001113 1.05702e+09 6001113
4.41165e-06 1.077972e+09 6002113 1.077466e+09 6002113
2.821711e-06 1.058531e+09 6001113 1.013563e+09 6001113
2.257351e-06 1.069015e+09 6001113 1.010885e+09 6001113
1.2259e-06 1.043267e+09 6001113 1.036969e+09 6001113
2.991417e-06 1.079011e+09 6002114 1.06256e+09 6002113
4.632458e-06 1.035454e+09 6001114 1.035437e+09 6001113
3.272081e-06 1.068062e+09 6002114 1.086053e+09 6002113
3.264366e-06 1.084835e+09 6002113 1.088856e+09 6002113
3.331545e-06 1.07618e+09 6002113 1.083874e+09 6002113
2.991417e-06 1.074225e+09 6003113 1.10477e+09 6003113
2.902161e-06 1.048239e+09 6001113 1.039577e+09 6001113
4.608003e-07 1.057745e+09 6001113 1.04562e+09 6001113
3.214167e-06 1.054062e+09 6001114 1.064168e+09 6001113
7.536476e-07 1.068621e+09 6002113 1.062683e+09 6002113
3.305089e-06 1.105529e+09 6003113 1.071949e+09 6003113
1.555075e-06 1.028606e+09 6001113 1.076776e+09 6001113
3.36403e-06 1.10955e+09 6003113 1.08468e+09 6003113
2.375505e-06 1.071687e+09 6002113 1.076114e+09 6002113
2.852323e-06 1.060197e+09 6001113 1.070091e+09 6001113
2.843065e-06 1.093959e+09 6002113 1.0754e+09 6002113
1.531043e-06 1.024509e+09 6001114 1.064756e+09 6001113
3.25557e-06 1.0764e+09 6002113 1.06448e+09 6002113
2.777415e-06 1.08223e+09 6002114 1.096247e+09 6002113
3.173568e-06 1.031372e+09 6001114 1.025423e+09 6001113
2.956933e-06 1.086029e+09 6002114 1.083232e+09 6002113
2.956933e-06 1.061594e+09 6001114 1.043438e+09 6001113
3.354762e-06 1.06084e+09 6001113 1.058668e+09 6001113
3.272081e-06 1.085837e+09 6002113 1.072631e+09 6002113
2.821105e-06 1.041325e+09 6001113 1.074144e+09 6001113
1.367747e-08 1.058478e+09 6001113 1.049907e+09 6001113
2.865752e-06 1.058945e+09 6001113 1.054342e+09 6001113
2.865752e-06 1.07297e+09 6002113 1.07547e+09 6002113
3.25557e-06 1.075786e+09 6002114 1.041144e+09 6002113
4.19845e-06 1.044337e+09 6001114 1.049429e+09 6001113
6.499855e-07 1.060601e+09 6002113 1.086676e+09 6002113
6.981145e-08 1.073633e+09 6002114 1.050273e+09 6002113
4.839631e-07 1.050875e+09 6001113 1.02699e+09 6001113
6.595114e-07 1.09462e+09 6003114 1.086872e+09 6003113
3.15101e-06 1.031708e+09 6001114 1.049784e+09 6001113
2.257351e-06 1.052604e+09 6001113 1.057748e+09 6001113
2.767557e-06 1.051469e+09 6001114 1.052298e+09 6001113
3.272081e-06 1.060429e+09 6001114 1.058671e+09 6001113
3.280271e-06 1.089432e+09 6002114 1.066924e+09 6002113
8.069776e-08 1.043619e+09 6001113 1.057439e+09 6001113
3.124712e-06 1.041855e+09 6001113 1.02657e+09 6001113
1.104631e-06 1.094698e+09 6003114 1.081949e+09 6003113
4.057195e-06 1.048804e+09 6001114 1.053327e+09 6001113
3.331545e-06 1.059842e+09 6001113 1.053526e+09 6001113
3.311205e-06 1.092033e+09 6002114 1.083111e+09 6002113
2.591941e-06 1.063134e+09 6001114 1.039391e+09 6001113
3.024523e-06 1.022629e+09 6001113 1.04175e+09 6001113
2.920016e-06 1.07331e+09 6002113 1.087319e+09 6002113
3.131243e-06 1.103346e+09 6003114 1.084676e+09 6003113
2.778599e-06 1.084213e+09 6002113 1.084108e+09 6002113
3.305089e-06 1.044225e+09 6001113 1.060468e+09 6001113
2.373365e-08 1.02354e+09 6001114 1.049548e+09 6001113
2.262675e-06 1.059502e+09 6001114 1.035877e+09 6001113
4.121393e-07 1.020784e+09 6001113 1.043529e+09 6001113
2.138226e-06 1.076631e+09 6002113 1.082975e+09 6002113
3.354762e-06 1.084362e+09 6002113 1.088082e+09 6002113
3.335662e-06 1.046628e+09 6001113 1.047911e+09 6001113
3.311832e-06 1.048528e+09 6001113 1.058779e+09 6001113
2.858486e-06 1.079276e+09 6002114 1.06803e+09 6002113
3.956936e-06 1.061439e+09 6001114 1.041992e+09 6001113
3.239734e-06 1.04861e+09 6001113 1.031328e+09 6001113
3.354762e-06 1.08716e+09 6002114 1.046231e+09 6002113
3.291022e-06 1.044493e+09 6001113 1.051233e+09 6001113
3.023195e-06 1.073899e+09 6002114 1.086032e+09 6002113
3.354762e-06 1.025674e+09 6001113 1.071194e+09 6001113
3.36403e-06 1.082469e+09 6002113 1.083106e+09 6002113
4.095175e-06 1.074141e+09 6001113 1.026476e+09 6001113
3.00132e-06 1.081148e+09 6002114 1.066999e+09 6002113
4.41165e-06 1.060733e+09 6002113 1.067179e+09 6002113
9.334816e-07 1.112148e+09 6003114 1.065914e+09 6003113
3.160574e-06 1.05996e+09 6001113 1.005789e+09 6001113
1.27193e-08 1.071015e+09 6002113 1.06792e+09 6002113
1.890684e-06 1.115956e+09 6003113 1.06263e+09 6003113
3.127688e-06 1.026309e+09 6001114 1.059079e+09 6001113
3.00132e-06 1.093381e+09 6002114 1.041153e+09 6002113
3.272081e-06 1.05516e+09 6001113 1.023654e+09 6001113
3.893042e-06 1.075565e+09 6002113 1.047872e+09 6002113
4.632458e-06 1.044401e+09 6001113 1.060514e+09 6001113
3.15068e-06 1.086046e+09 6002114 1.06847e+09 6002113
2.863025e-06 1.089521e+09 6002114 1.075323e+09 6002113
1.332189e-07 1.046905e+09 6001113 1.057736e+09 6001113
3.893042e-06 1.019935e+09 6001114 1.043421e+09 6001113
3.13803e-06 1.050598e+09 6001114 1.049564e+09 6001113
3.206112e-06 1.049288e+09 6001114 1.050277e+09 6001113
2.858486e-06 1.055984e+09 6002113 1.073599e+09 6002113
1.907942e-06 1.082456e+09 6003114 1.083506e+09 6003113
3.016217e-06 1.070526e+09 6002113 1.061705e+09 6002113
3.124712e-06 1.049316e+09 6001114 1.057103e+09 6001113
2.742458e-06 1.077332e+09 6002114 1.058872e+09 6002113
1.367747e-08 1.058998e+09 6001114 1.047467e+09 6001113
3.206112e-06 1.073708e+09 6002113 1.084583e+09 6002113
3.080574e-06 1.026562e+09 6001113 1.045191e+09 6001113
3.281938e-06 1.049865e+09 6001113 1.039185e+09 6001113
3.825809e-06 1.107723e+09 6003113 1.075759e+09 6003113
3.280271e-06 1.074769e+09 6001113 1.060647e+09 6001113
2.733495e-07 1.079363e+09 6002113 1.092654e+09 6002113
2.852323e-06 1.051931e+09 6001113 1.016955e+09 6001113
2.863025e-06 1.066607e+09 6001114 1.03283e+09 6001113
2.021658e-06 1.078142e+09 6002114 1.041706e+09 6002113
2.414554e-07 1.019368e+09 6001114 1.046111e+09 6001113
2.866552e-06 1.046145e+09 6001114 1.01611e+09 6001113
2.786788e-06 1.055475e+09 6001114 1.028973e+09 6001113
1.332189e-07 1.048829e+09 6001113 1.066566e+09 6001113
3.024523e-06 1.061457e+09 6001113 1.059832e+09 6001113
2.778599e-06 1.104015e+09 6003114 1.080924e+09 6003113
3.162566e-06 1.049752e+09 6001114 1.029382e+09 6001113
2.262675e-06 1.043557e+09 6001113 1.048682e+09 6001113
4.890778e-06 1.064658e+09 6001113 1.048254e+09 6001113
3.272081e-06 1.040677e+09 6001113 1.056909e+09 6001113
2.956933e-06 1.051599e+09 6001114 1.061221e+09 6001113
3.354762e-06 1.079502e+09 6002113 1.077256e+09 6002113
3.305089e-06 1.049597e+09 6001113 1.020391e+09 6001113
3.36403e-06 1.082468e+09 6002113 1.06338e+09 6002113
2.756482e-06 1.081923e+09 6002113 1.057345e+09 6002113
3.281938e-06 1.067748e+09 6002113 1.082242e+09 6002113
2.765883e-06 1.052677e+09 6001113 1.027752e+09 6001113
2.538811e-06 1.059972e+09 6001114 1.070004e+09 6001113
3.127688e-06 1.084066e+09 6002114 1.075378e+09 6002113
3.127688e-06 1.045844e+09 6001113 1.050449e+09 6001113
3.305089e-06 1.060915e+09 6001113 1.050288e+09 6001113
2.852323e-06 1.049571e+09 6001114 1.061587e+09 6001113
3.214167e-06 1.077055e+09 6002114 1.068291e+09 6002113
2.765883e-06 1.072239e+09 6002113 1.084782e+09 6002113
2.562053e-08 1.082253e+09 6003113 1.086084e+09 6003113
2.696308e-06 1.0449e+09 6001114 1.062287e+09 6001113
2.852323e-06 1.060864e+09 6001114 1.008976e+09 6001113
3.214167e-06 1.059701e+09 6001113 1.026275e+09 6001113
3.475953e-06 1.084008e+09 6002113 1.069176e+09 6002113
3.15068e-06 1.038465e+09 6001113 1.067711e+09 6001113
3.893042e-06 1.059468e+09 6002113 1.089786e+09 6002113
2.902161e-06 1.058617e+09 6002114 1.076184e+09 6002113
2.865752e-06 1.072059e+09 6002114 1.076244e+09 6002113
3.331545e-06 1.078249e+09 6002114 1.071401e+09 6002113
3.162566e-06 1.033549e+09 6001113 1.049062e+09 6001113
3.131243e-06 1.083177e+09 6002113 1.069741e+09 6002113
1.743512e-07 1.056204e+09 6001113 1.04469e+09 6001113
9.057274e-07 1.053083e+09 6001113 1.042794e+09 6001113
2.021658e-06 1.088849e+09 6003114 1.053682e+09 6003113
5.961117e-07 1.073361e+09 6002113 1.07862e+09 6002113
4.768107e-08 1.075071e+09 6002113 1.034993e+09 6002113
3.206112e-06 1.049387e+09 6001113 1.043091e+09 6001113
3.160574e-06 1.058187e+09 6001114 1.059406e+09 6001113
3.272081e-06 1.047014e+09 6001114 1.02794e+09 6001113
2.742458e-06 1.108133e+09 6003113 1.07376e+09 6003113
2.956933e-06 1.061256e+09 6002113 1.072405e+09 6002113
3.021295e-06 1.070425e+09 6002113 1.069755e+09 6002113
3.245364e-06 1.072952e+09 6002113 1.095733e+09 6002113
3.36403e-06 1.031067e+09 6001113 1.056392e+09 6001113
2.489347e-06 1.085509e+09 6002113 1.05622e+09 6002113
3.311205e-06 1.103169e+09 6003114 1.091952e+09 6003113
2.138226e-06 1.026397e+09 6001114 1.054525e+09 6001113
3.354762e-06 1.045477e+09 6001114 1.03408e+09 6001113
2.852323e-06 1.032879e+09 6002114 1.074198e+09 6002113
2.767557e-06 1.050271e+09 6001114 1.060459e+09 6001113
3.080574e-06 1.054677e+09 6002113 1.065566e+09 6002113
4.542481e-06 1.082457e+09 6002113 1.083333e+09 6002113
3.26893e-06 1.062637e+09 6002113 1.042316e+09 6002113
4.890778e-06 1.069984e+09 6002113 1.077862e+09 6002113
3.160574e-06 1.059038e+09 6002113 1.047183e+09 6002113
3.15068e-06 1.050384e+09 6001114 1.052182e+09 6001113
6.595114e-07 1.0385e+09 6001113 1.041564e+09 6001113
3.825809e-06 1.046626e+09 6001114 1.048722e+09 6001113
3.046714e-06 1.056185e+09 6001114 1.057459e+09 6001113
2.275223e-06 1.092863e+09 6002114 1.073975e+09 6002113
4.346921e-07 1.062472e+09 6001113 1.043208e+09 6001113
3.264366e-06 1.098918e+09 6003113 1.092398e+09 6003113
2.821711e-06 1.084228e+09 6002114 1.061008e+09 6002113
2.959579e-06 1.077674e+09 6002113 1.074449e+09 6002113
3.016217e-06 1.068164e+09 6002113 1.053053e+09 6002113
3.206112e-06 1.074249e+09 6002113 1.086073e+09 6002113
2.858486e-06 1.061628e+09 6001114 1.038269e+09 6001113
3.124712e-06 1.03079e+09 6001113 1.041647e+09 6001113
3.354762e-06 1.068914e+09 6002114 1.066062e+09 6002113
2.920016e-06 1.067886e+09 6002114 1.033224e+09 6002113
4.41165e-06 1.054096e+09 6001114 1.070685e+09 6001113
2.852323e-06 1.090501e+09 6002114 1.070248e+09 6002113
2.257351e-06 1.03963e+09 6001113 1.058382e+09 6001113
2.865752e-06 1.03397e+09 6001113 1.053174e+09 6001113
3.173568e-06 1.092825e+09 6002114 1.08504e+09 6002113
3.00132e-06 1.042156e+09 6001113 1.040839e+09 6001113
1.322554e-06 1.080574e+09 6002114 1.054133e+09 6002113
3.046714e-06 1.061757e+09 6001114 1.051218e+09 6001113
3.893042e-06 1.07585e+09 6002113 1.056706e+09 6002113
3.160574e-06 1.048637e+09 6001113 9.846707e+08 6001113
3.162566e-06 1.052137e+09 6001113 1.042066e+09 6001113
3.131243e-06 1.061676e+09 6001113 1.050465e+09 6001113
4.608003e-07 1.027421e+09 6002114 1.090413e+09 6002113
2.151219e-06 1.055293e+09 6001113 1.033347e+09 6001113
2.756482e-06 1.07925e+09 6002114 1.066539e+09 6002113
3.245364e-06 1.006516e+09 6001113 1.028986e+09 6001113
2.742458e-06 1.03308e+09 6001113 1.051936e+09 6001113
3.335662e-06 1.065182e+09 6001113 1.03236e+09 6001113
3.354762e-06 1.073394e+09 6001113 1.062482e+09 6001113
1.424261e-06 1.053167e+09 6001113 1.055046e+09 6001113
3.291022e-06 1.04054e+09 6001113 1.064311e+09 6001113
3.264366e-06 1.06013e+09 6002114 1.083896e+09 6002113
3.281938e-06 1.057275e+09 6001113 1.046338e+09 6001113
3.173568e-06 1.025355e+09 6001114 1.047366e+09 6001113
3.024523e-06 1.038376e+09 6001113 1.05571e+09 6001113
3.021295e-06 1.062457e+09 6001114 1.06072e+09 6001113
3.264366e-06 1.084523e+09 6002113 1.09068e+09 6002113
3.291022e-06 1.048793e+09 6001113 1.026728e+09 6001113
4.41165e-06 1.106572e+09 6003114 1.08629e+09 6003113
2.591941e-06 1.05318e+09 6001113 1.04545e+09 6001113
3.380682e-06 1.051804e+09 6001113 1.063969e+09 6001113
2.858486e-06 1.044807e+09 6002113 1.08238e+09 6002113
3.311832e-06 1.027345e+09 6002113 1.070033e+09 6002113
1.292551e-06 1.081601e+09 6002114 1.083495e+09 6002113
2.821105e-06 1.042884e+09 6001113 1.055629e+09 6001113
4.019295e-06 1.05793e+09 6002114 1.075351e+09 6002113
2.956933e-06 1.05262e+09 6001113 1.046537e+09 6001113
4.095175e-06 1.041381e+09 6001113 1.047016e+09 6001113
3.305089e-06 1.055619e+09 6001113 1.027836e+09 6001113
3.331545e-06 1.059512e+09 6001113 1.027789e+09 6001113
3.214167e-06 1.084544e+09 6003114 1.048904e+09 6003113
3.009484e-06 1.077929e+09 6002113 1.087742e+09 6002113
3.127688e-06 1.053929e+09 6001113 1.062765e+09 6001113
2.821105e-06 1.011622e+09 6001113 1.061393e+09 6001113
2.765883e-06 1.132832e+09 6003114 1.074615e+09 6003113
6.595114e-07 1.038266e+09 6001113 1.024135e+09 6001113
3.270804e-06 1.032528e+09 6001114 1.034677e+09 6001113
2.778599e-06 1.087701e+09 6002113 1.073897e+09 6002113
3.272081e-06 1.068083e+09 6002114 1.055642e+09 6002113
3.354762e-06 1.040778e+09 6001113 1.058388e+09 6001113
3.753059e-06 1.051617e+09 6002113 1.068255e+09 6002113
3.080574e-06 1.025604e+09 6001113 1.058012e+09 6001113
2.365261e-06 1.053435e+09 6001114 1.043743e+09 6001113
2.863025e-06 1.05583e+09 6001113 1.048766e+09 6001113
2.991417e-06 1.042461e+09 6001113 1.064606e+09 6001113
3.214167e-06 1.117152e+09 6003113 1.070265e+09 6003113
4.264363e-10 1.029324e+09 6001113 1.056378e+09 6001113
3.36403e-06 1.090915e+09 6003113 1.116654e+09 6003113
3.330365e-06 1.07381e+09 6002113 1.060085e+09 6002113
4.839631e-07 1.029912e+09 6001113 1.035166e+09 6001113
2.74405e-06 1.078441e+09 6002113 1.050723e+09 6002113
2.843065e-06 1.052339e+09 6001113 1.058327e+09 6001113
2.275223e-06 1.066294e+09 6002114 1.05277e+09 6002113
2.262675e-06 1.062922e+09 6002113 1.078905e+09 6002113
2.920016e-06 1.057168e+09 6001113 1.039374e+09 6001113
7.454807e-09 1.082806e+09 6002114 1.077209e+09 6002113
3.291022e-06 1.050356e+09 6001113 1.045689e+09 6001113
3.160574e-06 1.033147e+09 6001114 1.047917e+09 6001113
3.311832e-06 1.057426e+09 6001114 1.064269e+09 6001113
2.375505e-06 1.031725e+09 6001113 1.050111e+09 6001113
3.236416e-06 1.077034e+09 6002113 1.088286e+09 6002113
2.756482e-06 1.05191e+09 6001114 1.010682e+09 6001113
2.786099e-06 1.032684e+09 6001113 1.064539e+09 6001113
2.799834e-06 1.090778e+09 6002113 1.082259e+09 6002113
3.016217e-06 1.091461e+09 6002114 1.07958e+09 6002113
2.821105e-06 1.022562e+09 6001113 1.053402e+09 6001113
3.305089e-06 1.084209e+09 6002113 1.083441e+09 6002113
2.777415e-06 1.093962e+09 6002113 1.071639e+09 6002113
3.223271e-06 1.094502e+09 6002114 1.074708e+09 6002113
3.825809e-06 1.041864e+09 6001113 1.067781e+09 6001113
3.430638e-06 1.065452e+09 6001113 1.041841e+09 6001113
3.330365e-06 1.046396e+09 6001113 1.06694e+09 6001113
2.756482e-06 1.087205e+09 6002114 1.027258e+09 6002113
3.311205e-06 1.038716e+09 6001113 1.058841e+09 6001113
3.009484e-06 1.06683e+09 6002114 1.043262e+09 6002113
3.772923e-08 1.033731e+09 6001114 1.067672e+09 6001113
2.414554e-07 1.061412e+09 6002113 1.06883e+09 6002113
3.162566e-06 1.028071e+09 6001114 1.042412e+09 6001113
1.451796e-06 1.117686e+09 6003114 1.057429e+09 6003113
2.767557e-06 1.073793e+09 6002113 1.077898e+09 6002113
3.956936e-06 1.024731e+09 6002113 1.077527e+09 6002113
3.160574e-06 1.098216e+09 6003113 1.083908e+09 6003113
3.173568e-06 1.074442e+09 6002114 1.060887e+09 6002113
2.805327e-06 1.085397e+09 6002113 1.082032e+09 6002113
3.00132e-06 1.074422e+09 6002113 1.040704e+09 6002113
3.046714e-06 1.074181e+09 6002113 1.085004e+09 6002113
4.632458e-06 1.087351e+09 6002113 1.06683e+09 6002113
3.046714e-06 1.082216e+09 6002113 1.025145e+09 6002113
2.591941e-06 1.066115e+09 6002114 1.072005e+09 6002113
3.206112e-06 1.047097e+09 6001113 1.043721e+09 6001113
3.124712e-06 1.070112e+09 6002114 1.061405e+09 6002113
3.009484e-06 1.065867e+09 6001113 1.053275e+09 6001113
3.311205e-06 1.058652e+09 6002114 1.054334e+09 6002113
2.911706e-07 1.082904e+09 6002113 1.071044e+09 6002113
3.146062e-06 1.056e+09 6001114 1.050119e+09 6001113
3.239734e-06 1.048886e+09 6001113 1.060788e+09 6001113
2.021658e-06 1.049904e+09 6001113 1.066047e+09 6001113
2.956933e-06 1.040205e+09 6001113 1.033919e+09 6001113
2.778599e-06 1.074167e+09 6002113 1.075172e+09 6002113
3.264366e-06 1.017573e+09 6001113 1.055441e+09 6001113
3.335662e-06 1.042835e+09 6001114 1.054236e+09 6001113
4.890778e-06 1.072029e+09 6002113 1.078923e+09 6002113
2.852323e-06 1.0775e+09 6002113 1.075604e+09 6002113
1.531043e-06 1.048753e+09 6001113 1.036415e+09 6001113
3.825809e-06 1.051077e+09 6002113 1.083883e+09 6002113
2.487095e-06 1.043779e+09 6001113 1.032074e+09 6001113
3.893042e-06 1.06073e+09 6001113 1.075306e+09 6001113
4.890778e-06 1.074059e+09 6002113 1.08106e+09 6002113
2.863025e-06 1.117958e+09 6003114 1.075586e+09 6003113
2.866552e-06 1.021535e+09 6001113 1.060752e+09 6001113
6.854084e-07 1.043534e+09 6001113 1.057758e+09 6001113
4.41165e-06 1.057695e+09 6001113 1.031838e+09 6001113
3.330365e-06 1.058176e+09 6001114 1.047396e+09 6001113
3.218178e-06 1.048189e+09 6001113 1.037608e+09 6001113
3.007045e-06 1.066575e+09 6002113 1.084914e+09 6002113
2.489347e-06 1.077569e+09 6002113 1.020724e+09 6002113
2.742458e-06 1.057466e+09 6001114 1.026611e+09 6001113
2.538811e-06 1.064354e+09 6001114 1.044856e+09 6001113
2.956933e-06 1.075862e+09 6002114 1.073964e+09 6002113
3.124712e-06 1.041565e+09 6001113 1.051102e+09 6001113
3.311832e-06 1.063204e+09 6001114 1.059872e+09 6001113
2.991417e-06 1.062179e+09 6001113 1.06921e+09 6001113
3.024523e-06 1.049235e+09 6001113 1.064981e+09 6001113
3.15101e-06 1.071494e+09 6002113 1.084241e+09 6002113
1.016414e-06 1.093098e+09 6002114 1.081328e+09 6002113
3.080574e-06 1.06027e+09 6001113 1.046777e+09 6001113
3.430638e-06 1.026029e+09 6001113 1.058083e+09 6001113
3.25557e-06 1.057394e+09 6001114 1.037868e+09 6001113
3.162566e-06 1.043309e+09 6001113 1.064032e+09 6001113
2.881062e-06 1.075478e+09 6002114 1.042822e+09 6002113
4.353096e-06 1.079008e+09 6002113 1.071684e+09 6002113
1.367747e-08 1.058976e+09 6001113 1.070105e+09 6001113
2.959579e-06 1.094287e+09 6002114 1.065984e+09 6002113
2.756482e-06 1.047457e+09 6003113 1.096468e+09 6003113
3.354762e-06 1.058359e+09 6001113 1.060752e+09 6001113
9.734898e-10 1.071198e+09 6002114 1.063911e+09 6002113
2.870111e-06 1.079344e+09 6002113 1.083909e+09 6002113
3.146062e-06 1.066982e+09 6002113 1.051688e+09 6002113
3.245364e-06 1.064085e+09 6002113 1.062321e+09 6002113
8.069776e-08 1.057094e+09 6002113 1.047318e+09 6002113
3.475953e-06 1.055282e+09 6001113 1.055625e+09 6001113
2.067484e-06 1.060747e+09 6001114 1.056359e+09 6001113
3.223271e-06 1.112506e+09 6003113 1.064715e+09 6003113
2.863025e-06 1.082879e+09 6002113 1.072919e+09 6002113
2.742458e-06 1.055511e+09 6001114 1.046897e+09 6001113
2.257351e-06 1.086532e+09 6003113 1.111302e+09 6003113
3.023195e-06 1.055013e+09 6001114 1.055795e+09 6001113
4.019295e-06 1.057882e+09 6001113 1.042507e+09 6001113
2.799834e-06 1.074073e+09 6002113 1.077558e+09 6002113
3.330365e-06 1.053207e+09 6001114 1.057931e+09 6001113
2.257351e-06 1.082139e+09 6002113 1.0938e+09 6002113
2.777415e-06 1.091285e+09 6002114 1.076246e+09 6002113
3.893042e-06 1.035413e+09 6001113 1.070395e+09 6001113
2.858486e-06 1.056254e+09 6001113 1.045196e+09 6001113
3.753059e-06 1.03286e+09 6001114 1.044439e+09 6001113
3.023195e-06 1.084187e+09 6002113 1.057188e+09 6002113
3.956936e-06 1.073795e+09 6002113 1.082797e+09 6002113
3.245364e-06 1.067863e+09 6001114 1.048593e+09 6001113
2.756482e-06 1.067802e+09 6002113 1.076602e+09 6002113
3.046714e-06 1.055836e+09 6001113 1.054539e+09 6001113
2.865752e-06 1.079292e+09 6002114 1.077025e+09 6002113
2.603827e-06 1.042658e+09 6001113 1.034538e+09 6001113
3.354762e-06 1.082172e+09 6003113 1.105505e+09 6003113
4.608003e-07 1.051241e+09 6001114 1.054931e+09 6001113
2.756482e-06 1.041123e+09 6001113 1.066295e+09 6001113
2.991417e-06 1.066551e+09 6002114 1.03368e+09 6002113
2.991417e-06 1.033431e+09 6001114 1.050291e+09 6001113
3.009484e-06 1.079706e+09 6002113 1.063068e+09 6002113
2.262675e-06 1.053755e+09 6001113 1.065006e+09 6001113
8.55683e-07 1.057351e+09 6002114 1.065016e+09 6002113
6.981145e-08 1.060421e+09 6001113 1.016355e+09 6001113
3.26893e-06 1.10243e+09 6003114 1.075869e+09 6003113
2.151219e-06 1.050886e+09 6001113 1.05179e+09 6001113
3.024523e-06 1.055835e+09 6001114 1.060372e+09 6001113
3.305089e-06 1.036832e+09 6001113 1.039595e+09 6001113
3.009484e-06 1.048789e+09 6001114 1.050458e+09 6001113
2.805327e-06 1.038844e+09 6001113 1.062217e+09 6001113
3.335662e-06 1.024069e+09 6001114 1.05815e+09 6001113
3.239734e-06 1.048075e+09 6001113 1.032628e+09 6001113
1.016414e-06 1.084551e+09 6002113 1.095556e+09 6002113
