1.131972e-06 1.084514e+09 6002113 1.108722e+09 6002113
9.772041e-07 1.115301e+09 6002113 1.108188e+09 6002113
1.042351e-06 1.098831e+09 6002113 1.094939e+09 6002113
1.042351e-06 1.116874e+09 6002113 1.110052e+09 6002113
1.029232e-06 1.13719e+09 6003114 1.116165e+09 6003113
1.231696e-06 1.110437e+09 6003113 1.149822e+09 6003113
1.21797e-06 1.117369e+09 6002114 1.109428e+09 6002113
1.186148e-06 1.083834e+09 6002114 1.116255e+09 6002113
9.727433e-07 1.121489e+09 6002113 1.070129e+09 6002113
1.038023e-06 1.143361e+09 6003113 1.104599e+09 6003113
1.287502e-06 1.111669e+09 6002114 1.099744e+09 6002113
4.145628e-07 1.111637e+09 6002113 1.116841e+09 6002113
6.660138e-07 1.108009e+09 6002113 1.120769e+09 6002113
1.034495e-06 1.062965e+09 6001113 1.102087e+09 6001113
1.203239e-06 1.117205e+09 6002113 1.102708e+09 6002113
1.704772e-06 1.113083e+09 6002113 1.083436e+09 6002113
1.225101e-06 1.107687e+09 6003113 1.128499e+09 6003113
2.334643e-07 1.126643e+09 6003114 1.101945e+09 6003113
1.034495e-06 1.117914e+09 6002113 1.111103e+09 6002113
1.12853e-06 1.106635e+09 6002113 1.056784e+09 6002113
1.240384e-06 1.12259e+09 6003113 1.124892e+09 6003113
1.655671e-06 1.108766e+09 6002114 1.116307e+09 6002113
4.145628e-07 1.113291e+09 6002114 1.11226e+09 6002113
1.2218e-06 1.111566e+09 6002113 1.123991e+09 6002113
1.191025e-06 1.082235e+09 6002114 1.119448e+09 6002113
1.011912e-06 1.097144e+09 6002114 1.118152e+09 6002113
1.07448e-06 1.121622e+09 6003113 1.137498e+09 6003113
7.160418e-07 1.107484e+09 6002113 1.099563e+09 6002113
1.268754e-06 1.114375e+09 6002113 1.101335e+09 6002113
1.182559e-06 1.115889e+09 6002114 1.109253e+09 6002113
1.134591e-06 1.107247e+09 6002113 1.107334e+09 6002113
1.092749e-07 1.124143e+09 6002113 1.110673e+09 6002113
1.268754e-06 1.095243e+09 6002114 1.122056e+09 6002113
1.214611e-06 1.098908e+09 6002114 1.1098e+09 6002113
1.203239e-06 1.114148e+09 6002113 1.092149e+09 6002113
8.471732e-07 1.102056e+09 6002113 1.087816e+09 6002113
1.07448e-06 1.125515e+09 6003113 1.133974e+09 6003113
1.07448e-06 1.119683e+09 6002113 1.105753e+09 6002113
1.242679e-06 1.141297e+09 6003114 1.120466e+09 6003113
1.191025e-06 1.122205e+09 6003113 1.113013e+09 6003113
1.038023e-06 1.123002e+09 6002113 1.099731e+09 6002113
1.407772e-06 1.111577e+09 6002114 1.124101e+09 6002113
4.256807e-07 1.106099e+09 6002113 1.11671e+09 6002113
2.334643e-07 1.116649e+09 6003113 1.144751e+09 6003113
5.588579e-09 1.121641e+09 6003114 1.104867e+09 6003113
1.631379e-07 1.112518e+09 6002113 1.070024e+09 6002113
3.895798e-07 1.095316e+09 6003114 1.118787e+09 6003113
1.242679e-06 1.119925e+09 6002113 1.118282e+09 6002113
1.133878e-06 1.136205e+09 6003114 1.113292e+09 6003113
9.33395e-07 1.11894e+09 6002113 1.118928e+09 6002113
1.407772e-06 1.121874e+09 6003113 1.123016e+09 6003113
1.209678e-06 1.106689e+09 6002113 1.117715e+09 6002113
2.572305e-07 1.116887e+09 6002113 1.110298e+09 6002113
1.156125e-06 1.091807e+09 6002114 1.098419e+09 6002113
1.17269e-06 1.115319e+09 6002113 1.076611e+09 6002113
1.262504e-06 1.111146e+09 6002113 1.100348e+09 6002113
1.029232e-06 1.107622e+09 6002113 1.105468e+09 6002113
1.206262e-06 1.108269e+09 6002114 1.105575e+09 6002113
1.250313e-06 1.107625e+09 6003113 1.140874e+09 6003113
1.011912e-06 1.110121e+09 6002113 1.096349e+09 6002113
2.334643e-07 1.075354e+09 6002113 1.117772e+09 6002113
1.175141e-06 1.091931e+09 6002114 1.117617e+09 6002113
1.46104e-06 1.114067e+09 6003113 1.131018e+09 6003113
1.131972e-06 1.120017e+09 6002113 1.11731e+09 6002113
1.182435e-06 1.125627e+09 6003113 1.124173e+09 6003113
1.110716e-06 1.098483e+09 6002113 1.11666e+09 6002113
1.287502e-06 1.073099e+09 6002114 1.113085e+09 6002113
1.287502e-06 1.120137e+09 6003114 1.125296e+09 6003113
1.042351e-06 1.118751e+09 6002113 1.0931e+09 6002113
1.134591e-06 1.103661e+09 6002114 1.111487e+09 6002113
5.724733e-08 1.121669e+09 6003114 1.110573e+09 6003113
1.182435e-06 1.109361e+09 6002113 1.122944e+09 6002113
1.04561e-06 1.119391e+09 6003113 1.130005e+09 6003113
7.160418e-07 1.107983e+09 6003113 1.122776e+09 6003113
1.156125e-06 1.084533e+09 6002113 1.109749e+09 6002113
5.345185e-07 1.142242e+09 6003114 1.123235e+09 6003113
1.135089e-06 1.10925e+09 6003113 1.130123e+09 6003113
1.081249e-06 1.101523e+09 6002113 1.11756e+09 6002113
1.435808e-06 1.117667e+09 6002113 1.11152e+09 6002113
1.075803e-06 1.120095e+09 6003113 1.125557e+09 6003113
1.21797e-06 1.120645e+09 6002113 1.123161e+09 6002113
3.211338e-07 1.072162e+09 6002114 1.111069e+09 6002113
1.133878e-06 1.109088e+09 6002114 1.11354e+09 6002113
1.04561e-06 1.13107e+09 6003114 1.112845e+09 6003113
1.81629e-07 1.132821e+09 6003113 1.111323e+09 6003113
1.207767e-06 1.122191e+09 6003113 1.126118e+09 6003113
8.223573e-09 1.107529e+09 6002113 1.124222e+09 6002113
1.242679e-06 1.105003e+09 6002113 1.10917e+09 6002113
7.095649e-07 1.105644e+09 6002114 1.109807e+09 6002113
1.729362e-07 1.113997e+09 6002113 1.107829e+09 6002113
5.735005e-07 1.123832e+09 6002113 1.090249e+09 6002113
1.177688e-06 1.074486e+09 6002114 1.115787e+09 6002113
1.5369e-06 1.149008e+09 6003114 1.119999e+09 6003113
1.251858e-06 1.066209e+09 6002114 1.114334e+09 6002113
7.028519e-08 1.110632e+09 6003114 1.107588e+09 6003113
1.633696e-06 1.144214e+09 6003114 1.119908e+09 6003113
1.075503e-06 1.115466e+09 6002113 1.082199e+09 6002113
1.052826e-06 1.115893e+09 6003113 1.108521e+09 6003113
8.024662e-07 1.083997e+09 6002114 1.118063e+09 6002113
1.250313e-06 1.107482e+09 6002113 1.110306e+09 6002113
4.999644e-08 1.088097e+09 6002114 1.111324e+09 6002113
1.225101e-06 1.122945e+09 6002113 1.103977e+09 6002113
1.231696e-06 1.149761e+09 6003113 1.110023e+09 6003113
8.073423e-07 1.111915e+09 6003113 1.107546e+09 6003113
1.242915e-06 1.093873e+09 6002114 1.113896e+09 6002113
1.186148e-06 1.125579e+09 6002114 1.115547e+09 6002113
1.04561e-06 1.089397e+09 6002114 1.116103e+09 6002113
1.231696e-06 1.085145e+09 6002113 1.110082e+09 6002113
4.860826e-10 1.149508e+09 6003114 1.116544e+09 6003113
1.182435e-06 1.118118e+09 6003113 1.142536e+09 6003113
1.242679e-06 1.10319e+09 6002113 1.102489e+09 6002113
9.772041e-07 1.108743e+09 6002113 1.108313e+09 6002113
1.250313e-06 1.10566e+09 6002114 1.105255e+09 6002113
1.025868e-07 1.108681e+09 6003113 1.135051e+09 6003113
1.633696e-06 1.10753e+09 6002114 1.108244e+09 6002113
8.073423e-07 1.12812e+09 6003113 1.110606e+09 6003113
1.23107e-06 1.112993e+09 6002114 1.109458e+09 6002113
1.011912e-06 1.120986e+09 6003113 1.134483e+09 6003113
1.212459e-06 1.125481e+09 6002113 1.122109e+09 6002113
1.070463e-06 1.101604e+09 6003114 1.120882e+09 6003113
1.599889e-06 1.118975e+09 6003113 1.114291e+09 6003113
3.814553e-07 1.113515e+09 6002113 1.105067e+09 6002113
1.242915e-06 1.127865e+09 6003113 1.111869e+09 6003113
1.070463e-06 1.121089e+09 6002114 1.117179e+09 6002113
1.225101e-06 1.099099e+09 6002113 1.128486e+09 6002113
1.072776e-06 1.084523e+09 6002113 1.114679e+09 6002113
4.963481e-07 1.121305e+09 6003113 1.152395e+09 6003113
1.508422e-06 1.093703e+09 6002114 1.107892e+09 6002113
1.182559e-06 1.119722e+09 6002114 1.101167e+09 6002113
1.250313e-06 1.114743e+09 6002114 1.120347e+09 6002113
1.182435e-06 1.099549e+09 6002113 1.128553e+09 6002113
1.209678e-06 1.079911e+09 6002113 1.104591e+09 6002113
1.081249e-06 1.110205e+09 6003114 1.113412e+09 6003113
7.028519e-08 1.129444e+09 6003113 1.132272e+09 6003113
1.066989e-06 1.085124e+09 6002114 1.112137e+09 6002113
5.448522e-07 1.111097e+09 6002113 1.098276e+09 6002113
7.095649e-07 1.114511e+09 6002114 1.110895e+09 6002113
1.235105e-06 1.114632e+09 6003113 1.121503e+09 6003113
8.915158e-07 1.092248e+09 6002113 1.10965e+09 6002113
1.21797e-06 1.100111e+09 6003114 1.12106e+09 6003113
1.191025e-06 1.098478e+09 6002114 1.112008e+09 6002113
1.235105e-06 1.128775e+09 6003113 1.109006e+09 6003113
1.042351e-06 1.108235e+09 6002114 1.106582e+09 6002113
1.075803e-06 1.115248e+09 6002114 1.113274e+09 6002113
1.262504e-06 1.120033e+09 6003113 1.148012e+09 6003113
1.052826e-06 1.116561e+09 6002113 1.104782e+09 6002113
6.660138e-07 1.094233e+09 6002113 1.110046e+09 6002113
1.011912e-06 1.120777e+09 6002113 1.120798e+09 6002113
8.538804e-07 1.102083e+09 6002113 1.102652e+09 6002113
8.876714e-07 1.104366e+09 6002113 1.085962e+09 6002113
1.250313e-06 1.133762e+09 6003113 1.115899e+09 6003113
8.073423e-07 1.104938e+09 6002113 1.110713e+09 6002113
1.177688e-06 1.129209e+09 6003114 1.113975e+09 6003113
1.227997e-06 1.129568e+09 6003113 1.107889e+09 6003113
1.052826e-06 1.099733e+09 6002113 1.043688e+09 6002113
1.631379e-07 1.115102e+09 6003113 1.137658e+09 6003113
1.131972e-06 1.099273e+09 6002113 1.109047e+09 6002113
8.073423e-07 1.109955e+09 6002113 1.109446e+09 6002113
7.587186e-07 1.120039e+09 6002113 1.122032e+09 6002113
1.095868e-06 1.110681e+09 6002113 1.093024e+09 6002113
1.052826e-06 1.109294e+09 6002113 1.094688e+09 6002113
1.2218e-06 1.143502e+09 6003114 1.114644e+09 6003113
1.042351e-06 1.127902e+09 6003113 1.142926e+09 6003113
1.075803e-06 1.095867e+09 6002114 1.113317e+09 6002113
8.915158e-07 1.104512e+09 6002113 1.084899e+09 6002113
6.745332e-07 1.123052e+09 6002113 1.075343e+09 6002113
1.215857e-06 1.114352e+09 6003113 1.137423e+09 6003113
1.081249e-06 1.116684e+09 6002113 1.108199e+09 6002113
1.177688e-06 1.107231e+09 6002113 1.110721e+09 6002113
1.038651e-06 1.062756e+09 6002114 1.113364e+09 6002113
8.491714e-07 1.095101e+09 6002114 1.112944e+09 6002113
1.07448e-06 1.108253e+09 6002113 1.093111e+09 6002113
2.334643e-07 1.0993e+09 6002114 1.115041e+09 6002113
1.215857e-06 1.07078e+09 6002114 1.109026e+09 6002113
1.133878e-06 1.088865e+09 6002113 1.107921e+09 6002113
1.182435e-06 1.101102e+09 6002114 1.123078e+09 6002113
7.095649e-07 1.105168e+09 6002113 1.110366e+09 6002113
1.21797e-06 1.114236e+09 6002113 1.102034e+09 6002113
1.435808e-06 1.117556e+09 6002113 1.101251e+09 6002113
1.07448e-06 1.137619e+09 6003114 1.112233e+09 6003113
1.092749e-07 1.121326e+09 6003113 1.144872e+09 6003113
1.058975e-06 1.1046e+09 6002113 1.100527e+09 6002113
7.160418e-07 1.132957e+09 6003114 1.123191e+09 6003113
1.203239e-06 1.111062e+09 6002114 1.116595e+09 6002113
1.07448e-06 1.108161e+09 6002113 1.084966e+09 6002113
1.207767e-06 1.107889e+09 6003114 1.123641e+09 6003113
1.235105e-06 1.135902e+09 6003114 1.112452e+09 6003113
7.692569e-07 1.10861e+09 6003114 1.120247e+09 6003113
1.122664e-06 1.111428e+09 6002113 1.093281e+09 6002113
1.225101e-06 1.103945e+09 6002114 1.102524e+09 6002113
1.304509e-06 1.1095e+09 6002113 1.100093e+09 6002113
1.207767e-06 1.120972e+09 6002113 1.111662e+09 6002113
9.342401e-07 1.12908e+09 6002113 1.10198e+09 6002113
8.024662e-07 1.091499e+09 6002113 1.10825e+09 6002113
7.587186e-07 1.1438e+09 6003113 1.107879e+09 6003113
4.256807e-07 1.118435e+09 6003113 1.140882e+09 6003113
1.159025e-07 1.09147e+09 6002114 1.117642e+09 6002113
1.109723e-06 1.099975e+09 6002114 1.118692e+09 6002113
1.042795e-06 1.120095e+09 6003113 1.149745e+09 6003113
1.227997e-06 1.118645e+09 6003113 1.138512e+09 6003113
2.237179e-07 1.10895e+09 6002113 1.116351e+09 6002113
1.631379e-07 1.111264e+09 6002113 1.106532e+09 6002113
1.042351e-06 1.100182e+09 6001113 1.097418e+09 6001113
1.46104e-06 1.100615e+09 6002114 1.106555e+09 6002113
1.075503e-06 1.114682e+09 6002113 1.065682e+09 6002113
1.042795e-06 1.117697e+09 6002114 1.113898e+09 6002113
1.038651e-06 1.101447e+09 6002113 1.132674e+09 6002113
1.126381e-06 1.064254e+09 6002113 1.119931e+09 6002113
1.485019e-06 1.10795e+09 6002113 1.120319e+09 6002113
1.191025e-06 1.096847e+09 6003113 1.124356e+09 6003113
1.575658e-06 1.116349e+09 6002113 1.101046e+09 6002113
1.212459e-06 1.094604e+09 6002114 1.104751e+09 6002113
1.21797e-06 1.088138e+09 6002114 1.110675e+09 6002113
1.058975e-06 1.11054e+09 6002113 1.1216e+09 6002113
1.287502e-06 1.117927e+09 6002113 1.12055e+09 6002113
1.122664e-06 1.113055e+09 6003113 1.130812e+09 6003113
1.109723e-06 1.141075e+09 6003114 1.119447e+09 6003113
1.214611e-06 1.111e+09 6002113 1.110999e+09 6002113
1.081249e-06 1.14074e+09 6003113 1.119398e+09 6003113
8.915158e-07 1.071948e+09 6002113 1.101829e+09 6002113
1.485019e-06 1.106831e+09 6002113 1.107541e+09 6002113
1.133878e-06 1.125233e+09 6002113 1.114823e+09 6002113
4.860826e-10 1.106013e+09 6002113 1.11459e+09 6002113
1.175141e-06 1.112573e+09 6002113 1.109656e+09 6002113
1.173807e-06 1.106099e+09 6002113 1.097863e+09 6002113
5.448522e-07 1.108194e+09 6002113 1.084062e+09 6002113
1.109723e-06 1.115764e+09 6002114 1.117362e+09 6002113
1.250313e-06 1.11318e+09 6002114 1.104025e+09 6002113
1.045868e-06 1.110121e+09 6003113 1.140931e+09 6003113
1.17269e-06 1.101609e+09 6002113 1.113994e+09 6002113
1.575658e-06 1.124457e+09 6002114 1.122031e+09 6002113
1.268754e-06 1.113011e+09 6002114 1.115583e+09 6002113
1.207767e-06 1.115371e+09 6003113 1.146571e+09 6003113
1.214136e-08 1.125941e+09 6003113 1.129309e+09 6003113
1.109723e-06 1.080338e+09 6001113 1.109918e+09 6001113
1.259026e-06 1.104146e+09 6003113 1.145314e+09 6003113
1.072776e-06 1.104776e+09 6002113 1.123279e+09 6002113
1.214611e-06 1.108197e+09 6002113 1.117309e+09 6002113
1.41596e-08 1.121189e+09 6002113 1.096486e+09 6002113
1.135089e-06 1.117749e+09 6003114 1.124728e+09 6003113
2.475115e-07 1.098062e+09 6002113 1.116325e+09 6002113
1.034495e-06 1.090053e+09 6002113 1.104264e+09 6002113
2.795979e-08 1.113009e+09 6003114 1.123568e+09 6003113
1.235105e-06 1.140088e+09 6003114 1.115999e+09 6003113
1.408505e-06 1.101251e+09 6002114 1.113006e+09 6002113
1.066989e-06 1.122277e+09 6003113 1.116274e+09 6003113
1.5369e-06 1.133417e+09 6003114 1.115429e+09 6003113
1.225101e-06 1.094731e+09 6002113 1.117743e+09 6002113
9.528038e-07 1.09293e+09 6002113 1.106277e+09 6002113
6.543317e-08 1.097099e+09 6002113 1.11302e+09 6002113
1.058747e-06 1.105889e+09 6002114 1.113577e+09 6002113
1.126381e-06 1.119427e+09 6002113 1.117689e+09 6002113
1.215857e-06 1.093706e+09 6003114 1.10679e+09 6003113
1.122664e-06 1.124846e+09 6003113 1.115994e+09 6003113
9.342401e-07 1.117188e+09 6002113 1.115261e+09 6002113
1.287502e-06 1.067041e+09 6002114 1.108293e+09 6002113
9.727433e-07 1.13477e+09 6003114 1.118995e+09 6003113
1.131972e-06 1.122919e+09 6003113 1.11971e+09 6003113
1.07448e-06 1.143704e+09 6003114 1.111317e+09 6003113
1.109723e-06 1.120974e+09 6002113 1.116166e+09 6002113
1.077139e-06 1.146418e+09 6003114 1.114726e+09 6003113
1.186896e-06 1.116376e+09 6003113 1.113897e+09 6003113
1.070463e-06 1.092415e+09 6002114 1.112067e+09 6002113
1.135089e-06 1.114413e+09 6002114 1.103854e+09 6002113
1.126381e-06 1.115726e+09 6002114 1.12062e+09 6002113
9.772041e-07 1.119177e+09 6003113 1.132201e+09 6003113
9.342401e-07 1.107504e+09 6002113 1.109709e+09 6002113
4.145628e-07 1.101031e+09 6002114 1.107877e+09 6002113
1.133878e-06 1.120154e+09 6003113 1.111218e+09 6003113
8.024662e-07 1.109889e+09 6002114 1.105271e+09 6002113
1.186896e-06 1.142042e+09 6003114 1.123631e+09 6003113
1.186896e-06 1.11302e+09 6002113 1.099149e+09 6002113
1.156125e-06 1.118497e+09 6002113 1.118654e+09 6002113
1.077139e-06 1.10909e+09 6002113 1.104611e+09 6002113
1.23107e-06 1.076256e+09 6002114 1.106385e+09 6002113
1.259026e-06 1.113929e+09 6002113 1.083369e+09 6002113
1.042351e-06 1.090236e+09 6002113 1.109207e+09 6002113
1.242915e-06 1.11195e+09 6002114 1.111819e+09 6002113
1.212459e-06 1.119884e+09 6002113 1.100473e+09 6002113
1.07448e-06 1.11421e+09 6002113 1.120429e+09 6002113
1.229504e-07 1.114968e+09 6002113 1.102555e+09 6002113
1.73854e-06 1.114866e+09 6003113 1.12296e+09 6003113
1.042351e-06 1.090169e+09 6002113 1.106052e+09 6002113
1.126381e-06 1.130091e+09 6003113 1.125919e+09 6003113
1.029829e-06 1.067252e+09 6002114 1.117559e+09 6002113
1.159025e-07 1.121192e+09 6002113 1.083993e+09 6002113
2.412395e-08 1.066935e+09 6002114 1.111863e+09 6002113
1.789448e-08 1.109969e+09 6002113 1.092366e+09 6002113
1.227997e-06 1.118122e+09 6003113 1.117541e+09 6003113
1.075803e-06 1.116304e+09 6002113 1.115909e+09 6002113
1.025868e-07 1.120729e+09 6002113 1.102516e+09 6002113
1.227997e-06 1.125955e+09 6003113 1.149411e+09 6003113
1.04561e-06 1.138934e+09 6003113 1.121076e+09 6003113
1.07448e-06 1.122168e+09 6002114 1.109442e+09 6002113
1.122664e-06 1.103175e+09 6002113 1.081042e+09 6002113
1.250313e-06 1.058155e+09 6002114 1.110999e+09 6002113
1.07448e-06 1.112744e+09 6002113 1.095009e+09 6002113
5.745931e-07 1.129782e+09 6003113 1.120988e+09 6003113
9.342401e-07 1.119715e+09 6002113 1.065775e+09 6002113
1.182435e-06 1.115145e+09 6002114 1.104846e+09 6002113
3.103753e-07 1.109422e+09 6003113 1.149667e+09 6003113
1.227517e-06 1.116241e+09 6002113 1.121063e+09 6002113
1.135089e-06 1.117994e+09 6003114 1.111852e+09 6003113
1.050764e-06 1.080841e+09 6002113 1.108123e+09 6002113
1.227997e-06 1.088551e+09 6002113 1.12145e+09 6002113
1.182435e-06 1.111252e+09 6002114 1.109544e+09 6002113
1.835486e-06 1.11321e+09 6002113 1.111857e+09 6002113
1.268754e-06 1.124321e+09 6002114 1.101644e+09 6002113
1.050764e-06 1.101442e+09 6002113 1.117256e+09 6002113
1.075503e-06 1.102365e+09 6002113 1.116814e+09 6002113
1.133878e-06 1.129316e+09 6003114 1.110515e+09 6003113
1.182435e-06 1.1147e+09 6002113 1.108081e+09 6002113
1.089167e-06 1.117736e+09 6003113 1.134297e+09 6003113
2.828404e-07 1.115876e+09 6002114 1.112296e+09 6002113
1.262504e-06 1.111365e+09 6002113 1.121941e+09 6002113
5.745931e-07 1.112153e+09 6002113 1.108134e+09 6002113
1.133878e-06 1.117738e+09 6002113 1.096768e+09 6002113
1.522646e-06 1.125119e+09 6002113 1.104157e+09 6002113
1.5369e-06 1.105398e+09 6002113 1.112546e+09 6002113
1.227517e-06 1.149853e+09 6003113 1.116435e+09 6003113
9.528038e-07 1.084637e+09 6002114 1.117828e+09 6002113
1.81629e-07 1.106365e+09 6002114 1.105825e+09 6002113
1.46104e-06 1.113352e+09 6002113 1.119233e+09 6002113
1.191025e-06 1.115108e+09 6002113 1.094405e+09 6002113
1.304509e-06 1.090673e+09 6002113 1.099856e+09 6002113
1.133878e-06 1.089853e+09 6002114 1.114983e+09 6002113
5.745931e-07 1.125181e+09 6002114 1.107649e+09 6002113
7.095649e-07 1.143162e+09 6003113 1.109652e+09 6003113
1.227997e-06 1.086145e+09 6002114 1.114859e+09 6002113
1.133878e-06 1.116272e+09 6003114 1.119092e+09 6003113
1.182435e-06 1.108084e+09 6003113 1.145686e+09 6003113
5.448522e-07 1.111657e+09 6002113 1.089262e+09 6002113
1.034495e-06 1.131402e+09 6003114 1.11212e+09 6003113
4.145628e-07 1.09462e+09 6002113 1.093842e+09 6002113
1.209678e-06 1.115394e+09 6002113 1.100408e+09 6002113
1.250313e-06 1.107324e+09 6002113 1.076749e+09 6002113
1.227517e-06 1.120565e+09 6002113 1.115416e+09 6002113
1.17269e-06 1.110345e+09 6002114 1.110165e+09 6002113
1.186896e-06 1.145053e+09 6003113 1.116566e+09 6003113
9.772041e-07 1.107733e+09 6002113 1.111417e+09 6002113
1.050764e-06 1.10901e+09 6002113 1.120951e+09 6002113
5.836122e-07 1.117028e+09 6002113 1.119224e+09 6002113
1.17269e-06 1.112123e+09 6003113 1.124206e+09 6003113
1.655671e-06 1.11849e+09 6002113 1.108091e+09 6002113
1.546739e-07 1.104299e+09 6002114 1.109722e+09 6002113
4.497059e-07 1.121568e+09 6002114 1.124961e+09 6002113
1.215857e-06 1.117151e+09 6002113 1.107188e+09 6002113
2.102784e-11 1.133326e+09 6003113 1.137642e+09 6003113
1.045868e-06 1.116411e+09 6003113 1.129699e+09 6003113
1.437036e-06 1.148371e+09 6003114 1.12771e+09 6003113
1.075503e-06 1.149954e+09 6003113 1.124998e+09 6003113
1.225101e-06 1.099666e+09 6002113 1.111693e+09 6002113
1.242915e-06 1.101402e+09 6002113 1.099258e+09 6002113
1.206262e-06 1.102722e+09 6002113 1.113663e+09 6002113
1.175141e-06 1.128702e+09 6002114 1.10795e+09 6002113
1.215857e-06 1.127471e+09 6003114 1.10922e+09 6003113
2.828404e-07 1.087711e+09 6002113 1.115058e+09 6002113
1.04561e-06 1.13509e+09 6003113 1.132537e+09 6003113
1.177688e-06 1.10171e+09 6002113 1.104665e+09 6002113
1.508422e-06 1.109705e+09 6002114 1.111472e+09 6002113
1.126381e-06 1.068326e+09 6001114 1.089702e+09 6001113
1.212459e-06 1.11443e+09 6002113 1.074312e+09 6002113
2.078898e-08 1.144057e+09 6003114 1.124439e+09 6003113
1.250313e-06 1.116714e+09 6002113 1.09599e+09 6002113
1.226814e-06 1.116081e+09 6002113 1.113119e+09 6002113
1.226814e-06 1.136352e+09 6003114 1.107319e+09 6003113
1.262504e-06 1.106151e+09 6003113 1.128605e+09 6003113
4.029199e-08 1.143538e+09 6003114 1.119206e+09 6003113
1.081249e-06 1.151333e+09 6003114 1.117907e+09 6003113
1.268754e-06 1.078449e+09 6002114 1.119805e+09 6002113
1.250313e-06 1.106854e+09 6002113 1.119275e+09 6002113
1.134591e-06 1.120497e+09 6002113 1.108819e+09 6002113
1.075803e-06 1.111619e+09 6002113 1.118234e+09 6002113
1.485019e-06 1.142584e+09 6003114 1.126955e+09 6003113
9.342401e-07 1.119489e+09 6002113 1.085111e+09 6002113
1.21797e-06 1.145768e+09 6003114 1.119095e+09 6003113
1.070463e-06 1.110435e+09 6002113 1.11745e+09 6002113
1.225101e-06 1.112308e+09 6002113 1.116085e+09 6002113
1.07448e-06 1.12866e+09 6003114 1.124068e+09 6003113
8.491714e-07 1.132516e+09 6003113 1.124643e+09 6003113
1.173807e-06 1.145893e+09 6003113 1.107211e+09 6003113
8.876714e-07 1.142418e+09 6003113 1.116058e+09 6003113
1.077139e-06 1.094721e+09 6002114 1.111396e+09 6002113
1.251858e-06 1.117265e+09 6002113 1.108455e+09 6002113
1.129445e-06 1.136216e+09 6003114 1.101638e+09 6003113
1.133878e-06 1.088902e+09 6002113 1.115065e+09 6002113
1.46104e-06 1.150622e+09 6003113 1.124231e+09 6003113
1.633696e-06 1.119296e+09 6002113 1.101546e+09 6002113
1.251858e-06 1.127596e+09 6002114 1.116746e+09 6002113
1.17269e-06 1.101604e+09 6002114 1.117716e+09 6002113
1.226814e-06 1.102843e+09 6002113 1.095465e+09 6002113
8.073423e-07 1.100147e+09 6002114 1.110022e+09 6002113
1.17269e-06 1.118569e+09 6003113 1.128788e+09 6003113
1.227517e-06 1.119337e+09 6002113 1.111112e+09 6002113
1.508422e-06 1.107453e+09 6003113 1.07311e+09 6003113
8.024662e-07 1.094632e+09 6002113 1.092605e+09 6002113
1.251858e-06 1.110896e+09 6002113 1.112298e+09 6002113
3.482943e-09 1.110364e+09 6002113 1.100972e+09 6002113
1.077139e-06 1.123045e+09 6003113 1.11691e+09 6003113
1.135089e-06 1.136902e+09 6003113 1.123633e+09 6003113
2.828404e-07 1.144819e+09 6003113 1.126195e+09 6003113
7.587186e-07 1.120444e+09 6002113 1.100139e+09 6002113
1.214611e-06 1.124509e+09 6003113 1.124636e+09 6003113
1.380481e-07 1.117909e+09 6003113 1.138998e+09 6003113
5.448522e-07 1.074342e+09 6002113 1.117675e+09 6002113
1.23107e-06 1.128577e+09 6003113 1.125208e+09 6003113
1.058975e-06 1.120115e+09 6002114 1.09907e+09 6002113
1.072776e-06 1.108073e+09 6002113 1.118461e+09 6002113
1.07448e-06 1.108673e+09 6002113 1.096772e+09 6002113
1.546739e-07 1.102626e+09 6002113 1.110369e+09 6002113
1.042351e-06 1.101515e+09 6002113 1.105045e+09 6002113
5.745931e-07 1.120509e+09 6003113 1.134439e+09 6003113
1.46104e-06 1.091871e+09 6002114 1.117292e+09 6002113
1.045868e-06 1.086015e+09 6003113 1.119092e+09 6003113
1.17269e-06 1.099842e+09 6002114 1.110263e+09 6002113
1.131972e-06 1.099159e+09 6002114 1.107672e+09 6002113
1.235105e-06 1.117205e+09 6002113 1.08968e+09 6002113
1.156125e-06 1.14137e+09 6003114 1.124429e+09 6003113
8.024662e-07 1.116029e+09 6002113 1.094839e+09 6002113
1.191025e-06 1.126902e+09 6003114 1.115913e+09 6003113
1.2218e-06 1.102831e+09 6002114 1.121455e+09 6002113
1.225101e-06 1.145017e+09 6003113 1.116296e+09 6003113
1.225101e-06 1.076425e+09 6002113 1.108062e+09 6002113
9.528038e-07 1.098057e+09 6002113 1.11084e+09 6002113
9.772041e-07 1.109999e+09 6003113 1.119922e+09 6003113
2.572305e-07 1.1244e+09 6002113 1.116122e+09 6002113
3.211338e-07 1.110718e+09 6002114 1.107869e+09 6002113
1.250313e-06 1.144487e+09 6003114 1.117775e+09 6003113
1.81629e-07 1.101367e+09 6002113 1.115497e+09 6002113
7.465274e-08 1.107485e+09 6002113 1.117596e+09 6002113
1.251858e-06 1.050095e+09 6002114 1.110605e+09 6002113
8.491714e-07 1.124998e+09 6002114 1.119599e+09 6002113
7.465274e-08 1.111172e+09 6002113 1.113006e+09 6002113
1.17269e-06 1.117565e+09 6002114 1.115947e+09 6002113
1.156125e-06 1.110985e+09 6002113 1.101754e+09 6002113
1.04561e-06 1.082278e+09 6002114 1.116725e+09 6002113
5.785883e-07 1.141867e+09 6003114 1.112888e+09 6003113
1.052826e-06 1.091325e+09 6002113 1.108122e+09 6002113
1.186896e-06 1.100525e+09 6002114 1.11676e+09 6002113
1.546739e-07 1.078038e+09 6002114 1.106958e+09 6002113
2.475115e-07 1.070293e+09 6002113 1.119811e+09 6002113
1.173807e-06 1.096088e+09 6002113 1.116139e+09 6002113
1.135089e-06 1.114698e+09 6003113 1.12529e+09 6003113
1.038651e-06 1.123717e+09 6003113 1.124579e+09 6003113
1.110716e-06 1.109699e+09 6002114 1.119978e+09 6002113
1.522646e-06 1.117355e+09 6002113 1.110827e+09 6002113
1.095868e-06 1.105639e+09 6003113 1.106875e+09 6003113
6.708072e-07 1.113837e+09 6002113 1.115072e+09 6002113
1.034495e-06 1.110907e+09 6002113 1.116098e+09 6002113
4.765849e-07 1.109819e+09 6002113 1.121328e+09 6002113
1.408505e-06 1.127287e+09 6002114 1.108573e+09 6002113
7.160418e-07 1.089232e+09 6002113 1.114784e+09 6002113
2.475115e-07 1.094943e+09 6002114 1.11189e+09 6002113
1.175141e-06 1.104679e+09 6002113 1.078317e+09 6002113
7.587186e-07 1.069226e+09 6002113 1.112155e+09 6002113
3.503312e-07 1.130858e+09 6003114 1.115869e+09 6003113
1.04561e-06 1.145619e+09 6003113 1.11141e+09 6003113
5.836122e-07 1.134568e+09 6003113 1.103704e+09 6003113
1.235105e-06 1.142889e+09 6003114 1.11855e+09 6003113
1.304509e-06 1.109218e+09 6002113 1.117413e+09 6002113
1.209678e-06 1.149841e+09 6003113 1.118168e+09 6003113
1.126381e-06 1.147078e+09 6003113 1.126875e+09 6003113
6.543317e-08 1.117019e+09 6003113 1.146241e+09 6003113
8.471732e-07 1.082232e+09 6001113 1.098838e+09 6001113
1.242915e-06 1.113337e+09 6002113 1.091378e+09 6002113
1.126381e-06 1.107834e+09 6002113 1.09263e+09 6002113
1.46104e-06 1.115787e+09 6002114 1.09396e+09 6002113
1.135089e-06 1.110908e+09 6002114 1.110803e+09 6002113
1.045868e-06 1.094411e+09 6002114 1.107844e+09 6002113
2.078898e-08 1.108006e+09 6002113 1.125969e+09 6002113
1.235105e-06 1.089441e+09 6003113 1.118271e+09 6003113
1.203239e-06 1.10954e+09 6002113 1.115606e+09 6002113
1.052826e-06 1.093187e+09 6003114 1.123117e+09 6003113
1.209678e-06 1.115159e+09 6003113 1.10388e+09 6003113
1.538644e-08 1.070931e+09 6002114 1.110934e+09 6002113
1.029829e-06 1.106035e+09 6002113 1.112521e+09 6002113
1.209678e-06 1.107987e+09 6002113 1.11311e+09 6002113
1.748001e-06 1.107552e+09 6003114 1.123219e+09 6003113
1.089167e-06 1.105759e+09 6002114 1.107677e+09 6002113
1.227517e-06 1.115802e+09 6002113 1.079527e+09 6002113
1.159025e-07 1.11583e+09 6003114 1.129675e+09 6003113
1.058975e-06 1.108039e+09 6002113 1.100637e+09 6002113
4.636738e-08 1.110751e+09 6002113 1.08157e+09 6002113
2.975745e-09 1.12151e+09 6003113 1.140791e+09 6003113
1.408505e-06 1.115965e+09 6002113 1.105797e+09 6002113
1.173807e-06 1.099718e+09 6002114 1.12189e+09 6002113
1.748001e-06 1.113434e+09 6002113 1.111134e+09 6002113
1.203239e-06 1.108878e+09 6002113 1.123251e+09 6002113
5.836122e-07 1.11e+09 6002114 1.113915e+09 6002113
1.011912e-06 1.122624e+09 6002113 1.102658e+09 6002113
1.182435e-06 1.102848e+09 6002113 9.975446e+08 6002113
1.12853e-06 1.118693e+09 6003113 1.140895e+09 6003113
1.182559e-06 1.090659e+09 6002113 1.107456e+09 6002113
4.636738e-08 1.126449e+09 6003113 1.118867e+09 6003113
1.135089e-06 1.097246e+09 6002113 1.117973e+09 6002113
1.135089e-06 1.119649e+09 6002114 1.111543e+09 6002113
9.061706e-08 1.091502e+09 6002114 1.114609e+09 6002113
1.508422e-06 1.117294e+09 6002114 1.110029e+09 6002113
1.186896e-06 1.109744e+09 6002113 1.099754e+09 6002113
1.287502e-06 1.116015e+09 6003113 1.124712e+09 6003113
1.5369e-06 1.11147e+09 6002114 1.104677e+09 6002113
1.075503e-06 1.141638e+09 6003114 1.104019e+09 6003113
5.345185e-07 1.11281e+09 6003113 1.099818e+09 6003113
2.572305e-07 1.062216e+09 6002113 1.11983e+09 6002113
1.042351e-06 1.111016e+09 6002114 1.109731e+09 6002113
1.173807e-06 1.118384e+09 6002114 1.098571e+09 6002113
1.2218e-06 1.112022e+09 6002114 1.111629e+09 6002113
1.2218e-06 1.113867e+09 6002113 1.109442e+09 6002113
7.587186e-07 1.114678e+09 6003114 1.118277e+09 6003113
6.240124e-07 1.1177e+09 6002113 1.113898e+09 6002113
4.256807e-07 1.127742e+09 6002113 1.107117e+09 6002113
1.546739e-07 1.080584e+09 6002114 1.113102e+09 6002113
1.131972e-06 1.096418e+09 6003114 1.116984e+09 6003113
1.2218e-06 1.135201e+09 6003113 1.124329e+09 6003113
4.256807e-07 1.096937e+09 6002114 1.106725e+09 6002113
1.435808e-06 1.097581e+09 6002114 1.102786e+09 6002113
4.963481e-07 1.105334e+09 6002113 1.097641e+09 6002113
4.999644e-08 1.114905e+09 6002114 1.108835e+09 6002113
1.17269e-06 1.12198e+09 6002113 1.115698e+09 6002113
8.876714e-07 1.113671e+09 6002113 1.108392e+09 6002113
1.215857e-06 1.116115e+09 6002113 1.125578e+09 6002113
1.203239e-06 1.111191e+09 6003113 1.127744e+09 6003113
1.209678e-06 1.112027e+09 6003114 1.116212e+09 6003113
1.408505e-06 1.109843e+09 6002113 1.05854e+09 6002113
1.077139e-06 1.146932e+09 6003113 1.122643e+09 6003113
1.287502e-06 1.088084e+09 6002113 1.118028e+09 6002113
1.2218e-06 1.139663e+09 6003113 1.117605e+09 6003113
1.089167e-06 1.118374e+09 6002113 1.110501e+09 6002113
1.287502e-06 1.109434e+09 6002114 1.10061e+09 6002113
1.287502e-06 1.110279e+09 6002113 1.078461e+09 6002113
1.215857e-06 1.109994e+09 6002114 1.116335e+09 6002113
1.242679e-06 1.117436e+09 6002113 1.109085e+09 6002113
1.186896e-06 1.078172e+09 6002113 1.110503e+09 6002113
1.029232e-06 1.091904e+09 6002114 1.106028e+09 6002113
1.191025e-06 1.119905e+09 6002113 1.119464e+09 6002113
1.242679e-06 1.075155e+09 6002114 1.11153e+09 6002113
6.034579e-07 1.106888e+09 6003114 1.111123e+09 6003113
1.225101e-06 1.108919e+09 6002113 1.101728e+09 6002113
7.60357e-07 1.118908e+09 6003114 1.12337e+09 6003113
1.04561e-06 1.102584e+09 6002114 1.1123e+09 6002113
7.095649e-07 1.077511e+09 6001114 1.091956e+09 6001113
1.262504e-06 1.116639e+09 6002113 1.11071e+09 6002113
1.072776e-06 1.12219e+09 6003113 1.142993e+09 6003113
1.214611e-06 1.113599e+09 6002113 1.120076e+09 6002113
1.129445e-06 1.12102e+09 6002113 1.108771e+09 6002113
1.240384e-06 1.113319e+09 6002114 1.115591e+09 6002113
1.072776e-06 1.124449e+09 6002114 1.112543e+09 6002113
1.206262e-06 1.121892e+09 6003113 1.13445e+09 6003113
8.073423e-07 1.11369e+09 6003114 1.120888e+09 6003113
1.131972e-06 1.103568e+09 6002113 1.100848e+09 6002113
1.227517e-06 1.115731e+09 6002114 1.105586e+09 6002113
1.240384e-06 1.109335e+09 6002114 1.117382e+09 6002113
9.727433e-07 1.121502e+09 6003113 1.125657e+09 6003113
5.448522e-07 1.113959e+09 6003113 1.100194e+09 6003113
1.203239e-06 1.121907e+09 6003113 1.140514e+09 6003113
7.160418e-07 1.110812e+09 6003114 1.123501e+09 6003113
1.206262e-06 1.134852e+09 6003114 1.108046e+09 6003113
1.070463e-06 1.094135e+09 6002114 1.11746e+09 6002113
1.229504e-07 1.106499e+09 6002113 1.109254e+09 6002113
1.129445e-06 1.119575e+09 6002113 1.118371e+09 6002113
1.46104e-06 1.118393e+09 6003113 1.150842e+09 6003113
1.143417e-06 1.13118e+09 6003114 1.118347e+09 6003113
1.2218e-06 1.106758e+09 6002113 1.106805e+09 6002113
1.045868e-06 1.118003e+09 6002113 1.05839e+09 6002113
1.186148e-06 1.088077e+09 6002113 1.10874e+09 6002113
8.491714e-07 1.145365e+09 6003113 1.118071e+09 6003113
1.175141e-06 1.116311e+09 6002114 1.102807e+09 6002113
9.342401e-07 1.124897e+09 6003113 1.138133e+09 6003113
8.915158e-07 1.094096e+09 6002113 1.108612e+09 6002113
1.235105e-06 1.11209e+09 6002113 1.112318e+09 6002113
3.399152e-07 1.11313e+09 6002113 1.095857e+09 6002113
1.240384e-06 1.132609e+09 6003114 1.123229e+09 6003113
1.215857e-06 1.118024e+09 6002113 1.071884e+09 6002113
1.262504e-06 1.10662e+09 6002113 1.092916e+09 6002113
4.145628e-07 1.117868e+09 6002113 1.107581e+09 6002113
1.225101e-06 1.143511e+09 6003113 1.121791e+09 6003113
1.262504e-06 1.112783e+09 6002113 1.121574e+09 6002113
1.214611e-06 1.085729e+09 6002113 1.100839e+09 6002113
1.242915e-06 1.104813e+09 6002113 1.11582e+09 6002113
1.135089e-06 1.149906e+09 6003113 1.108922e+09 6003113
7.587186e-07 1.10279e+09 6002114 1.115974e+09 6002113
1.133878e-06 1.121925e+09 6003113 1.136391e+09 6003113
2.475115e-07 1.116008e+09 6003114 1.124499e+09 6003113
1.729362e-07 1.103107e+09 6002113 1.107981e+09 6002113
5.621593e-10 1.099236e+09 6002113 1.110436e+09 6002113
9.33395e-07 1.122959e+09 6002113 1.110885e+09 6002113
1.182435e-06 1.109466e+09 6003113 1.115717e+09 6003113
1.04561e-06 1.078118e+09 6002114 1.10197e+09 6002113
1.23107e-06 1.099387e+09 6002113 1.101513e+09 6002113
3.482943e-09 1.122816e+09 6002114 1.109131e+09 6002113
1.262504e-06 1.114675e+09 6002114 1.117499e+09 6002113
9.772041e-07 1.104185e+09 6002113 1.09966e+09 6002113
1.07448e-06 1.113968e+09 6002114 1.110307e+09 6002113
9.061706e-08 1.118078e+09 6002113 1.110703e+09 6002113
1.126381e-06 1.092173e+09 6002114 1.115756e+09 6002113
1.042795e-06 1.098143e+09 6002114 1.110651e+09 6002113
1.21797e-06 1.086745e+09 6002114 1.120794e+09 6002113
1.380481e-07 1.104155e+09 6002114 1.110964e+09 6002113
4.600746e-07 1.103001e+09 6002114 1.117574e+09 6002113
1.242679e-06 1.134815e+09 6003114 1.117733e+09 6003113
1.075803e-06 1.088641e+09 6002114 1.124308e+09 6002113
4.963481e-07 1.114673e+09 6002113 1.118075e+09 6002113
1.23107e-06 1.11576e+09 6003113 1.124679e+09 6003113
1.129445e-06 1.116319e+09 6002113 1.094155e+09 6002113
6.745332e-07 1.110502e+09 6002114 1.118858e+09 6002113
1.186148e-06 1.078254e+09 6002113 1.116997e+09 6002113
1.262504e-06 1.093983e+09 6002113 1.121525e+09 6002113
6.660138e-07 1.0465e+09 6002114 1.103446e+09 6002113
4.077296e-09 1.052935e+09 6002114 1.12036e+09 6002113
6.944876e-11 1.099076e+09 6002113 1.119235e+09 6002113
2.797754e-09 1.113079e+09 6002114 1.100148e+09 6002113
1.038651e-06 1.112029e+09 6002113 1.092358e+09 6002113
2.412395e-08 1.114818e+09 6002114 1.1075e+09 6002113
1.045868e-06 1.100954e+09 6002113 1.112419e+09 6002113
1.250313e-06 1.066301e+09 6002114 1.104375e+09 6002113
1.251858e-06 1.114501e+09 6003113 1.121505e+09 6003113
1.287502e-06 1.113436e+09 6002113 1.106236e+09 6002113
1.131972e-06 1.124258e+09 6003113 1.128796e+09 6003113
1.175141e-06 1.133673e+09 6003113 1.122507e+09 6003113
1.12853e-06 1.117038e+09 6003113 1.116514e+09 6003113
1.631379e-07 1.109419e+09 6002114 1.104872e+09 6002113
1.209678e-06 1.096947e+09 6002113 1.118995e+09 6002113
1.052826e-06 1.12452e+09 6003114 1.117054e+09 6003113
1.748001e-06 1.105981e+09 6002113 1.11291e+09 6002113
1.207767e-06 1.11511e+09 6002113 1.10051e+09 6002113
1.227517e-06 1.112407e+09 6002113 1.096548e+09 6002113
1.134591e-06 1.108679e+09 6003113 1.111202e+09 6003113
8.915158e-07 1.09907e+09 6002113 1.11365e+09 6002113
1.04561e-06 1.127718e+09 6003113 1.121234e+09 6003113
1.23107e-06 1.12646e+09 6003113 1.123757e+09 6003113
1.058975e-06 1.117622e+09 6002113 1.116175e+09 6002113
9.342401e-07 1.101226e+09 6002113 1.125556e+09 6002113
1.04561e-06 1.094332e+09 6002113 1.111382e+09 6002113
1.631379e-07 1.146151e+09 6003113 1.121466e+09 6003113
1.058975e-06 1.076034e+09 6002113 1.111765e+09 6002113
1.437036e-06 1.106952e+09 6003114 1.10869e+09 6003113
1.226814e-06 1.076572e+09 6002113 1.113894e+09 6002113
1.186896e-06 1.10103e+09 6002113 1.119452e+09 6002113
1.042795e-06 1.113106e+09 6002113 1.103723e+09 6002113
1.177688e-06 1.113992e+09 6002113 1.119261e+09 6002113
3.814553e-07 1.118068e+09 6002113 1.119069e+09 6002113
1.214611e-06 1.117876e+09 6003113 1.123161e+09 6003113
1.250313e-06 1.096646e+09 6002114 1.119801e+09 6002113
2.334643e-07 1.105531e+09 6002113 1.109552e+09 6002113
1.206262e-06 1.102527e+09 6003113 1.134737e+09 6003113
1.177688e-06 1.125713e+09 6003114 1.113548e+09 6003113
1.209678e-06 1.109436e+09 6002114 1.104236e+09 6002113
1.186896e-06 1.067165e+09 6002113 1.105378e+09 6002113
1.029829e-06 1.111877e+09 6002114 1.119056e+09 6002113
2.475115e-07 1.111101e+09 6002113 1.114579e+09 6002113
2.795979e-08 1.10068e+09 6002113 1.114993e+09 6002113
6.034579e-07 1.096233e+09 6002113 1.113826e+09 6002113
1.050764e-06 1.105186e+09 6002114 1.105452e+09 6002113
1.038651e-06 1.100781e+09 6003114 1.115394e+09 6003113
4.963481e-07 1.129238e+09 6003113 1.158326e+09 6003113
1.186896e-06 1.105921e+09 6002114 1.115421e+09 6002113
1.631379e-07 1.123001e+09 6002114 1.117378e+09 6002113
8.024662e-07 1.097422e+09 6002113 1.112189e+09 6002113
7.095649e-07 1.091727e+09 6002114 1.112335e+09 6002113
6.543317e-08 1.07747e+09 6002114 1.108063e+09 6002113
1.04561e-06 1.107908e+09 6002114 1.118939e+09 6002113
4.358855e-08 1.108311e+09 6002114 1.119083e+09 6002113
1.748001e-06 1.116174e+09 6002114 1.117696e+09 6002113
1.029232e-06 1.14209e+09 6003114 1.117253e+09 6003113
1.095868e-06 1.126007e+09 6002113 1.114518e+09 6002113
1.072776e-06 1.120377e+09 6003113 1.125702e+09 6003113
1.029829e-06 1.126184e+09 6003114 1.113664e+09 6003113
1.21797e-06 1.110715e+09 6003113 1.139563e+09 6003113
1.207767e-06 1.10116e+09 6002113 1.113945e+09 6002113
1.73854e-06 1.113525e+09 6002113 1.117537e+09 6002113
1.182435e-06 1.115739e+09 6003113 1.147681e+09 6003113
1.46104e-06 1.13214e+09 6002113 1.119304e+09 6002113
1.134591e-06 1.11691e+09 6003113 1.116326e+09 6003113
1.129445e-06 1.122078e+09 6003113 1.128554e+09 6003113
1.075803e-06 1.109722e+09 6003113 1.123528e+09 6003113
1.034495e-06 1.107012e+09 6002113 1.08705e+09 6002113
1.077139e-06 1.093811e+09 6002113 1.103598e+09 6002113
1.17269e-06 1.092751e+09 6002113 1.116915e+09 6002113
8.915158e-07 1.127018e+09 6002113 1.117653e+09 6002113
6.240124e-07 1.106739e+09 6003114 1.108075e+09 6003113
8.915158e-07 1.119145e+09 6002114 1.117374e+09 6002113
1.025868e-07 1.110406e+09 6003113 1.109636e+09 6003113
1.122664e-06 1.132449e+09 6003114 1.124038e+09 6003113
1.110716e-06 1.116601e+09 6002113 1.122535e+09 6002113
1.133878e-06 1.126626e+09 6002114 1.117546e+09 6002113
1.109723e-06 1.104023e+09 6002114 1.102872e+09 6002113
9.528038e-07 1.09652e+09 6002114 1.108544e+09 6002113
1.2218e-06 1.109384e+09 6002113 1.099253e+09 6002113
3.211338e-07 1.096088e+09 6002113 1.119205e+09 6002113
1.029232e-06 1.0718e+09 6002113 1.115474e+09 6002113
1.952981e-09 1.10998e+09 6002113 1.103132e+09 6002113
2.619991e-08 1.090521e+09 6003114 1.116668e+09 6003113
4.963481e-07 1.116756e+09 6003113 1.119389e+09 6003113
9.061706e-08 1.104222e+09 6002113 1.117077e+09 6002113
1.109723e-06 1.116589e+09 6002113 1.104679e+09 6002113
1.259026e-06 1.114503e+09 6003113 1.111815e+09 6003113
1.250313e-06 1.10443e+09 6002114 1.101825e+09 6002113
2.078898e-08 1.125085e+09 6002114 1.107008e+09 6002113
1.250313e-06 1.088239e+09 6002114 1.110927e+09 6002113
2.237179e-07 1.112014e+09 6002113 1.109623e+09 6002113
1.04561e-06 1.132737e+09 6003114 1.114089e+09 6003113
1.225101e-06 1.096126e+09 6002113 1.108588e+09 6002113
1.109723e-06 1.113322e+09 6002114 1.108517e+09 6002113
1.095868e-06 1.115453e+09 6003113 1.143224e+09 6003113
5.448522e-07 1.095214e+09 6002113 1.12087e+09 6002113
1.042795e-06 1.115825e+09 6002113 1.118845e+09 6002113
1.04561e-06 1.099039e+09 6002113 1.091963e+09 6002113
1.81629e-07 1.107062e+09 6002113 1.100159e+09 6002113
1.135089e-06 1.134436e+09 6003114 1.108373e+09 6003113
1.242679e-06 1.130652e+09 6002114 1.106017e+09 6002113
1.077139e-06 1.114793e+09 6002114 1.107489e+09 6002113
1.235105e-06 1.107662e+09 6002113 1.108169e+09 6002113
1.212459e-06 1.090811e+09 6002113 1.103099e+09 6002113
1.072776e-06 1.118039e+09 6002113 1.104076e+09 6002113
1.143417e-06 1.128187e+09 6003113 1.116714e+09 6003113
1.748001e-06 1.118427e+09 6002113 1.117438e+09 6002113
4.600746e-07 1.097997e+09 6002114 1.115389e+09 6002113
4.600746e-07 1.101362e+09 6002114 1.099199e+09 6002113
7.465274e-08 1.107856e+09 6002113 1.109896e+09 6002113
1.042351e-06 1.137808e+09 6003114 1.10827e+09 6003113
6.240124e-07 1.095949e+09 6002113 1.106195e+09 6002113
1.134591e-06 1.10671e+09 6002113 1.111223e+09 6002113
1.04561e-06 1.104707e+09 6002113 1.108182e+09 6002113
2.412395e-08 1.123163e+09 6002113 1.106209e+09 6002113
1.546739e-07 1.10247e+09 6002113 1.101019e+09 6002113
8.024662e-07 1.099674e+09 6002114 1.114453e+09 6002113
1.235105e-06 1.162725e+09 6003113 1.121189e+09 6003113
9.727433e-07 1.10227e+09 6002114 1.104242e+09 6002113
8.491714e-07 1.109893e+09 6002113 1.114305e+09 6002113
1.182435e-06 1.114746e+09 6002113 1.116226e+09 6002113
2.334643e-07 1.113154e+09 6002113 1.092331e+09 6002113
6.96982e-07 1.081487e+09 6002113 1.111705e+09 6002113
1.23107e-06 1.097173e+09 6002114 1.118381e+09 6002113
1.206262e-06 1.134586e+09 6003113 1.112064e+09 6003113
1.835486e-06 1.10971e+09 6002113 1.117217e+09 6002113
1.262504e-06 1.11867e+09 6002113 1.119918e+09 6002113
1.042795e-06 1.107809e+09 6002113 1.11926e+09 6002113
6.745332e-07 1.125717e+09 6003113 1.137442e+09 6003113
1.242915e-06 1.121747e+09 6003114 1.117411e+09 6003113
1.058747e-06 1.107141e+09 6003113 1.13184e+09 6003113
1.045868e-06 1.110441e+09 6002113 1.120536e+09 6002113
1.408505e-06 1.102137e+09 6002113 1.124605e+09 6002113
1.24987e-06 1.114863e+09 6002113 1.101944e+09 6002113
1.135089e-06 1.146149e+09 6003113 1.120672e+09 6003113
3.103753e-07 1.144389e+09 6003113 1.124655e+09 6003113
5.745931e-07 1.112452e+09 6002114 1.108064e+09 6002113
1.631379e-07 1.089283e+09 6002113 1.11957e+09 6002113
1.437036e-06 1.141828e+09 6003113 1.120244e+09 6003113
1.135089e-06 1.109557e+09 6003113 1.136148e+09 6003113
1.077139e-06 1.136031e+09 6003113 1.11719e+09 6003113
1.227997e-06 1.100337e+09 6002113 1.100299e+09 6002113
1.07448e-06 1.115952e+09 6002113 1.09313e+09 6002113
1.186896e-06 1.12622e+09 6002113 1.115787e+09 6002113
1.182559e-06 1.10782e+09 6003113 1.129931e+09 6003113
1.029829e-06 1.116295e+09 6002113 1.117707e+09 6002113
7.75917e-07 1.099067e+09 6002113 1.108869e+09 6002113
1.206262e-06 1.110719e+09 6002113 1.113111e+09 6002113
1.122664e-06 1.108182e+09 6002114 1.113413e+09 6002113
1.262504e-06 1.102938e+09 6002114 1.116905e+09 6002113
1.17269e-06 1.114111e+09 6003113 1.143003e+09 6003113
1.045868e-06 1.116901e+09 6002114 1.114975e+09 6002113
1.214611e-06 1.108894e+09 6002113 1.103065e+09 6002113
1.072776e-06 1.1537e+09 6003113 1.117022e+09 6003113
1.186148e-06 1.078098e+09 6002114 1.110308e+09 6002113
1.070463e-06 1.121343e+09 6002114 1.09541e+09 6002113
1.225101e-06 1.102265e+09 6002113 1.112075e+09 6002113
1.835486e-06 1.133634e+09 6003113 1.108725e+09 6003113
1.092749e-07 1.115823e+09 6002113 1.09784e+09 6002113
1.242915e-06 1.138607e+09 6003114 1.124828e+09 6003113
1.186148e-06 1.118226e+09 6003113 1.155144e+09 6003113
1.209678e-06 1.103156e+09 6002113 1.100794e+09 6002113
2.572305e-07 1.109638e+09 6003113 1.137934e+09 6003113
9.727433e-07 1.099052e+09 6002113 1.113487e+09 6002113
1.109723e-06 1.114083e+09 6002113 1.117479e+09 6002113
1.206262e-06 1.11899e+09 6002114 1.120011e+09 6002113
1.050764e-06 1.125606e+09 6002114 1.117083e+09 6002113
6.745332e-07 1.118536e+09 6002114 1.112197e+09 6002113
1.240384e-06 1.094682e+09 6002114 1.109973e+09 6002113
5.745931e-07 1.11092e+09 6002114 1.120804e+09 6002113
1.173807e-06 1.111122e+09 6002114 1.112876e+09 6002113
1.072776e-06 1.125019e+09 6002114 1.105378e+09 6002113
8.491714e-07 1.099005e+09 6002114 1.111598e+09 6002113
1.380481e-07 1.130562e+09 6003113 1.124706e+09 6003113
1.287502e-06 1.118616e+09 6002114 1.116122e+09 6002113
2.39273e-09 1.089406e+09 6002113 1.10474e+09 6002113
7.095649e-07 1.100366e+09 6002114 1.117079e+09 6002113
1.215857e-06 1.094644e+09 6002114 1.111212e+09 6002113
1.17269e-06 1.102306e+09 6002113 1.100723e+09 6002113
1.072776e-06 1.097167e+09 6002114 1.116859e+09 6002113
5.448522e-07 1.092882e+09 6001113 1.086798e+09 6001113
1.058975e-06 1.10653e+09 6002113 1.109033e+09 6002113
1.24987e-06 1.110525e+09 6002114 1.10508e+09 6002113
6.240124e-07 1.096699e+09 6002114 1.111316e+09 6002113
1.227517e-06 1.124369e+09 6003113 1.143321e+09 6003113
1.209678e-06 1.133751e+09 6003114 1.117115e+09 6003113
8.073423e-07 1.091474e+09 6001113 1.094738e+09 6001113
1.072776e-06 1.112455e+09 6002113 1.111951e+09 6002113
1.052826e-06 1.12568e+09 6003113 1.142837e+09 6003113
1.21797e-06 1.083667e+09 6002114 1.108547e+09 6002113
1.042351e-06 1.123719e+09 6002113 1.109221e+09 6002113
1.21797e-06 1.089261e+09 6002114 1.112943e+09 6002113
3.814553e-07 1.110131e+09 6002113 1.090854e+09 6002113
4.600746e-07 1.099609e+09 6002114 1.123813e+09 6002113
1.038651e-06 1.099811e+09 6003113 1.112889e+09 6003113
2.572305e-07 1.118879e+09 6002113 1.118545e+09 6002113
1.092749e-07 1.150075e+09 6003113 1.111068e+09 6003113
1.259026e-06 1.100879e+09 6002113 1.107537e+09 6002113
9.33395e-07 1.09888e+09 6002113 1.114293e+09 6002113
1.21797e-06 1.097261e+09 6002114 1.115907e+09 6002113
1.029232e-06 1.111529e+09 6003113 1.130813e+09 6003113
1.070463e-06 1.089226e+09 6002114 1.107297e+09 6002113
1.070463e-06 1.125282e+09 6003113 1.111504e+09 6003113
1.133878e-06 1.150941e+09 6003114 1.116009e+09 6003113
1.380481e-07 1.117252e+09 6002114 1.107792e+09 6002113
4.358855e-08 1.091426e+09 6003114 1.120433e+09 6003113
1.034495e-06 1.109784e+09 6002113 1.074741e+09 6002113
2.619991e-08 1.142711e+09 6003114 1.114293e+09 6003113
1.231696e-06 1.092105e+09 6002114 1.107242e+09 6002113
3.399152e-07 1.110788e+09 6002114 1.115701e+09 6002113
1.5369e-06 1.084123e+09 6002113 1.10185e+09 6002113
1.250313e-06 1.094087e+09 6002113 1.114174e+09 6002113
1.575658e-06 1.10735e+09 6002113 1.106187e+09 6002113
1.029829e-06 1.110526e+09 6002113 1.102392e+09 6002113
1.242679e-06 1.115741e+09 6002113 1.120045e+09 6002113
1.042795e-06 1.100682e+09 6002114 1.109388e+09 6002113
1.5369e-06 1.133941e+09 6003113 1.128954e+09 6003113
1.133878e-06 1.100259e+09 6002114 1.103921e+09 6002113
1.110716e-06 1.131894e+09 6003114 1.120112e+09 6003113
1.029232e-06 1.106602e+09 6002113 1.089566e+09 6002113
1.835486e-06 1.098502e+09 6002113 1.108091e+09 6002113
1.250313e-06 1.117821e+09 6002114 1.101911e+09 6002113
5.448522e-07 1.110322e+09 6002113 1.100622e+09 6002113
1.134591e-06 1.086411e+09 6002114 1.113498e+09 6002113
9.061706e-08 1.142333e+09 6003113 1.111718e+09 6003113
1.191025e-06 1.139769e+09 6003114 1.114813e+09 6003113
1.025868e-07 1.111422e+09 6002113 1.108554e+09 6002113
1.251858e-06 1.104905e+09 6002113 1.09924e+09 6002113
1.262504e-06 1.109771e+09 6002113 1.100291e+09 6002113
1.07448e-06 1.109335e+09 6002114 1.107194e+09 6002113
1.050764e-06 1.078273e+09 6002114 1.116123e+09 6002113
9.33395e-07 1.120037e+09 6002113 1.111715e+09 6002113
1.748001e-06 1.103142e+09 6002113 1.084935e+09 6002113
1.029829e-06 1.105623e+09 6002114 1.112269e+09 6002113
9.33395e-07 1.116327e+09 6002114 1.112599e+09 6002113
3.211338e-07 1.123841e+09 6003113 1.136181e+09 6003113
8.024662e-07 1.104717e+09 6002113 1.105103e+09 6002113
1.225101e-06 1.115008e+09 6003113 1.124766e+09 6003113
1.268754e-06 1.112115e+09 6002113 1.107354e+09 6002113
1.242679e-06 1.126057e+09 6003113 1.108826e+09 6003113
1.227517e-06 1.116131e+09 6002113 1.110527e+09 6002113
1.207767e-06 1.108096e+09 6002113 1.107478e+09 6002113
1.042795e-06 1.118703e+09 6002113 1.107157e+09 6002113
1.231696e-06 1.105114e+09 6003113 1.144598e+09 6003113
1.072776e-06 1.116107e+09 6002113 1.115203e+09 6002113
1.2218e-06 1.113785e+09 6002113 1.101609e+09 6002113
1.095868e-06 1.140436e+09 6003114 1.122856e+09 6003113
4.963481e-07 1.149601e+09 6003113 1.119507e+09 6003113
1.156125e-06 1.057705e+09 6002113 1.119401e+09 6002113
1.251858e-06 1.133439e+09 6003113 1.127302e+09 6003113
1.038651e-06 1.103563e+09 6003114 1.123054e+09 6003113
1.186896e-06 1.103703e+09 6002113 1.094041e+09 6002113
1.5369e-06 1.122232e+09 6002113 1.118505e+09 6002113
1.21797e-06 1.097011e+09 6002113 1.083722e+09 6002113
1.655671e-06 1.10776e+09 6002113 1.096983e+09 6002113
1.042795e-06 1.138508e+09 6003113 1.124404e+09 6003113
1.231696e-06 1.092469e+09 6002114 1.10743e+09 6002113
1.095868e-06 1.124016e+09 6002114 1.112711e+09 6002113
1.182559e-06 1.112093e+09 6002114 1.111951e+09 6002113
1.089167e-06 1.115811e+09 6002113 1.110655e+09 6002113
1.2218e-06 1.086443e+09 6002114 1.117394e+09 6002113
1.231696e-06 1.116004e+09 6002113 1.125228e+09 6002113
1.81629e-07 1.137389e+09 6003113 1.119363e+09 6003113
1.748001e-06 1.11697e+09 6002113 1.085147e+09 6002113
1.042351e-06 1.106918e+09 6002113 1.115099e+09 6002113
1.287502e-06 1.107919e+09 6002113 1.109668e+09 6002113
1.058975e-06 1.120952e+09 6002113 1.114946e+09 6002113
1.262504e-06 1.118753e+09 6002113 1.087528e+09 6002113
1.04561e-06 1.119363e+09 6002113 1.12444e+09 6002113
1.633696e-06 1.112857e+09 6002114 1.111565e+09 6002113
1.186148e-06 1.109174e+09 6002113 1.107244e+09 6002113
1.066989e-06 1.126119e+09 6003113 1.117485e+09 6003113
1.227997e-06 1.113117e+09 6002113 1.112664e+09 6002113
1.129445e-06 1.133561e+09 6003114 1.11564e+09 6003113
1.089167e-06 1.10055e+09 6002114 1.102021e+09 6002113
1.655671e-06 1.091832e+09 6002114 1.113472e+09 6002113
2.619991e-08 1.101658e+09 6002114 1.108368e+09 6002113
1.159025e-07 1.116945e+09 6003113 1.155308e+09 6003113
9.772041e-07 1.108667e+09 6002113 1.100572e+09 6002113
1.24987e-06 1.109266e+09 6002113 1.117207e+09 6002113
1.227517e-06 1.112535e+09 6002113 1.099086e+09 6002113
1.038651e-06 1.106692e+09 6002113 1.096095e+09 6002113
4.029199e-08 1.113671e+09 6003113 1.116362e+09 6003113
1.186896e-06 1.073932e+09 6002113 1.116017e+09 6002113
1.034495e-06 1.104288e+09 6002113 1.104624e+09 6002113
1.072776e-06 1.127993e+09 6003113 1.106328e+09 6003113
1.207767e-06 1.137482e+09 6003113 1.116893e+09 6003113
1.259026e-06 1.116647e+09 6002113 1.105272e+09 6002113
1.73854e-06 1.123799e+09 6002114 1.104807e+09 6002113
8.471732e-07 1.120684e+09 6002113 1.119928e+09 6002113
8.073423e-07 1.087528e+09 6002113 1.11594e+09 6002113
7.465274e-08 1.122866e+09 6002113 1.116226e+09 6002113
1.268754e-06 1.095879e+09 6002114 1.11491e+09 6002113
1.435808e-06 1.126828e+09 6003113 1.113982e+09 6003113
8.876714e-07 1.099265e+09 6002113 1.105282e+09 6002113
1.070463e-06 1.115636e+09 6002114 1.124184e+09 6002113
1.304509e-06 1.105033e+09 6002113 1.086215e+09 6002113
1.380481e-07 1.145138e+09 6003114 1.116685e+09 6003113
1.215857e-06 1.097859e+09 6002114 1.100362e+09 6002113
1.109723e-06 1.067977e+09 6001114 1.101786e+09 6001113
1.251858e-06 1.120793e+09 6003113 1.111513e+09 6003113
1.070463e-06 1.10386e+09 6002113 1.118455e+09 6002113
1.109723e-06 1.113306e+09 6002114 1.114033e+09 6002113
1.089167e-06 1.104872e+09 6002114 1.119761e+09 6002113
1.095868e-06 1.110535e+09 6002113 1.104208e+09 6002113
1.46104e-06 1.13808e+09 6003114 1.113288e+09 6003113
1.052826e-06 1.111221e+09 6002113 1.122126e+09 6002113
1.095868e-06 1.116575e+09 6002113 1.112079e+09 6002113
8.915158e-07 1.100994e+09 6002113 1.103118e+09 6002113
1.175141e-06 1.084045e+09 6002114 1.118252e+09 6002113
1.04561e-06 1.104881e+09 6002113 1.110033e+09 6002113
1.186896e-06 1.107825e+09 6002113 1.089368e+09 6002113
1.227517e-06 1.118189e+09 6003113 1.132767e+09 6003113
5.836122e-07 1.125103e+09 6002113 1.114365e+09 6002113
1.599889e-06 1.11798e+09 6002113 1.117958e+09 6002113
7.095649e-07 1.141824e+09 6003114 1.118335e+09 6003113
1.058747e-06 1.109076e+09 6002113 1.124916e+09 6002113
1.575658e-06 1.108294e+09 6002114 1.116952e+09 6002113
1.077139e-06 1.091314e+09 6002113 1.119503e+09 6002113
1.089167e-06 1.117165e+09 6002113 1.109822e+09 6002113
9.342401e-07 1.115393e+09 6003113 1.115429e+09 6003113
1.038651e-06 1.116214e+09 6002113 1.108803e+09 6002113
1.089167e-06 1.113256e+09 6002113 1.113991e+09 6002113
1.575658e-06 1.061419e+09 6001114 1.105616e+09 6001113
6.745332e-07 1.102319e+09 6002113 1.117531e+09 6002113
1.07448e-06 1.091387e+09 6002113 1.10885e+09 6002113
1.242679e-06 1.105356e+09 6002113 1.100083e+09 6002113
1.23107e-06 1.100369e+09 6002114 1.109532e+09 6002113
8.024662e-07 1.108477e+09 6002113 1.117657e+09 6002113
1.135089e-06 1.112351e+09 6003114 1.124011e+09 6003113
1.173807e-06 1.095822e+09 6002113 1.118791e+09 6002113
1.231696e-06 1.117438e+09 6002113 1.085217e+09 6002113
1.287502e-06 1.091134e+09 6002113 1.118202e+09 6002113
1.240384e-06 1.108301e+09 6002113 1.10315e+09 6002113
1.17269e-06 1.105136e+09 6002114 1.118544e+09 6002113
1.045868e-06 1.10372e+09 6002114 1.118239e+09 6002113
1.042795e-06 1.108417e+09 6002113 1.11851e+09 6002113
1.075803e-06 1.134711e+09 6003114 1.117171e+09 6003113
1.206262e-06 1.115185e+09 6002114 1.117345e+09 6002113
1.235105e-06 1.114188e+09 6002113 1.066046e+09 6002113
1.034495e-06 1.109927e+09 6002114 1.101899e+09 6002113
1.052826e-06 1.096967e+09 6002114 1.125216e+09 6002113
9.342401e-07 1.110882e+09 6002113 1.100654e+09 6002113
1.029829e-06 1.1112e+09 6002113 1.121106e+09 6002113
1.209678e-06 1.113554e+09 6002113 1.12017e+09 6002113
1.225101e-06 1.144958e+09 6003113 1.11706e+09 6003113
1.259026e-06 1.147638e+09 6003113 1.118578e+09 6003113
1.052826e-06 1.12512e+09 6003113 1.121103e+09 6003113
1.122664e-06 1.110601e+09 6002113 1.123249e+09 6002113
9.33395e-07 1.109407e+09 6002113 1.109296e+09 6002113
3.211338e-07 1.116827e+09 6003113 1.14874e+09 6003113
1.186896e-06 1.111394e+09 6002113 1.094838e+09 6002113
1.133878e-06 1.142386e+09 6003113 1.130035e+09 6003113
1.209678e-06 1.119339e+09 6002113 1.124939e+09 6002113
1.04561e-06 1.094818e+09 6002113 1.111802e+09 6002113
1.095868e-06 1.11723e+09 6003113 1.135651e+09 6003113
1.050764e-06 1.112345e+09 6002113 1.116327e+09 6002113
1.206262e-06 1.102107e+09 6002114 1.105201e+09 6002113
7.095649e-07 1.095429e+09 6002113 1.115411e+09 6002113
1.186148e-06 1.156926e+09 6003113 1.113175e+09 6003113
1.133878e-06 1.148423e+09 6003114 1.115528e+09 6003113
3.49583e-08 1.091136e+09 6001114 1.091366e+09 6001113
1.182559e-06 1.140043e+09 6003113 1.117548e+09 6003113
1.075803e-06 1.12003e+09 6003113 1.125704e+09 6003113
1.050764e-06 1.135641e+09 6003114 1.118449e+09 6003113
1.133878e-06 1.09919e+09 6002113 1.110343e+09 6002113
1.268754e-06 1.091961e+09 6002114 1.108169e+09 6002113
1.214611e-06 1.120843e+09 6002114 1.119293e+09 6002113
1.04561e-06 1.115818e+09 6002113 1.107829e+09 6002113
1.081249e-06 1.11703e+09 6002113 1.063961e+09 6002113
1.135089e-06 1.110948e+09 6002114 1.107896e+09 6002113
1.227997e-06 1.098405e+09 6002114 1.104073e+09 6002113
1.133878e-06 1.110326e+09 6002114 1.105621e+09 6002113
1.251858e-06 1.071719e+09 6002113 1.127082e+09 6002113
1.215857e-06 1.133989e+09 6003113 1.108768e+09 6003113
1.2218e-06 1.095371e+09 6002113 1.115138e+09 6002113
4.600746e-07 1.109364e+09 6002114 1.115943e+09 6002113
2.334643e-07 1.118205e+09 6003113 1.125428e+09 6003113
1.212459e-06 1.144935e+09 6003114 1.116767e+09 6003113
1.12853e-06 1.079241e+09 6002113 1.111041e+09 6002113
1.089167e-06 1.110406e+09 6002114 1.116232e+09 6002113
1.075803e-06 1.100921e+09 6002114 1.107555e+09 6002113
1.17269e-06 1.112844e+09 6002113 1.109034e+09 6002113
1.207767e-06 1.103498e+09 6002113 1.116349e+09 6002113
1.129445e-06 1.130313e+09 6003114 1.124329e+09 6003113
1.73854e-06 1.076191e+09 6002114 1.114941e+09 6002113
1.73854e-06 1.133921e+09 6003113 1.121983e+09 6003113
4.256807e-07 1.104439e+09 6002113 1.117616e+09 6002113
1.191025e-06 1.083732e+09 6002113 1.106742e+09 6002113
1.242915e-06 1.112933e+09 6002114 1.117371e+09 6002113
5.836122e-07 1.103005e+09 6002114 1.111821e+09 6002113
1.408505e-06 1.139076e+09 6003114 1.110427e+09 6003113
1.287502e-06 1.134146e+09 6003114 1.115929e+09 6003113
1.437036e-06 1.0825e+09 6002114 1.110208e+09 6002113
1.156125e-06 1.112499e+09 6002113 1.078337e+09 6002113
1.12853e-06 1.106155e+09 6002113 1.105691e+09 6002113
1.24987e-06 1.110841e+09 6002113 1.118123e+09 6002113
3.814553e-07 1.109991e+09 6002113 1.11732e+09 6002113
1.24987e-06 1.086149e+09 6002114 1.106484e+09 6002113
1.066989e-06 1.150057e+09 6003113 1.125224e+09 6003113
1.214611e-06 1.110005e+09 6002113 1.115526e+09 6002113
1.73854e-06 1.104314e+09 6002113 1.108358e+09 6002113
8.538804e-07 1.125316e+09 6003113 1.127598e+09 6003113
9.528038e-07 1.130039e+09 6003113 1.131073e+09 6003113
1.042351e-06 1.072295e+09 6002113 1.114714e+09 6002113
1.175141e-06 1.119176e+09 6002114 1.101483e+09 6002113
8.024662e-07 1.112037e+09 6002113 1.103198e+09 6002113
5.836122e-07 1.103441e+09 6003114 1.108475e+09 6003113
1.122664e-06 1.092894e+09 6002113 1.104245e+09 6002113
9.772041e-07 1.111313e+09 6002113 1.11398e+09 6002113
1.12853e-06 1.099856e+09 6002114 1.120635e+09 6002113
9.727433e-07 1.110301e+09 6002114 1.107853e+09 6002113
1.182559e-06 1.107484e+09 6002113 1.107511e+09 6002113
1.704772e-06 1.120213e+09 6003113 1.11076e+09 6003113
1.129445e-06 1.120129e+09 6003113 1.120582e+09 6003113
9.727433e-07 1.110796e+09 6002113 1.110195e+09 6002113
2.475115e-07 1.102624e+09 6002113 1.120142e+09 6002113
8.538804e-07 1.109747e+09 6002113 1.12123e+09 6002113
3.399152e-07 1.102539e+09 6002114 1.1105e+09 6002113
1.066989e-06 1.137889e+09 6003114 1.111719e+09 6003113
9.342401e-07 1.133001e+09 6003113 1.12274e+09 6003113
1.134591e-06 1.096188e+09 6002113 1.112035e+09 6002113
1.182559e-06 1.1167e+09 6002113 1.131138e+09 6002113
1.081249e-06 1.071607e+09 6002113 1.114132e+09 6002113
3.49583e-08 1.116151e+09 6002113 1.109263e+09 6002113
1.304509e-06 1.102076e+09 6002113 1.116383e+09 6002113
1.287502e-06 1.113958e+09 6002113 1.123089e+09 6002113
1.058975e-06 1.119994e+09 6003113 1.125326e+09 6003113
1.07448e-06 1.07574e+09 6002113 1.114356e+09 6002113
8.538804e-07 1.100693e+09 6002114 1.098642e+09 6002113
1.134591e-06 1.111381e+09 6002113 1.119102e+09 6002113
1.631379e-07 1.12152e+09 6003113 1.106873e+09 6003113
1.070463e-06 1.110818e+09 6002113 1.109948e+09 6002113
1.131972e-06 1.101912e+09 6001113 1.081705e+09 6001113
1.242679e-06 1.116285e+09 6002113 1.118703e+09 6002113
1.110716e-06 1.079193e+09 6002114 1.116748e+09 6002113
1.508422e-06 1.115693e+09 6002113 1.08686e+09 6002113
6.008027e-09 1.113853e+09 6002113 1.111767e+09 6002113
1.21797e-06 1.14101e+09 6003114 1.117954e+09 6003113
1.215857e-06 1.121296e+09 6003113 1.121751e+09 6003113
9.33395e-07 1.094154e+09 6002114 1.09437e+09 6002113
1.227997e-06 1.120087e+09 6003113 1.150286e+09 6003113
1.052826e-06 1.109038e+09 6002113 1.094339e+09 6002113
1.655671e-06 1.129393e+09 6003114 1.119285e+09 6003113
1.175141e-06 1.100796e+09 6002114 1.110728e+09 6002113
1.042351e-06 1.111671e+09 6002113 1.114753e+09 6002113
1.131972e-06 1.115794e+09 6002113 1.112675e+09 6002113
8.073423e-07 1.122009e+09 6002114 1.101679e+09 6002113
1.2218e-06 1.11932e+09 6002114 1.111201e+09 6002113
1.058975e-06 1.110074e+09 6003113 1.155069e+09 6003113
1.225101e-06 1.126738e+09 6002113 1.11676e+09 6002113
1.135089e-06 1.12068e+09 6003113 1.116765e+09 6003113
1.07448e-06 1.105457e+09 6002113 1.117459e+09 6002113
1.81629e-07 1.110307e+09 6002114 1.119051e+09 6002113
1.206262e-06 1.118505e+09 6002114 1.111131e+09 6002113
1.24987e-06 1.096279e+09 6002113 1.117761e+09 6002113
6.240124e-07 1.108212e+09 6002113 1.111444e+09 6002113
7.60357e-07 1.07744e+09 6002113 1.10205e+09 6002113
1.2218e-06 1.141092e+09 6003113 1.117385e+09 6003113
7.028519e-08 1.111925e+09 6003113 1.112074e+09 6003113
1.081249e-06 1.072245e+09 6002113 1.10774e+09 6002113
1.058975e-06 1.125165e+09 6002114 1.106039e+09 6002113
9.772041e-07 1.08783e+09 6003113 1.115616e+09 6003113
1.73854e-06 1.126812e+09 6003113 1.11624e+09 6003113
1.072776e-06 1.110686e+09 6002114 1.115597e+09 6002113
1.2218e-06 1.129254e+09 6002114 1.106838e+09 6002113
1.180702e-06 1.09583e+09 6002113 1.116349e+09 6002113
1.109723e-06 1.106888e+09 6003113 1.104691e+09 6003113
1.045868e-06 1.108344e+09 6002114 1.112004e+09 6002113
6.745332e-07 1.076803e+09 6002114 1.107563e+09 6002113
1.133878e-06 1.094437e+09 6002114 1.114218e+09 6002113
1.029232e-06 1.111815e+09 6002113 1.076814e+09 6002113
1.143417e-06 1.107e+09 6002113 1.115987e+09 6002113
9.772041e-07 1.096525e+09 6002113 1.11608e+09 6002113
1.287502e-06 1.11678e+09 6002113 1.117134e+09 6002113
1.072776e-06 1.122831e+09 6002114 1.107349e+09 6002113
1.029829e-06 1.11023e+09 6003113 1.104068e+09 6003113
8.471732e-07 1.084392e+09 6002114 1.116882e+09 6002113
1.259026e-06 1.134725e+09 6003113 1.111203e+09 6003113
8.876714e-07 1.114739e+09 6002113 1.125328e+09 6002113
1.081249e-06 1.098389e+09 6002113 1.120827e+09 6002113
7.692569e-07 1.108021e+09 6002114 1.111108e+09 6002113
1.242679e-06 1.144852e+09 6003114 1.122382e+09 6003113
1.182435e-06 1.085583e+09 6002113 1.108982e+09 6002113
1.191025e-06 1.09111e+09 6002113 1.117866e+09 6002113
1.599889e-06 1.091699e+09 6002113 1.115755e+09 6002113
1.407772e-06 1.119755e+09 6003113 1.141173e+09 6003113
1.042351e-06 1.116383e+09 6003113 1.114324e+09 6003113
1.04561e-06 1.138827e+09 6003114 1.117281e+09 6003113
9.727433e-07 1.114679e+09 6002113 1.110304e+09 6002113
1.077139e-06 1.13524e+09 6003114 1.119541e+09 6003113
9.727433e-07 1.120504e+09 6002113 1.120206e+09 6002113
7.60357e-07 1.089503e+09 6002113 1.122472e+09 6002113
1.304509e-06 1.115436e+09 6002113 1.108238e+09 6002113
1.729362e-07 1.13193e+09 6003113 1.126654e+09 6003113
5.836122e-07 1.115223e+09 6002114 1.112884e+09 6002113
1.191025e-06 1.098006e+09 6002114 1.115552e+09 6002113
1.46104e-06 1.115222e+09 6002114 1.112466e+09 6002113
1.250313e-06 1.103015e+09 6002114 1.104544e+09 6002113
8.491714e-07 1.122895e+09 6003113 1.138359e+09 6003113
1.2218e-06 1.129153e+09 6003113 1.105051e+09 6003113
1.07448e-06 1.123967e+09 6002113 1.111844e+09 6002113
6.745332e-07 1.05974e+09 6001114 1.08673e+09 6001113
1.186896e-06 1.139053e+09 6003113 1.113146e+09 6003113
1.029829e-06 1.111224e+09 6002114 1.111044e+09 6002113
6.240124e-07 1.108746e+09 6003114 1.113497e+09 6003113
7.60357e-07 1.11992e+09 6003113 1.147506e+09 6003113
1.058975e-06 1.105322e+09 6002114 1.111399e+09 6002113
1.81629e-07 1.151144e+09 6003113 1.117805e+09 6003113
1.175141e-06 1.099315e+09 6002113 1.10954e+09 6002113
1.21797e-06 1.110774e+09 6003114 1.112044e+09 6003113
1.251858e-06 1.117769e+09 6003113 1.144915e+09 6003113
1.052826e-06 1.11722e+09 6002113 1.10127e+09 6002113
4.963481e-07 1.101933e+09 6002113 1.1116e+09 6002113
1.242679e-06 1.11431e+09 6002113 1.107483e+09 6002113
1.135089e-06 1.114513e+09 6002113 1.102564e+09 6002113
1.122664e-06 1.111074e+09 6002113 1.11407e+09 6002113
1.075803e-06 1.125199e+09 6002113 1.111627e+09 6002113
1.038651e-06 1.141044e+09 6003114 1.129313e+09 6003113
1.191025e-06 1.107294e+09 6002114 1.116008e+09 6002113
5.836122e-07 1.114548e+09 6002114 1.118292e+09 6002113
4.963481e-07 1.1114e+09 6002113 1.121768e+09 6002113
1.46104e-06 1.118246e+09 6002113 1.109342e+09 6002113
1.081249e-06 1.113806e+09 6002113 1.100886e+09 6002113
1.143417e-06 1.109804e+09 6002113 1.107657e+09 6002113
1.186148e-06 1.109375e+09 6002113 1.108306e+09 6002113
1.182435e-06 1.120118e+09 6002113 1.09457e+09 6002113
1.24987e-06 1.102389e+09 6002113 1.104803e+09 6002113
1.070463e-06 1.116037e+09 6003113 1.131369e+09 6003113
2.334643e-07 1.11038e+09 6002114 1.116424e+09 6002113
3.103753e-07 1.089782e+09 6002113 1.103794e+09 6002113
1.242915e-06 1.110583e+09 6002113 1.115794e+09 6002113
1.12853e-06 1.119356e+09 6002114 1.105337e+09 6002113
9.528038e-07 1.120341e+09 6002113 1.101159e+09 6002113
2.572305e-07 1.10465e+09 6002114 1.107673e+09 6002113
8.876714e-07 1.110727e+09 6002114 1.117649e+09 6002113
1.04561e-06 1.138142e+09 6003114 1.105296e+09 6003113
1.12853e-06 1.067624e+09 6001114 1.091076e+09 6001113
5.448522e-07 1.109658e+09 6002113 1.11129e+09 6002113
1.011912e-06 1.118219e+09 6002113 1.117059e+09 6002113
1.186148e-06 1.132981e+09 6003114 1.111001e+09 6003113
1.126381e-06 1.121201e+09 6002113 1.103789e+09 6002113
1.133878e-06 1.107302e+09 6002113 1.11008e+09 6002113
1.038651e-06 1.101002e+09 6002113 1.117677e+09 6002113
1.077139e-06 1.116583e+09 6002114 1.112722e+09 6002113
1.175141e-06 1.100536e+09 6002113 1.096639e+09 6002113
8.491714e-07 1.099038e+09 6002113 1.112911e+09 6002113
1.251858e-06 1.073249e+09 6002113 1.109876e+09 6002113
4.600746e-07 1.11709e+09 6002114 1.113696e+09 6002113
1.23107e-06 1.121305e+09 6003113 1.066629e+09 6003113
1.04561e-06 1.115258e+09 6002113 1.072941e+09 6002113
9.528038e-07 1.113892e+09 6002113 1.098113e+09 6002113
1.546739e-07 1.139416e+09 6003113 1.109519e+09 6003113
8.223573e-09 1.132366e+09 6003113 1.112345e+09 6003113
1.191025e-06 1.083639e+09 6001113 1.098376e+09 6001113
1.173807e-06 1.104555e+09 6002114 1.109615e+09 6002113
1.081249e-06 1.070809e+09 6002114 1.11039e+09 6002113
1.287502e-06 1.093277e+09 6002113 1.122443e+09 6002113
