3.413385e-06 1.05707e+09 6001113 1.068256e+09 6001113
3.907289e-06 1.12468e+09 6003114 1.084245e+09 6003113
2.988039e-06 1.049652e+09 6001113 1.047777e+09 6001113
2.78412e-06 1.050368e+09 6001113 1.069616e+09 6001113
2.808948e-06 1.031988e+09 6001113 1.054018e+09 6001113
3.041826e-06 1.082951e+09 6002113 1.053647e+09 6002113
3.180719e-06 1.061839e+09 6001113 1.057778e+09 6001113
2.808948e-06 1.049637e+09 6001113 1.04027e+09 6001113
4.196377e-06 1.068616e+09 6002114 1.06548e+09 6002113
3.204008e-06 1.067594e+09 6002113 1.047843e+09 6002113
3.219653e-06 1.096062e+09 6003113 1.086142e+09 6003113
3.573728e-06 1.076688e+09 6002114 1.076472e+09 6002113
3.159653e-06 1.050199e+09 6001113 1.026324e+09 6001113
3.294546e-06 1.040599e+09 6001113 1.043039e+09 6001113
3.252398e-06 1.078086e+09 6002113 1.097005e+09 6002113
2.754541e-06 1.106448e+09 6003114 1.086729e+09 6003113
3.014869e-06 1.060247e+09 6001114 1.04695e+09 6001113
4.816049e-06 1.061218e+09 6001113 1.063907e+09 6001113
3.605725e-06 1.071327e+09 6002113 1.082157e+09 6002113
3.272713e-06 1.099722e+09 6002114 1.060538e+09 6002113
2.530773e-06 1.028493e+09 6002113 1.069088e+09 6002113
2.960074e-06 1.049581e+09 6001113 1.068097e+09 6001113
2.988039e-06 1.056898e+09 6001113 1.052821e+09 6001113
2.960135e-06 1.053391e+09 6001113 1.032479e+09 6001113
1.131286e-06 1.04954e+09 6001113 1.026533e+09 6001113
2.818207e-06 1.074694e+09 6001114 1.050758e+09 6001113
2.754541e-06 1.042301e+09 6001113 1.031492e+09 6001113
3.170171e-06 1.057841e+09 6001114 1.041765e+09 6001113
4.365265e-06 1.066403e+09 6002114 1.068312e+09 6002113
4.365265e-06 1.066403e+09 6002114 1.068312e+09 6002113
4.671139e-06 1.056282e+09 6001113 1.025404e+09 6001113
3.098066e-07 1.044284e+09 6001113 1.058676e+09 6001113
3.075219e-06 1.041298e+09 6001114 1.053645e+09 6001113
3.041826e-06 1.076192e+09 6003113 1.099329e+09 6003113
2.970941e-06 1.059396e+09 6002113 1.091737e+09 6002113
2.703151e-06 1.034868e+09 6001114 1.035871e+09 6001113
7.546706e-07 1.06121e+09 6001113 1.020514e+09 6001113
3.196965e-06 9.787663e+08 6001114 1.055346e+09 6001113
3.128374e-06 1.069843e+09 6001113 1.050422e+09 6001113
2.808948e-06 1.067661e+09 6002113 1.074162e+09 6002113
3.128374e-06 1.032334e+09 6001113 1.041498e+09 6001113
2.548491e-06 1.077837e+09 6002114 1.079268e+09 6002113
3.206111e-06 1.083952e+09 6002114 1.085868e+09 6002113
2.820026e-06 1.056069e+09 6001113 1.059881e+09 6001113
2.820026e-06 1.056136e+09 6001114 1.054675e+09 6001113
2.992927e-06 1.07358e+09 6002113 1.083056e+09 6002113
8.278145e-07 1.064178e+09 6001113 1.067281e+09 6001113
2.821035e-06 1.074085e+09 6002114 1.064096e+09 6002113
3.075219e-06 1.045103e+09 6001113 1.024181e+09 6001113
4.506258e-06 1.081931e+09 6003113 1.117352e+09 6003113
3.039399e-06 1.058652e+09 6002114 1.080884e+09 6002113
1.759445e-06 1.060537e+09 6001113 1.051079e+09 6001113
3.062063e-06 1.036273e+09 6001114 1.060616e+09 6001113
2.87694e-06 1.088725e+09 6002113 1.060132e+09 6002113
4.062864e-06 1.069336e+09 6002113 1.068223e+09 6002113
2.560324e-06 1.065964e+09 6002113 1.070167e+09 6002113
1.16151e-07 1.051372e+09 6001114 1.061927e+09 6001113
2.826506e-06 1.012608e+09 6001113 1.033216e+09 6001113
3.231766e-06 1.04383e+09 6001114 1.063448e+09 6001113
3.197957e-08 1.042476e+09 6001113 1.042484e+09 6001113
8.278145e-07 1.017092e+09 6001113 1.053336e+09 6001113
3.076199e-06 1.032281e+09 6001113 1.050631e+09 6001113
4.557273e-06 1.039754e+09 6002114 1.086849e+09 6002113
3.497181e-06 1.060091e+09 6001113 1.032114e+09 6001113
3.151927e-06 1.060361e+09 6001114 1.066875e+09 6001113
2.937031e-06 1.056235e+09 6001114 1.041552e+09 6001113
2.741744e-07 1.052938e+09 6001113 1.051623e+09 6001113
1.759445e-06 1.078243e+09 6002113 1.075948e+09 6002113
2.8211e-06 1.055866e+09 6001113 1.054507e+09 6001113
2.750809e-06 1.069292e+09 6002113 1.02466e+09 6002113
3.039399e-06 1.044749e+09 6001113 1.058239e+09 6001113
3.196965e-06 1.086066e+09 6002114 1.083709e+09 6002113
2.431241e-06 1.065598e+09 6001113 1.047592e+09 6001113
3.204008e-06 1.06883e+09 6002113 1.108421e+09 6002113
2.754541e-06 1.048115e+09 6001114 1.032487e+09 6001113
3.985176e-06 1.114355e+09 6003113 1.06816e+09 6003113
3.258892e-06 1.042087e+09 6001113 1.041323e+09 6001113
3.252398e-06 1.086249e+09 6003113 1.082234e+09 6003113
2.974465e-06 1.074596e+09 6002113 1.037662e+09 6002113
2.548491e-06 1.070594e+09 6002114 1.076195e+09 6002113
3.129155e-06 1.056657e+09 6001113 1.049382e+09 6001113
3.196965e-06 1.027681e+09 6001113 1.023785e+09 6001113
1.544435e-06 1.078415e+09 6002114 1.082846e+09 6002113
2.548491e-06 1.08244e+09 6002113 1.071872e+09 6002113
2.9212e-07 1.086503e+09 6002113 1.069958e+09 6002113
3.112871e-06 1.085172e+09 6002113 1.074036e+09 6002113
4.132597e-06 1.079692e+09 6003113 1.092687e+09 6003113
3.112871e-06 1.073826e+09 6002113 1.078917e+09 6002113
2.974465e-06 1.046128e+09 6001114 1.055831e+09 6001113
3.101635e-06 1.093853e+09 6003113 1.055529e+09 6003113
3.197957e-08 1.043972e+09 6001114 1.044544e+09 6001113
4.557273e-06 1.046085e+09 6001114 1.038822e+09 6001113
2.8211e-06 1.050647e+09 6002114 1.074961e+09 6002113
2.754541e-06 1.068129e+09 6002113 1.073199e+09 6002113
9.296202e-08 1.079276e+09 6002113 1.048359e+09 6002113
2.750809e-06 1.05268e+09 6001113 1.053581e+09 6001113
2.826506e-06 1.068362e+09 6002113 1.067209e+09 6002113
2.92115e-06 1.052091e+09 6001114 1.053007e+09 6001113
1.87273e-06 1.081625e+09 6002113 1.068018e+09 6002113
4.557273e-06 1.035e+09 6001114 1.043858e+09 6001113
2.821035e-06 1.058289e+09 6001113 1.049554e+09 6001113
2.992927e-06 1.036583e+09 6002113 1.076602e+09 6002113
3.123025e-06 1.050403e+09 6001113 1.034476e+09 6001113
2.223571e-06 1.082567e+09 6002114 1.067035e+09 6002113
5.147581e-06 1.04356e+09 6001113 1.060475e+09 6001113
4.255863e-06 1.043581e+09 6001113 1.055118e+09 6001113
2.548491e-06 1.044416e+09 6001113 1.043047e+09 6001113
3.219653e-06 1.074951e+09 6002113 1.065066e+09 6002113
2.820026e-06 1.056867e+09 6001113 1.030947e+09 6001113
1.87273e-06 1.03802e+09 6001113 1.059072e+09 6001113
4.506258e-06 1.045778e+09 6001113 1.066988e+09 6001113
2.820026e-06 1.073025e+09 6001114 1.048724e+09 6001113
2.560324e-06 1.058489e+09 6001113 1.063178e+09 6001113
2.746369e-06 1.024698e+09 6001113 1.059929e+09 6001113
3.180038e-06 1.05309e+09 6001113 1.055104e+09 6001113
3.196965e-06 1.051279e+09 6001114 1.065604e+09 6001113
3.294546e-06 1.024615e+09 6001114 1.048667e+09 6001113
2.960135e-06 1.070944e+09 6001114 1.053177e+09 6001113
2.818532e-06 1.067229e+09 6001113 1.048741e+09 6001113
7.536557e-09 1.08297e+09 6002114 1.082984e+09 6002113
2.960135e-06 1.101772e+09 6003114 1.070946e+09 6003113
2.8211e-06 1.066324e+09 6001114 1.049091e+09 6001113
4.671139e-06 1.042449e+09 6001114 1.054179e+09 6001113
2.974465e-06 1.078873e+09 6002113 1.069482e+09 6002113
2.78412e-06 1.037521e+09 6001113 9.99927e+08 6001113
3.204008e-06 1.078625e+09 6002113 1.054946e+09 6002113
3.112871e-06 1.099234e+09 6002113 1.083023e+09 6002113
2.966142e-06 1.066061e+09 6001113 1.039717e+09 6001113
2.970941e-06 1.082548e+09 6002113 1.076258e+09 6002113
1.649957e-06 1.054185e+09 6001113 1.061817e+09 6001113
4.062864e-06 1.075595e+09 6002113 1.085258e+09 6002113
3.985176e-06 1.043655e+09 6001114 1.059853e+09 6001113
2.821035e-06 1.083355e+09 6002114 1.066004e+09 6002113
1.778498e-06 1.066331e+09 6001113 1.049923e+09 6001113
3.075219e-06 1.086263e+09 6002113 1.074182e+09 6002113
8.278145e-07 1.027409e+09 6001113 1.045296e+09 6001113
3.536457e-06 1.064682e+09 6001113 1.058035e+09 6001113
2.876299e-06 1.049981e+09 6001113 1.034387e+09 6001113
3.041826e-06 1.074498e+09 6002113 1.065174e+09 6002113
2.970941e-06 1.082526e+09 6002114 1.06749e+09 6002113
1.982872e-06 1.061409e+09 6001113 1.04075e+09 6001113
2.966142e-06 1.094107e+09 6003113 1.085101e+09 6003113
4.354194e-08 1.030591e+09 6001114 1.047519e+09 6001113
3.180038e-06 1.003932e+09 6001113 1.029103e+09 6001113
3.196965e-06 1.059123e+09 6001113 1.05657e+09 6001113
4.671139e-06 1.051655e+09 6002114 1.050008e+09 6002113
2.790557e-06 1.061646e+09 6001114 1.061534e+09 6001113
3.089385e-06 1.058141e+09 6001113 1.025555e+09 6001113
2.960074e-06 1.076457e+09 6002113 1.074514e+09 6002113
3.227877e-06 1.091453e+09 6003114 1.084709e+09 6003113
8.209843e-07 1.083085e+09 6002113 1.059602e+09 6002113
3.187516e-06 1.04148e+09 6001113 1.060473e+09 6001113
1.885953e-06 1.055261e+09 6002113 1.061832e+09 6002113
3.219653e-06 1.043491e+09 6001113 1.065332e+09 6001113
3.123025e-06 1.059183e+09 6002114 1.072218e+09 6002113
4.740708e-09 1.047823e+09 6001114 1.056727e+09 6001113
2.826506e-06 1.061805e+09 6001114 1.066835e+09 6001113
3.159653e-06 1.061852e+09 6002114 1.058612e+09 6002113
2.818532e-06 1.0695e+09 6002114 1.066985e+09 6002113
2.960074e-06 1.105946e+09 6003113 1.079847e+09 6003113
2.797537e-06 1.040997e+09 6001113 1.059801e+09 6001113
4.196377e-06 1.040548e+09 6001113 1.036502e+09 6001113
2.750809e-06 1.0537e+09 6001113 1.061476e+09 6001113
1.522933e-06 1.082581e+09 6002114 1.05558e+09 6002113
3.229951e-06 1.049081e+09 6001113 1.05651e+09 6001113
5.976547e-07 1.041788e+09 6001113 1.043513e+09 6001113
2.116373e-06 1.080717e+09 6002114 1.076209e+09 6002113
2.826506e-06 1.100453e+09 6002114 1.040997e+09 6002113
3.272713e-06 1.054928e+09 6001113 1.047153e+09 6001113
7.546706e-07 1.05667e+09 6001113 1.059679e+09 6001113
2.78412e-06 1.076489e+09 6002114 1.081356e+09 6002113
2.439552e-06 1.053072e+09 6001113 1.071406e+09 6001113
1.87273e-06 1.067724e+09 6002114 1.072466e+09 6002113
6.865853e-07 1.045501e+09 6001113 1.053204e+09 6001113
2.223571e-06 1.028518e+09 6001113 1.050342e+09 6001113
2.703151e-06 1.057047e+09 6001113 1.044367e+09 6001113
2.754541e-06 1.032457e+09 6001113 1.066399e+09 6001113
1.072257e-07 1.06105e+09 6001114 1.02546e+09 6001113
3.089385e-06 1.06465e+09 6002113 1.073176e+09 6002113
2.960074e-06 1.074428e+09 6002114 1.07799e+09 6002113
3.081224e-06 1.068726e+09 6003113 1.109354e+09 6003113
3.101635e-06 1.059941e+09 6001113 1.066757e+09 6001113
2.820026e-06 1.048239e+09 6002113 1.065431e+09 6002113
2.808948e-06 1.061351e+09 6002113 1.085859e+09 6002113
2.741065e-06 1.069434e+09 6002113 1.08679e+09 6002113
2.431241e-06 1.057745e+09 6001114 1.051989e+09 6001113
2.750809e-06 1.04271e+09 6001114 1.048822e+09 6001113
3.180038e-06 1.047939e+09 6001114 1.04038e+09 6001113
2.820026e-06 1.068981e+09 6002113 1.061533e+09 6002113
2.970941e-06 1.044465e+09 6001113 1.067262e+09 6001113
3.294546e-06 1.067083e+09 6002113 1.07777e+09 6002113
3.112871e-06 1.048959e+09 6001113 1.060171e+09 6001113
5.976547e-07 1.119007e+09 6003113 1.083427e+09 6003113
3.497181e-06 1.097634e+09 6002113 1.07513e+09 6002113
1.746255e-07 1.011385e+09 6001114 1.056323e+09 6001113
2.548491e-06 9.882709e+08 6001114 1.057887e+09 6001113
3.272713e-06 1.057433e+09 6001114 1.034693e+09 6001113
3.039399e-06 1.090393e+09 6003114 1.070049e+09 6003113
3.272713e-06 1.071823e+09 6002114 1.072381e+09 6002113
2.8211e-06 1.05914e+09 6002113 1.079455e+09 6002113
1.234784e-07 1.068198e+09 6002113 1.086366e+09 6002113
2.78412e-06 1.024728e+09 6001114 1.041011e+09 6001113
6.865853e-07 1.055724e+09 6001114 1.042238e+09 6001113
3.229951e-06 1.058584e+09 6001114 1.065074e+09 6001113
3.076199e-06 1.05187e+09 6002113 1.077328e+09 6002113
3.294546e-06 1.035796e+09 6001114 1.033479e+09 6001113
3.112871e-06 1.050177e+09 6002114 1.074219e+09 6002113
3.128374e-06 1.051772e+09 6001113 1.059687e+09 6001113
2.960135e-06 1.043111e+09 6001113 1.018495e+09 6001113
1.649957e-06 1.073793e+09 6002113 1.075518e+09 6002113
2.818532e-06 1.029137e+09 6001113 1.053375e+09 6001113
4.062864e-06 1.04314e+09 6001114 1.04907e+09 6001113
2.108784e-06 1.068e+09 6001114 1.063396e+09 6001113
4.320208e-06 1.063642e+09 6002113 1.076371e+09 6002113
3.229951e-06 1.048996e+09 6001113 1.040491e+09 6001113
4.06465e-08 1.071378e+09 6002114 1.078502e+09 6002113
4.942947e-06 1.051978e+09 6001113 1.05018e+09 6001113
3.219653e-06 1.087784e+09 6002114 1.084087e+09 6002113
2.262549e-06 1.085271e+09 6002113 1.048607e+09 6002113
1.420979e-06 1.040498e+09 6002114 1.043452e+09 6002113
3.039399e-06 1.092551e+09 6003113 1.077115e+09 6003113
3.081224e-06 1.063673e+09 6001113 1.054257e+09 6001113
3.170171e-06 1.072739e+09 6002114 1.078792e+09 6002113
2.754541e-06 1.068273e+09 6001114 1.034343e+09 6001113
3.128374e-06 1.071117e+09 6001113 1.049201e+09 6001113
2.808948e-06 1.043145e+09 6001114 1.059291e+09 6001113
3.252398e-06 1.02941e+09 6001113 1.04213e+09 6001113
3.191704e-06 1.014174e+09 6001114 1.050707e+09 6001113
1.317401e-06 1.049315e+09 6001114 1.05528e+09 6001113
3.180719e-06 1.052785e+09 6001114 1.051625e+09 6001113
2.818532e-06 1.051986e+09 6001114 1.057663e+09 6001113
2.527328e-08 1.0866e+09 6002113 1.075647e+09 6002113
2.826506e-06 1.043989e+09 6001113 1.058576e+09 6001113
2.966142e-06 1.046341e+09 6001113 1.047074e+09 6001113
2.754541e-06 1.058537e+09 6002113 1.067794e+09 6002113
2.821035e-06 1.037032e+09 6001113 1.024248e+09 6001113
8.278145e-07 1.043562e+09 6001113 1.077228e+09 6001113
2.746369e-06 1.053681e+09 6001113 1.045465e+09 6001113
3.014869e-06 1.051975e+09 6001113 1.059615e+09 6001113
2.818532e-06 1.024261e+09 6001114 1.059891e+09 6001113
1.522933e-06 1.05305e+09 6001113 1.03272e+09 6001113
3.128374e-06 9.695221e+08 6001114 1.05046e+09 6001113
3.123025e-06 1.050392e+09 6001113 1.045898e+09 6001113
2.108784e-06 1.033155e+09 6001113 1.060493e+09 6001113
3.151927e-06 1.060111e+09 6001113 1.06132e+09 6001113
2.808948e-06 1.045826e+09 6001113 1.03488e+09 6001113
3.294546e-06 1.048448e+09 6001113 1.023565e+09 6001113
2.750809e-06 1.05034e+09 6001113 1.041371e+09 6001113
2.826506e-06 1.064767e+09 6002114 1.072549e+09 6002113
4.506258e-06 1.061887e+09 6001113 1.034229e+09 6001113
4.132597e-06 1.050099e+09 6001113 1.036947e+09 6001113
3.573728e-06 1.062193e+09 6001113 1.052611e+09 6001113
2.530773e-06 1.035292e+09 6002113 1.078413e+09 6002113
3.101635e-06 1.024997e+09 6001113 1.00753e+09 6001113
2.431241e-06 1.058544e+09 6001113 1.040389e+09 6001113
3.062063e-06 1.075559e+09 6002113 1.073149e+09 6002113
4.622926e-07 1.033474e+09 6001114 1.047816e+09 6001113
3.089385e-06 1.086114e+09 6002113 1.059151e+09 6002113
2.966142e-06 1.051367e+09 6001114 1.056797e+09 6001113
2.750809e-06 1.107197e+09 6003114 1.047087e+09 6003113
2.746369e-06 1.041719e+09 6002113 1.058689e+09 6002113
3.976122e-06 1.067914e+09 6002113 1.048124e+09 6002113
4.062864e-06 1.054789e+09 6001113 9.968285e+08 6001113
3.413385e-06 1.056745e+09 6001113 1.068128e+09 6001113
3.227877e-06 1.073991e+09 6002113 1.069001e+09 6002113
2.277167e-06 1.073063e+09 6002114 1.060492e+09 6002113
9.331113e-07 1.083158e+09 6003113 1.115021e+09 6003113
2.757646e-06 1.051835e+09 6001114 1.045385e+09 6001113
1.317401e-06 1.010982e+09 6002114 1.069002e+09 6002113
3.159653e-06 1.050176e+09 6001113 1.03262e+09 6001113
3.151927e-06 1.057991e+09 6001113 1.040732e+09 6001113
2.808948e-06 1.058968e+09 6001113 1.05846e+09 6001113
3.062063e-06 1.057927e+09 6001114 1.043463e+09 6001113
2.9212e-07 1.121138e+09 6003114 1.07024e+09 6003113
3.081224e-06 1.056829e+09 6001113 1.056498e+09 6001113
9.062175e-07 1.053344e+09 6001113 1.070957e+09 6001113
2.821035e-06 1.02936e+09 6001113 1.04169e+09 6001113
3.231766e-06 1.074324e+09 6002114 1.057354e+09 6002113
2.952774e-06 1.073852e+09 6003113 1.078969e+09 6003113
3.112871e-06 1.065475e+09 6001113 1.054715e+09 6001113
5.147581e-06 1.07637e+09 6003114 1.078951e+09 6003113
3.536457e-06 1.045799e+09 6001114 1.045117e+09 6001113
3.227877e-06 1.08296e+09 6002113 1.068017e+09 6002113
2.808948e-06 1.042622e+09 6001113 1.066553e+09 6001113
3.039399e-06 1.039322e+09 6001113 1.040626e+09 6001113
3.180719e-06 1.093583e+09 6002114 1.079829e+09 6002113
3.219653e-06 1.070905e+09 6001113 1.033887e+09 6001113
3.191704e-06 1.061536e+09 6001113 1.033559e+09 6001113
1.996142e-06 1.021636e+09 6001113 1.040815e+09 6001113
2.530773e-06 1.006509e+09 6001114 1.049104e+09 6001113
2.023273e-06 1.053846e+09 6001113 1.049545e+09 6001113
2.262549e-06 1.061345e+09 6001113 1.057311e+09 6001113
2.876299e-06 1.082246e+09 6002113 1.084677e+09 6002113
3.180719e-06 1.045689e+09 6001113 1.05596e+09 6001113
4.365265e-06 1.104191e+09 6002114 1.07169e+09 6002113
2.820026e-06 1.060683e+09 6003113 1.077948e+09 6003113
2.92115e-06 1.094202e+09 6003113 1.084259e+09 6003113
1.730193e-06 1.081081e+09 6002113 1.077502e+09 6002113
3.196965e-06 1.116634e+09 6003114 1.069986e+09 6003113
2.974465e-06 1.06545e+09 6001114 1.037448e+09 6001113
3.294546e-06 1.067074e+09 6002114 1.066289e+09 6002113
2.790557e-06 1.071098e+09 6002113 1.074808e+09 6002113
4.506258e-06 1.052686e+09 6001113 1.060922e+09 6001113
3.497181e-06 1.084162e+09 6002114 1.060775e+09 6002113
2.223571e-06 1.048471e+09 6001113 1.037891e+09 6001113
3.456132e-06 1.058525e+09 6001114 1.043464e+09 6001113
3.014869e-06 9.978326e+08 6001113 1.032739e+09 6001113
3.06153e-06 1.032885e+09 6001113 1.048998e+09 6001113
2.223571e-06 1.085465e+09 6002114 1.074002e+09 6002113
3.081224e-06 1.049647e+09 6001114 1.06044e+09 6001113
2.988039e-06 1.05144e+09 6001113 1.045109e+09 6001113
3.191704e-06 1.083863e+09 6003113 1.091634e+09 6003113
3.112871e-06 1.0543e+09 6001113 1.052743e+09 6001113
3.206111e-06 1.058755e+09 6001113 1.055738e+09 6001113
2.808948e-06 1.093534e+09 6002113 1.075779e+09 6002113
6.865853e-07 1.06301e+09 6001114 1.050612e+09 6001113
3.536457e-06 1.06521e+09 6001113 1.050412e+09 6001113
2.741065e-06 1.083076e+09 6002113 1.076618e+09 6002113
2.820026e-06 1.040873e+09 6001113 1.064206e+09 6001113
2.223173e-06 1.057002e+09 6001113 1.043552e+09 6001113
1.885953e-06 1.096136e+09 6002113 1.045192e+09 6002113
3.101635e-06 1.059911e+09 6001114 1.054633e+09 6001113
2.8211e-06 1.059317e+09 6001114 1.057731e+09 6001113
3.039399e-06 1.062293e+09 6002114 1.027381e+09 6002113
2.331007e-06 1.062518e+09 6002114 1.070198e+09 6002113
2.818207e-06 1.088194e+09 6002113 1.071025e+09 6002113
3.536457e-06 1.079444e+09 6002114 1.053271e+09 6002113
2.8211e-06 1.044116e+09 6001113 1.065577e+09 6001113
3.014869e-06 1.061869e+09 6001114 1.038388e+09 6001113
1.759445e-06 1.059188e+09 6001113 1.063024e+09 6001113
4.255863e-06 1.092654e+09 6002113 1.070619e+09 6002113
3.187516e-06 1.085882e+09 6002113 1.058526e+09 6002113
2.820106e-06 1.045733e+09 6002114 1.073785e+09 6002113
6.865853e-07 1.059153e+09 6001113 1.049958e+09 6001113
8.762388e-09 1.068085e+09 6002114 1.04066e+09 6002113
3.690641e-07 1.073298e+09 6002113 1.077983e+09 6002113
2.821035e-06 1.024635e+09 6001114 1.051319e+09 6001113
2.820026e-06 1.059809e+09 6002113 1.088529e+09 6002113
1.996142e-06 1.094039e+09 6002114 1.066599e+09 6002113
2.966142e-06 1.052471e+09 6001113 1.032944e+09 6001113
2.818532e-06 1.075075e+09 6002114 1.014367e+09 6002113
3.219653e-06 1.04848e+09 6001113 1.03984e+09 6001113
2.108784e-06 1.037382e+09 6001113 1.065786e+09 6001113
2.808948e-06 1.062642e+09 6001113 1.035623e+09 6001113
3.014869e-06 1.067518e+09 6002114 1.066135e+09 6002113
3.456132e-06 1.091757e+09 6002113 1.063961e+09 6002113
2.741065e-06 1.068847e+09 6002113 1.072376e+09 6002113
1.87273e-06 1.064626e+09 6001113 1.039724e+09 6001113
2.960074e-06 1.074125e+09 6002114 1.055823e+09 6002113
1.234784e-07 1.049481e+09 6002114 1.057446e+09 6002113
4.816049e-06 1.066023e+09 6001113 1.044014e+09 6001113
3.264232e-06 1.046345e+09 6001113 1.049486e+09 6001113
2.223571e-06 1.064522e+09 6001113 1.056734e+09 6001113
2.757646e-06 1.049593e+09 6001114 1.035282e+09 6001113
3.273601e-06 1.027859e+09 6001113 1.046168e+09 6001113
2.937031e-06 1.033701e+09 6001114 1.071401e+09 6001113
3.129155e-06 1.076836e+09 6002113 1.0829e+09 6002113
2.818532e-06 1.075608e+09 6002113 1.080097e+09 6002113
2.952774e-06 1.028749e+09 6001113 1.04632e+09 6001113
2.223173e-06 9.684644e+08 6001113 1.061859e+09 6001113
2.797537e-06 1.052243e+09 6001113 1.042985e+09 6001113
2.825402e-06 1.081778e+09 6002114 1.077217e+09 6002113
2.331007e-06 1.039086e+09 6001114 1.058252e+09 6001113
2.741744e-07 1.052472e+09 6001113 1.040324e+09 6001113
2.116373e-06 1.069965e+09 6001114 1.050646e+09 6001113
2.439552e-06 1.049862e+09 6001113 1.066494e+09 6001113
1.443013e-06 1.059758e+09 6002113 1.08138e+09 6002113
1.088797e-09 1.054593e+09 6001114 1.054035e+09 6001113
3.039399e-06 1.05116e+09 6001113 1.037552e+09 6001113
3.076199e-06 1.064954e+09 6001113 1.025085e+09 6001113
3.039399e-06 1.083151e+09 6002113 1.07461e+09 6002113
2.966142e-06 1.109108e+09 6003114 1.082069e+09 6003113
2.818207e-06 1.064923e+09 6002113 1.08356e+09 6002113
3.187516e-06 1.013998e+09 6001113 1.031857e+09 6001113
3.191704e-06 1.057817e+09 6001113 1.064206e+09 6001113
2.750809e-06 1.044476e+09 6001113 1.047002e+09 6001113
4.135013e-07 1.064304e+09 6001113 1.052001e+09 6001113
3.06153e-06 1.090979e+09 6002113 1.062552e+09 6002113
2.527328e-08 1.026965e+09 6001113 1.044115e+09 6001113
2.960135e-06 1.081486e+09 6002114 1.069349e+09 6002113
2.92115e-06 1.055594e+09 6001114 1.020065e+09 6001113
3.062063e-06 1.057788e+09 6001113 1.058094e+09 6001113
5.147581e-06 1.041415e+09 6001113 1.054869e+09 6001113
4.255863e-06 1.062355e+09 6001114 1.069192e+09 6001113
2.629824e-06 1.058443e+09 6002113 1.051622e+09 6002113
2.790557e-06 1.050794e+09 6001113 1.042198e+09 6001113
1.443013e-06 1.09207e+09 6002113 1.072718e+09 6002113
1.730193e-06 1.087436e+09 6002113 1.06385e+09 6002113
2.988039e-06 1.07806e+09 6002113 1.086731e+09 6002113
2.223173e-06 1.062887e+09 6001113 1.064917e+09 6001113
3.170171e-06 1.061607e+09 6001113 1.060776e+09 6001113
2.223173e-06 1.060373e+09 6001113 1.064516e+09 6001113
3.227877e-06 1.049612e+09 6002113 1.083667e+09 6002113
3.180719e-06 1.076785e+09 6002113 1.085308e+09 6002113
2.116373e-06 1.08308e+09 6002114 1.056409e+09 6002113
4.942947e-06 1.056181e+09 6001114 1.027433e+09 6001113
3.252398e-06 1.057673e+09 6002113 1.094184e+09 6002113
2.966142e-06 1.056665e+09 6001113 1.067281e+09 6001113
4.622926e-07 1.046231e+09 6001114 1.029486e+09 6001113
2.703151e-06 1.040171e+09 6001114 1.041463e+09 6001113
3.229951e-06 1.09198e+09 6003113 1.088932e+09 6003113
3.081224e-06 1.054417e+09 6001114 1.050433e+09 6001113
3.204008e-06 1.110867e+09 6003113 1.082537e+09 6003113
2.530773e-06 1.088762e+09 6002114 1.074222e+09 6002113
4.062864e-06 1.037522e+09 6001113 1.047593e+09 6001113
2.825402e-06 1.053676e+09 6001113 1.055791e+09 6001113
3.159653e-06 1.050015e+09 6001114 1.057368e+09 6001113
1.19963e-06 1.066295e+09 6001113 1.02162e+09 6001113
2.826506e-06 1.066207e+09 6001113 1.025024e+09 6001113
2.8211e-06 1.045768e+09 6001114 1.04941e+09 6001113
1.103027e-06 1.060245e+09 6001113 1.044707e+09 6001113
3.286964e-07 1.042168e+09 6001113 1.045571e+09 6001113
4.135013e-07 1.06055e+09 6003113 1.080401e+09 6003113
7.546706e-07 1.079827e+09 6002114 1.024384e+09 6002113
9.062175e-07 1.050206e+09 6002113 1.081857e+09 6002113
3.227877e-06 1.049191e+09 6001114 1.045505e+09 6001113
8.557578e-07 1.065513e+09 6002113 1.07894e+09 6002113
5.147581e-06 1.068985e+09 6001113 1.059799e+09 6001113
1.015488e-06 1.077178e+09 6003113 1.10114e+09 6003113
2.548491e-06 1.058582e+09 6001113 1.062617e+09 6001113
2.821035e-06 1.056275e+09 6001114 1.0554e+09 6001113
6.865853e-07 1.036587e+09 6001113 1.046258e+09 6001113
1.759445e-06 1.048725e+09 6001114 1.058391e+09 6001113
2.750809e-06 1.051581e+09 6002114 1.082015e+09 6002113
3.06153e-06 1.059942e+09 6001113 1.062073e+09 6001113
4.062864e-06 1.108615e+09 6003113 1.088901e+09 6003113
1.746255e-07 1.057062e+09 6001113 1.02252e+09 6001113
2.8211e-06 1.05281e+09 6001114 1.06349e+09 6001113
9.331113e-07 1.064273e+09 6001113 1.057151e+09 6001113
4.062864e-06 1.036288e+09 6002113 1.096917e+09 6002113
2.629824e-06 1.053713e+09 6001113 1.034421e+09 6001113
2.754541e-06 1.061725e+09 6001113 1.058212e+09 6001113
4.236113e-06 1.074862e+09 6001113 1.032416e+09 6001113
3.187516e-06 1.054249e+09 6001114 1.052981e+09 6001113
3.180719e-06 1.090642e+09 6002114 1.086435e+09 6002113
3.227877e-06 1.073731e+09 6002113 1.044963e+09 6002113
1.16151e-07 1.052862e+09 6001113 1.06076e+09 6001113
4.506258e-06 1.058991e+09 6001114 1.040695e+09 6001113
4.132597e-06 1.067696e+09 6001113 1.055728e+09 6001113
4.506258e-06 1.047769e+09 6002113 1.075747e+09 6002113
3.123025e-06 1.074703e+09 6002113 1.030284e+09 6002113
3.294546e-06 1.040224e+09 6001113 1.038086e+09 6001113
3.204008e-06 1.063623e+09 6001113 1.0373e+09 6001113
2.821035e-06 1.082727e+09 6002113 1.07671e+09 6002113
1.649957e-06 1.05541e+09 6001114 1.050184e+09 6001113
3.231766e-06 1.010573e+09 6001114 1.047212e+09 6001113
1.207888e-06 1.038656e+09 6001113 1.071862e+09 6001113
3.258892e-06 1.049014e+09 6002113 1.065789e+09 6002113
3.985176e-06 1.031959e+09 6001114 1.058134e+09 6001113
2.78412e-06 1.058956e+09 6001113 1.057591e+09 6001113
4.854096e-07 1.060019e+09 6002113 1.072178e+09 6002113
4.622926e-07 1.028698e+09 6001113 1.049966e+09 6001113
3.089385e-06 1.041421e+09 6002113 1.085243e+09 6002113
1.072257e-07 1.079691e+09 6002113 1.026323e+09 6002113
2.818532e-06 1.072821e+09 6002114 1.070616e+09 6002113
3.041826e-06 1.082715e+09 6002113 1.083249e+09 6002113
2.160857e-08 1.067005e+09 6001114 1.055518e+09 6001113
3.456132e-06 1.074621e+09 6002114 1.075277e+09 6002113
2.728122e-06 1.069452e+09 6002113 1.052472e+09 6002113
3.076199e-06 1.037581e+09 6001113 1.045019e+09 6001113
2.808948e-06 1.082583e+09 6002113 1.078807e+09 6002113
3.151927e-06 1.053592e+09 6001113 1.049052e+09 6001113
2.746369e-06 1.055589e+09 6002113 1.061389e+09 6002113
3.272713e-06 1.035963e+09 6001113 1.045786e+09 6001113
3.014869e-06 1.069079e+09 6002113 1.07287e+09 6002113
2.821035e-06 1.052701e+09 6001113 1.045742e+09 6001113
2.741065e-06 1.077267e+09 6002113 1.046253e+09 6002113
2.750809e-06 1.060165e+09 6001113 1.038364e+09 6001113
3.039399e-06 1.027003e+09 6001113 1.065893e+09 6001113
2.8211e-06 1.054043e+09 6001113 1.053459e+09 6001113
4.360539e-07 1.087665e+09 6002113 1.010556e+09 6002113
2.808948e-06 1.045471e+09 6001113 1.055587e+09 6001113
2.8211e-06 1.076482e+09 6002114 1.056014e+09 6002113
2.223571e-06 1.044241e+09 6001113 1.05445e+09 6001113
4.236113e-06 1.124089e+09 6003114 1.080185e+09 6003113
2.439552e-06 1.093808e+09 6002113 1.069284e+09 6002113
4.196377e-06 1.083191e+09 6002113 1.084047e+09 6002113
1.996142e-06 1.087395e+09 6003114 1.053662e+09 6003113
4.854096e-07 1.070956e+09 6002113 1.095684e+09 6002113
2.754541e-06 1.017987e+09 6001114 1.050545e+09 6001113
2.820026e-06 1.066194e+09 6002113 1.059428e+09 6002113
3.294546e-06 1.084869e+09 6002113 1.078312e+09 6002113
2.78412e-06 1.05108e+09 6001113 1.042315e+09 6001113
1.221926e-06 1.068516e+09 6002113 1.066582e+09 6002113
2.703151e-06 1.076774e+09 6002113 1.073636e+09 6002113
3.227877e-06 1.0571e+09 6001114 1.041955e+09 6001113
2.431241e-06 1.028757e+09 6001113 1.051742e+09 6001113
9.062175e-07 1.070302e+09 6002114 1.069019e+09 6002113
3.272713e-06 1.075396e+09 6002113 1.075225e+09 6002113
2.629824e-06 1.049807e+09 6002113 1.074857e+09 6002113
2.108784e-06 1.042867e+09 6001113 1.051228e+09 6001113
3.039399e-06 1.041117e+09 6001113 1.040868e+09 6001113
3.159653e-06 1.028247e+09 6001114 1.016425e+09 6001113
3.187516e-06 1.052829e+09 6001113 1.02565e+09 6001113
3.204008e-06 1.099108e+09 6002113 1.058211e+09 6002113
2.8211e-06 1.064047e+09 6001114 1.047389e+09 6001113
2.826506e-06 1.05346e+09 6001113 1.049266e+09 6001113
3.101635e-06 1.049395e+09 6001113 1.027891e+09 6001113
3.081224e-06 1.053086e+09 6001113 1.046177e+09 6001113
2.966142e-06 1.081292e+09 6002113 1.046143e+09 6002113
2.629824e-06 1.044757e+09 6001114 1.045166e+09 6001113
4.506258e-06 1.078683e+09 6002113 1.069402e+09 6002113
1.885953e-06 1.061096e+09 6001114 1.047927e+09 6001113
3.204008e-06 1.042982e+09 6001113 1.054542e+09 6001113
2.108784e-06 1.043642e+09 6001113 1.026032e+09 6001113
1.019876e-09 1.065675e+09 6001113 1.058271e+09 6001113
3.227877e-06 1.057401e+09 6001114 1.068393e+09 6001113
3.187516e-06 1.080885e+09 6002113 1.074759e+09 6002113
3.191704e-06 1.048993e+09 6001113 1.047364e+09 6001113
8.047091e-08 1.04989e+09 6001113 1.055882e+09 6001113
3.062063e-06 1.044934e+09 6001113 1.07516e+09 6001113
1.996142e-06 1.052326e+09 6001113 1.031811e+09 6001113
2.825402e-06 1.089807e+09 6002113 1.055185e+09 6002113
2.737738e-08 1.082952e+09 6002113 1.050372e+09 6002113
2.821035e-06 1.045662e+09 6001113 1.042181e+09 6001113
2.992927e-06 1.019567e+09 6001113 1.049856e+09 6001113
3.112871e-06 1.025403e+09 6001114 1.066148e+09 6001113
3.196965e-06 1.079076e+09 6002113 1.076957e+09 6002113
3.089385e-06 1.043183e+09 6001114 1.040744e+09 6001113
3.215034e-06 1.082973e+09 6002114 1.074059e+09 6002113
4.557273e-06 1.050153e+09 6002113 1.07124e+09 6002113
3.196965e-06 1.041683e+09 6001113 1.037324e+09 6001113
3.101635e-06 1.078879e+09 6002114 1.037254e+09 6002113
6.865853e-07 1.079188e+09 6002114 1.051043e+09 6002113
2.439552e-06 1.063787e+09 6001113 1.01455e+09 6001113
3.907289e-06 1.07682e+09 6002113 1.069736e+09 6002113
1.730193e-06 1.047184e+09 6001114 1.039111e+09 6001113
2.431241e-06 1.080272e+09 6002113 1.075273e+09 6002113
2.821035e-06 1.083755e+09 6002113 1.062188e+09 6002113
1.982872e-06 1.119675e+09 6003113 1.089321e+09 6003113
3.204008e-06 1.060206e+09 6002113 1.076608e+09 6002113
3.112871e-06 1.120265e+09 6003113 1.06979e+09 6003113
2.818532e-06 1.054628e+09 6001113 1.017714e+09 6001113
8.278145e-07 1.065898e+09 6002113 1.056218e+09 6002113
3.536457e-06 1.054178e+09 6001113 1.057176e+09 6001113
3.229951e-06 1.092659e+09 6002114 1.082076e+09 6002113
2.820106e-06 1.028246e+09 6001113 1.03002e+09 6001113
3.151927e-06 1.040075e+09 6001113 1.04722e+09 6001113
2.876299e-06 1.070749e+09 6002113 1.084277e+09 6002113
3.081224e-06 1.039284e+09 6001114 1.05844e+09 6001113
3.128374e-06 1.048896e+09 6001113 1.056897e+09 6001113
4.236113e-06 1.048819e+09 6001114 1.048835e+09 6001113
2.818532e-06 1.022979e+09 6001113 1.034072e+09 6001113
3.573728e-06 1.074956e+09 6003113 1.116673e+09 6003113
2.78412e-06 1.095366e+09 6003114 1.082622e+09 6003113
3.06153e-06 1.004494e+09 6001113 1.025479e+09 6001113
3.294546e-06 1.08324e+09 6002113 1.059402e+09 6002113
1.00074e-06 1.040909e+09 6001113 1.050033e+09 6001113
2.974465e-06 9.9827e+08 6001113 1.03384e+09 6001113
2.757646e-06 1.039402e+09 6001113 1.061468e+09 6001113
3.180038e-06 1.062707e+09 6001113 1.041138e+09 6001113
1.19963e-06 1.044382e+09 6001114 1.051079e+09 6001113
3.014869e-06 1.037082e+09 6001113 1.048252e+09 6001113
3.690641e-07 9.996863e+08 6001113 1.050783e+09 6001113
1.649957e-06 1.015706e+09 6001113 1.065753e+09 6001113
2.992927e-06 1.043523e+09 6002113 1.034186e+09 6002113
4.506258e-06 1.035272e+09 6002113 1.09159e+09 6002113
3.123025e-06 1.048586e+09 6001113 1.044284e+09 6001113
3.159653e-06 1.04919e+09 6001113 1.065569e+09 6001113
1.877112e-07 1.052409e+09 6001113 1.042372e+09 6001113
2.78412e-06 1.06001e+09 6002113 1.076833e+09 6002113
3.112871e-06 1.079624e+09 6002114 1.083656e+09 6002113
3.151927e-06 1.11444e+09 6003114 1.084197e+09 6003113
2.741065e-06 1.032223e+09 6001113 1.063039e+09 6001113
3.536457e-06 1.070958e+09 6002114 1.07462e+09 6002113
2.530773e-06 1.072694e+09 6002113 1.070875e+09 6002113
3.206111e-06 1.02344e+09 6001113 1.046809e+09 6001113
1.22918e-09 1.051018e+09 6002113 1.096148e+09 6002113
3.089385e-06 1.042223e+09 6001113 1.030739e+09 6001113
3.180038e-06 1.087241e+09 6003113 1.089485e+09 6003113
3.129155e-06 1.039327e+09 6001113 1.066693e+09 6001113
2.826506e-06 1.046834e+09 6001113 1.058801e+09 6001113
2.790557e-06 1.041097e+09 6001113 1.047462e+09 6001113
2.790557e-06 1.041097e+09 6001113 1.047462e+09 6001113
1.221926e-06 1.074423e+09 6003113 1.099233e+09 6003113
3.187516e-06 1.108287e+09 6003114 1.079316e+09 6003113
2.821035e-06 1.100142e+09 6002114 1.083155e+09 6002113
2.116373e-06 1.071425e+09 6002113 1.083527e+09 6002113
2.629824e-06 1.054115e+09 6001113 1.056867e+09 6001113
3.159653e-06 1.07231e+09 6002113 1.056095e+09 6002113
2.754541e-06 1.044751e+09 6001113 1.063079e+09 6001113
2.826506e-06 1.074486e+09 6002113 1.065034e+09 6002113
3.219653e-06 1.044511e+09 6001113 1.048353e+09 6001113
3.170171e-06 1.090653e+09 6002114 1.046496e+09 6002113
3.497181e-06 1.039317e+09 6001113 1.052265e+09 6001113
3.06153e-06 1.053577e+09 6001113 1.063797e+09 6001113
2.728122e-06 1.074597e+09 6002113 1.081321e+09 6002113
2.988039e-06 1.042703e+09 6001113 1.057353e+09 6001113
3.062063e-06 1.054062e+09 6001114 1.060398e+09 6001113
2.8211e-06 1.077508e+09 6001113 1.038793e+09 6001113
3.159653e-06 1.05964e+09 6001113 1.06048e+09 6001113
2.826506e-06 1.036877e+09 6001114 1.069053e+09 6001113
2.757646e-06 1.08185e+09 6002113 1.074865e+09 6002113
2.757646e-06 1.067247e+09 6002114 1.033549e+09 6002113
8.278145e-07 1.050822e+09 6001113 1.051115e+09 6001113
2.974465e-06 1.073107e+09 6002113 1.050214e+09 6002113
2.960074e-06 1.037522e+09 6001113 1.038319e+09 6001113
2.952774e-06 1.038158e+09 6001114 1.045611e+09 6001113
2.821035e-06 1.046277e+09 6001114 1.055906e+09 6001113
3.229951e-06 1.075159e+09 6003113 1.116548e+09 6003113
4.816049e-06 1.05726e+09 6001113 1.052002e+09 6001113
3.170171e-06 1.044184e+09 6001113 1.050804e+09 6001113
1.417738e-06 1.046797e+09 6001113 1.049921e+09 6001113
3.039399e-06 1.049087e+09 6001113 1.050979e+09 6001113
3.573728e-06 1.057363e+09 6001113 1.026237e+09 6001113
3.041826e-06 1.075688e+09 6002113 1.075887e+09 6002113
8.557578e-07 1.088984e+09 6002113 1.066045e+09 6002113
2.790557e-06 1.053462e+09 6001114 1.016279e+09 6001113
2.431241e-06 1.069515e+09 6002114 1.064861e+09 6002113
4.671139e-06 1.077972e+09 6002113 1.077466e+09 6002113
4.196377e-06 1.076411e+09 6002113 1.066251e+09 6002113
4.506258e-06 1.082266e+09 6002113 1.070873e+09 6002113
3.06153e-06 1.101606e+09 6003114 1.078947e+09 6003113
2.331007e-06 1.071687e+09 6002113 1.076114e+09 6002113
2.818207e-06 1.060197e+09 6001113 1.070091e+09 6001113
6.49246e-09 1.065735e+09 6001113 1.048291e+09 6001113
3.180038e-06 1.075623e+09 6002113 1.076008e+09 6002113
2.530773e-06 1.041919e+09 6001113 1.062358e+09 6001113
2.746369e-06 1.084462e+09 6002113 1.080714e+09 6002113
2.750809e-06 1.061987e+09 6001113 1.050661e+09 6001113
2.746369e-06 1.06517e+09 6001113 1.040252e+09 6001113
9.062175e-07 1.026673e+09 6001113 1.050262e+09 6001113
2.223571e-06 1.052604e+09 6001113 1.057748e+09 6001113
2.629824e-06 1.057475e+09 6001114 1.058632e+09 6001113
3.041826e-06 1.078574e+09 6002113 1.070036e+09 6002113
4.360539e-07 1.022703e+09 6001113 1.060314e+09 6001113
2.821035e-06 1.039071e+09 6001114 1.064601e+09 6001113
6.233523e-07 1.056491e+09 6001113 1.043161e+09 6001113
2.821035e-06 1.072783e+09 6002114 1.082887e+09 6002113
2.952774e-06 1.050341e+09 6001113 1.050026e+09 6001113
3.123025e-06 1.080932e+09 6002113 1.08536e+09 6002113
3.196965e-06 1.05516e+09 6001113 1.023654e+09 6001113
3.273601e-06 1.045346e+09 6002113 1.091881e+09 6002113
4.132597e-06 1.075565e+09 6002113 1.047872e+09 6002113
2.820026e-06 1.028492e+09 6001113 1.064705e+09 6001113
3.159653e-06 1.045901e+09 6001113 9.947257e+08 6001113
2.820026e-06 1.055984e+09 6002113 1.073599e+09 6002113
3.196965e-06 1.092477e+09 6002114 1.055573e+09 6002113
2.223173e-06 1.075749e+09 6003113 1.096673e+09 6003113
3.229951e-06 1.07575e+09 6002114 1.061807e+09 6002113
2.820026e-06 1.075676e+09 6002113 1.091972e+09 6002113
2.960135e-06 1.092412e+09 6002113 1.084851e+09 6002113
3.128374e-06 1.053856e+09 6001114 1.040314e+09 6001113
1.960537e-06 1.055101e+09 6001113 1.053463e+09 6001113
3.573728e-06 1.059472e+09 6001114 1.05226e+09 6001113
3.196965e-06 1.040677e+09 6001113 1.056909e+09 6001113
3.159653e-06 1.087273e+09 6002114 1.075719e+09 6002113
3.536457e-06 1.071972e+09 6002113 1.086175e+09 6002113
3.273601e-06 1.079313e+09 6002113 1.073818e+09 6002113
1.579138e-08 1.050596e+09 6001114 1.027575e+09 6001113
5.391923e-07 1.050684e+09 6002113 1.09721e+09 6002113
3.180719e-06 1.020403e+09 6001114 1.054367e+09 6001113
3.101635e-06 1.038465e+09 6001113 1.067711e+09 6001113
3.272713e-06 1.054557e+09 6001113 1.051372e+09 6001113
2.820026e-06 1.108509e+09 6003113 1.054596e+09 6003113
2.960135e-06 1.087711e+09 6003113 1.118957e+09 6003113
2.750809e-06 1.034373e+09 6001113 1.06595e+09 6001113
2.818207e-06 1.048718e+09 6001114 1.059633e+09 6001113
3.112871e-06 1.033549e+09 6001113 1.049062e+09 6001113
1.746255e-07 1.056204e+09 6001113 1.04469e+09 6001113
1.19585e-06 1.104446e+09 6003113 1.084062e+09 6003113
2.530773e-06 1.049385e+09 6002113 1.081162e+09 6002113
3.180719e-06 1.050887e+09 6001114 1.059214e+09 6001113
3.294546e-06 1.031067e+09 6001113 1.056392e+09 6001113
3.273601e-06 1.018178e+09 6001114 1.053127e+09 6001113
2.728122e-06 1.057277e+09 6001113 1.034888e+09 6001113
2.818532e-06 1.075115e+09 6002113 1.04438e+09 6002113
2.876299e-06 1.061384e+09 6002114 1.083404e+09 6002113
5.147581e-06 1.085e+09 6002113 1.064468e+09 6002113
4.365265e-06 1.04379e+09 6001113 1.048896e+09 6001113
3.206111e-06 1.062637e+09 6002113 1.042316e+09 6002113
6.610502e-07 1.0385e+09 6001113 1.041564e+09 6001113
6.610502e-07 1.0385e+09 6001113 1.041564e+09 6001113
3.101635e-06 1.05256e+09 6002113 1.092314e+09 6002113
2.331007e-06 1.074872e+09 6002113 1.079677e+09 6002113
2.78412e-06 1.09695e+09 6003114 1.068768e+09 6003113
3.294546e-06 1.08057e+09 6003113 1.113947e+09 6003113
3.536457e-06 1.095612e+09 6002114 1.06385e+09 6002113
3.076199e-06 1.03079e+09 6001113 1.041647e+09 6001113
3.123025e-06 1.07309e+09 6003113 1.097076e+09 6003113
3.272713e-06 1.040434e+09 6001114 1.068195e+09 6001113
1.885953e-06 1.083452e+09 6002113 1.047651e+09 6002113
1.420979e-06 1.049457e+09 6001114 1.042169e+09 6001113
2.757646e-06 1.046303e+09 6001114 1.057178e+09 6001113
2.629824e-06 9.826774e+08 6001114 1.044068e+09 6001113
3.101635e-06 1.075846e+09 6002113 1.092384e+09 6002113
3.041826e-06 1.062664e+09 6002114 1.055199e+09 6002113
3.180038e-06 1.032104e+09 6001113 1.070102e+09 6001113
3.076199e-06 1.078896e+09 6002113 1.082287e+09 6002113
3.039399e-06 1.057529e+09 6001114 1.053768e+09 6001113
3.039399e-06 1.050542e+09 6001114 1.05282e+09 6001113
2.134092e-07 1.068164e+09 6002113 1.076982e+09 6002113
3.041826e-06 1.035232e+09 6001113 1.025624e+09 6001113
2.8211e-06 1.043344e+09 6001113 1.066444e+09 6001113
8.762388e-09 1.08345e+09 6002113 1.077696e+09 6002113
3.041826e-06 1.048198e+09 6001114 1.046036e+09 6001113
2.754541e-06 1.044455e+09 6001114 1.048732e+09 6001113
3.180719e-06 1.045615e+09 6001114 1.046985e+09 6001113
3.286964e-07 1.040831e+09 6001113 1.051175e+09 6001113
4.196377e-06 1.035647e+09 6001113 1.060359e+09 6001113
2.820026e-06 1.044807e+09 6002113 1.08238e+09 6002113
3.101635e-06 1.086623e+09 6002114 1.05608e+09 6002113
6.610502e-07 1.038266e+09 6001113 1.024135e+09 6001113
3.129155e-06 1.066496e+09 6002114 1.084227e+09 6002113
3.252398e-06 1.090315e+09 6002114 1.059917e+09 6002113
2.820026e-06 1.050887e+09 6001113 1.044737e+09 6001113
3.191704e-06 1.046863e+09 6001113 1.055025e+09 6001113
3.06153e-06 1.076205e+09 6002113 1.062547e+09 6002113
3.258892e-06 1.058981e+09 6001114 1.06028e+09 6001113
2.223173e-06 1.042565e+09 6001114 1.05337e+09 6001113
1.778498e-06 1.036551e+09 6001113 1.05754e+09 6001113
3.101635e-06 1.070951e+09 6002113 1.079258e+09 6002113
2.331007e-06 1.031725e+09 6001113 1.050111e+09 6001113
2.960074e-06 1.064105e+09 6001113 1.056438e+09 6001113
3.204008e-06 1.05993e+09 6001113 1.072853e+09 6001113
3.089385e-06 1.081811e+09 6002113 1.067188e+09 6002113
3.180719e-06 1.047137e+09 6002114 1.075146e+09 6002113
3.159653e-06 1.085609e+09 6003113 1.085101e+09 6003113
3.497181e-06 1.046396e+09 6001113 1.06694e+09 6001113
3.062063e-06 1.062481e+09 6001113 1.042142e+09 6001113
3.536457e-06 1.061171e+09 6002114 1.070375e+09 6002113
3.273601e-06 1.05794e+09 6001113 1.046686e+09 6001113
6.233523e-07 1.031852e+09 6001114 1.03953e+09 6001113
3.907289e-06 1.065676e+09 6002113 1.077504e+09 6002113
3.112871e-06 1.077025e+09 6002114 1.065932e+09 6002113
2.820026e-06 1.059646e+09 6002114 1.067182e+09 6002113
2.757646e-06 1.07227e+09 6002113 1.091761e+09 6002113
4.255863e-06 1.018445e+09 6001113 1.057298e+09 6001113
1.544435e-06 1.040656e+09 6002113 1.071117e+09 6002113
3.076199e-06 1.052979e+09 6001114 1.052934e+09 6001113
1.996142e-06 1.049904e+09 6001113 1.066047e+09 6001113
1.87273e-06 1.091397e+09 6002114 1.061199e+09 6002113
3.219653e-06 1.070311e+09 6002113 1.076181e+09 6002113
3.039399e-06 1.041987e+09 6002113 1.091152e+09 6002113
3.227877e-06 1.058026e+09 6001113 1.033781e+09 6001113
1.522933e-06 1.078461e+09 6002114 1.071137e+09 6002113
2.757646e-06 1.04609e+09 6001113 1.064258e+09 6001113
2.431241e-06 1.043779e+09 6001113 1.032074e+09 6001113
6.865853e-07 1.043534e+09 6001113 1.057758e+09 6001113
3.039399e-06 1.068432e+09 6002113 1.08627e+09 6002113
2.820026e-06 1.041158e+09 6001114 1.015561e+09 6001113
3.062063e-06 1.071494e+09 6002113 1.084241e+09 6002113
2.988039e-06 1.03789e+09 6001114 1.054447e+09 6001113
3.231766e-06 1.04568e+09 6001113 1.013581e+09 6001113
2.820026e-06 1.052954e+09 6001113 1.025426e+09 6001113
3.985176e-06 1.118893e+09 6003113 1.077617e+09 6003113
2.820106e-06 1.052308e+09 6001113 1.057985e+09 6001113
3.089385e-06 1.056053e+09 6002113 1.060542e+09 6002113
3.252398e-06 1.052604e+09 6001113 1.04942e+09 6001113
3.605725e-06 1.055282e+09 6001113 1.055625e+09 6001113
3.907289e-06 1.070812e+09 6002113 1.087313e+09 6002113
2.825402e-06 1.075174e+09 6001113 1.034086e+09 6001113
2.8211e-06 1.057522e+09 6001114 1.03247e+09 6001113
2.116373e-06 1.036436e+09 6001113 1.052787e+09 6001113
2.808948e-06 1.08095e+09 6002113 1.067447e+09 6002113
4.132597e-06 1.035413e+09 6001113 1.070395e+09 6001113
1.522933e-06 1.043761e+09 6001113 1.049e+09 6001113
7.546706e-07 1.084046e+09 6002113 1.078853e+09 6002113
3.227877e-06 1.036268e+09 6001113 1.042516e+09 6001113
2.966142e-06 1.034019e+09 6001114 1.046963e+09 6001113
2.629824e-06 1.046005e+09 6001114 1.056159e+09 6001113
8.557578e-07 1.083233e+09 6002113 1.039985e+09 6002113
3.187516e-06 1.084134e+09 6002114 1.07422e+09 6002113
2.746369e-06 1.067802e+09 6002113 1.076602e+09 6002113
3.123025e-06 1.033514e+09 6001113 1.027367e+09 6001113
3.098066e-07 1.082155e+09 6002113 1.04877e+09 6002113
2.960074e-06 1.034776e+09 6001113 1.069071e+09 6001113
3.129155e-06 1.033498e+09 6001113 1.057416e+09 6001113
3.076199e-06 9.986083e+08 6001114 1.021762e+09 6001113
2.223173e-06 1.053755e+09 6001113 1.065006e+09 6001113
3.170171e-06 1.050327e+09 6001114 1.050746e+09 6001113
2.34245e-08 1.05606e+09 6001114 1.060399e+09 6001113
