8.748158e-07 1.080619e+09 6002113 1.111622e+09 6002113
6.603114e-07 1.083748e+09 6001113 1.089665e+09 6001113
1.19626e-06 1.085198e+09 6001113 1.082554e+09 6001113
1.197831e-06 1.074245e+09 6001113 1.058688e+09 6001113
1.197831e-06 1.074245e+09 6001113 1.058688e+09 6001113
3.211619e-07 1.066642e+09 6001113 1.102689e+09 6001113
1.312476e-06 1.126038e+09 6003113 1.067163e+09 6003113
1.058745e-06 1.100929e+09 6001113 1.062599e+09 6001113
1.057782e-06 1.086998e+09 6002113 1.106226e+09 6002113
5.926432e-09 1.035683e+09 6001113 1.097944e+09 6001113
1.29707e-06 1.061428e+09 6001113 1.090474e+09 6001113
1.193709e-06 1.083351e+09 6001113 1.078457e+09 6001113
1.121397e-06 1.073684e+09 6001113 1.074008e+09 6001113
1.05766e-06 1.106365e+09 6003113 1.151047e+09 6003113
1.931863e-06 1.068652e+09 6001113 1.062497e+09 6001113
7.942649e-07 1.063055e+09 6001113 1.057324e+09 6001113
1.110902e-06 1.093101e+09 6002113 1.099801e+09 6002113
1.18975e-06 1.109887e+09 6002113 1.085848e+09 6002113
1.203238e-06 1.070133e+09 6002113 1.113983e+09 6002113
1.353212e-06 1.062498e+09 6001113 1.061674e+09 6001113
1.22061e-06 1.051449e+09 6001113 1.041943e+09 6001113
1.174357e-06 1.071806e+09 6001113 1.096324e+09 6001113
1.032366e-06 1.098402e+09 6002113 1.10278e+09 6002113
1.058372e-06 1.070816e+09 6001113 1.067636e+09 6001113
4.487968e-07 1.093474e+09 6002113 1.114844e+09 6002113
1.855065e-06 1.072187e+09 6001113 1.092778e+09 6001113
1.212185e-06 1.084332e+09 6001113 1.077793e+09 6001113
4.245664e-07 1.052339e+09 6001113 1.08841e+09 6001113
8.344957e-07 1.091825e+09 6001113 1.094198e+09 6001113
1.174064e-06 1.067013e+09 6001113 1.054081e+09 6001113
1.228567e-06 1.056583e+09 6001113 1.099002e+09 6001113
2.102713e-09 1.074234e+09 6001113 1.095355e+09 6001113
1.131466e-06 1.055715e+09 6001113 1.069261e+09 6001113
1.131466e-06 1.055715e+09 6001113 1.069261e+09 6001113
4.487968e-07 1.092311e+09 6001113 1.061935e+09 6001113
1.193453e-06 1.062569e+09 6002113 1.110184e+09 6002113
1.057782e-06 1.066849e+09 6001113 1.083689e+09 6001113
9.497873e-07 1.095409e+09 6001113 1.059859e+09 6001113
1.212866e-06 1.060273e+09 6001113 1.072613e+09 6001113
1.212866e-06 1.060273e+09 6001113 1.072613e+09 6001113
3.106748e-07 1.080127e+09 6001113 1.092157e+09 6001113
1.49222e-06 1.046241e+09 6001113 1.060916e+09 6001113
6.192211e-07 1.046768e+09 6001113 1.042662e+09 6001113
1.148978e-06 1.09352e+09 6002113 1.106149e+09 6002113
1.182903e-06 1.066306e+09 6001113 1.089245e+09 6001113
1.22061e-06 1.058999e+09 6001113 1.069947e+09 6001113
1.18975e-06 1.055265e+09 6001113 1.062312e+09 6001113
1.116302e-06 1.128431e+09 6002113 1.058235e+09 6002113
1.049902e-06 1.08591e+09 6001113 1.075925e+09 6001113
1.551851e-07 1.075189e+09 6002113 1.12385e+09 6002113
5.79619e-07 1.063684e+09 6001113 1.067416e+09 6001113
1.108162e-06 1.07464e+09 6001113 1.083592e+09 6001113
1.032366e-06 1.073669e+09 6001113 1.077092e+09 6001113
8.491238e-07 1.086489e+09 6001113 1.06843e+09 6001113
9.564366e-07 1.111496e+09 6002113 1.084648e+09 6002113
7.441625e-07 1.09323e+09 6001113 1.063959e+09 6001113
1.148978e-06 1.061292e+09 6001113 1.064034e+09 6001113
1.11498e-06 1.029541e+09 6001113 1.066321e+09 6001113
3.288483e-09 1.097827e+09 6002113 1.106638e+09 6002113
1.931863e-06 1.081665e+09 6001113 1.038303e+09 6001113
7.942649e-07 1.075214e+09 6001113 1.081815e+09 6001113
1.621354e-06 1.070543e+09 6001113 1.07838e+09 6001113
1.589793e-06 1.069838e+09 6001113 1.074516e+09 6001113
9.155524e-07 1.082079e+09 6002113 1.088854e+09 6002113
1.208321e-06 1.071543e+09 6001113 1.068407e+09 6001113
8.344957e-07 1.074071e+09 6001113 1.062672e+09 6001113
4.533146e-07 1.091603e+09 6003113 1.130612e+09 6003113
1.551851e-07 1.081482e+09 6001113 1.085148e+09 6001113
1.168246e-06 1.075381e+09 6001113 1.094311e+09 6001113
3.420698e-07 1.065888e+09 6001113 1.087402e+09 6001113
1.228567e-06 1.069823e+09 6001113 1.07058e+09 6001113
1.148978e-06 1.051395e+09 6001113 1.089244e+09 6001113
1.524774e-06 1.091962e+09 6002113 1.116014e+09 6002113
1.033766e-06 1.080828e+09 6002113 1.115681e+09 6002113
1.11498e-06 1.086364e+09 6001113 1.084261e+09 6001113
1.22061e-06 1.08115e+09 6001113 1.044302e+09 6001113
9.869605e-07 1.081424e+09 6001113 1.095687e+09 6001113
9.869605e-07 1.046659e+09 6001113 1.0802e+09 6001113
1.01448e-06 1.084766e+09 6001113 1.08265e+09 6001113
1.034932e-06 1.080573e+09 6001113 1.043741e+09 6001113
1.18975e-06 1.077388e+09 6001113 1.081405e+09 6001113
9.564366e-07 1.082376e+09 6001113 1.096097e+09 6001113
1.855065e-06 1.094674e+09 6002113 1.089092e+09 6002113
1.327215e-06 1.050799e+09 6001113 1.064932e+09 6001113
1.030699e-06 1.081546e+09 6001113 1.073706e+09 6001113
1.185803e-06 1.056594e+09 6001113 1.074701e+09 6001113
1.079461e-06 1.083638e+09 6001113 1.0828e+09 6001113
1.193709e-06 1.054712e+09 6001113 1.058078e+09 6001113
1.341203e-06 1.049643e+09 6001113 1.087552e+09 6001113
1.202449e-06 1.067406e+09 6001113 1.066398e+09 6001113
1.131466e-06 1.074035e+09 6001113 1.087544e+09 6001113
1.058721e-06 1.043791e+09 6001113 1.066368e+09 6001113
1.058721e-06 1.043791e+09 6001113 1.066368e+09 6001113
1.034932e-06 1.083308e+09 6001113 1.071336e+09 6001113
1.113179e-06 1.088343e+09 6001113 1.034991e+09 6001113
1.044867e-06 1.083996e+09 6001113 1.073607e+09 6001113
1.058342e-06 1.050863e+09 6001113 1.061538e+09 6001113
1.185803e-06 1.084632e+09 6001113 1.06861e+09 6001113
6.674618e-07 1.093673e+09 6001113 1.097316e+09 6001113
4.139607e-07 1.06533e+09 6001113 1.080091e+09 6001113
1.023851e-06 1.14243e+09 6003113 1.068169e+09 6003113
1.855065e-06 1.084289e+09 6001113 1.070645e+09 6001113
9.087336e-08 1.049802e+09 6001113 1.053333e+09 6001113
1.028709e-06 1.075595e+09 6001113 1.081619e+09 6001113
1.023851e-06 1.051684e+09 6001113 1.079564e+09 6001113
3.211619e-07 1.078893e+09 6001113 1.071483e+09 6001113
1.023851e-06 1.0757e+09 6002113 1.117854e+09 6002113
1.63649e-07 1.085086e+09 6002113 1.099904e+09 6002113
1.162689e-07 1.059728e+09 6001113 1.08419e+09 6001113
1.110902e-06 1.091436e+09 6002113 1.103205e+09 6002113
1.174357e-06 1.061763e+09 6001113 1.070964e+09 6001113
1.327215e-06 1.077175e+09 6001113 1.077763e+09 6001113
3.211619e-07 1.107064e+09 6003113 1.128683e+09 6003113
1.033766e-06 1.085803e+09 6001113 1.079507e+09 6001113
1.058721e-06 1.070238e+09 6001113 1.058481e+09 6001113
4.245664e-07 1.093217e+09 6003113 1.041511e+09 6003113
1.156369e-06 1.092589e+09 6001113 1.045871e+09 6001113
1.054185e-06 1.085556e+09 6002113 1.079738e+09 6002113
1.154483e-06 1.062187e+09 6001113 1.083094e+09 6001113
1.621354e-06 1.05706e+09 6001113 1.054546e+09 6001113
1.228567e-06 1.068844e+09 6001113 1.095113e+09 6001113
1.931863e-06 1.07414e+09 6002113 1.117495e+09 6002113
9.087336e-08 1.065765e+09 6001113 1.087804e+09 6001113
1.058745e-06 1.069212e+09 6001113 1.082748e+09 6001113
1.05766e-06 1.09798e+09 6001113 1.055265e+09 6001113
1.821719e-07 1.064482e+09 6001113 1.077949e+09 6001113
1.030699e-06 1.09314e+09 6002113 1.115285e+09 6002113
1.172057e-06 1.089317e+09 6001113 1.071748e+09 6001113
1.206587e-06 1.08282e+09 6001113 1.08239e+09 6001113
1.023851e-06 1.057868e+09 6001113 1.060743e+09 6001113
1.05766e-06 1.073793e+09 6001113 1.081475e+09 6001113
7.077892e-07 1.083535e+09 6002113 1.073593e+09 6002113
1.164029e-06 1.077876e+09 6001113 1.0648e+09 6001113
1.597205e-06 1.072497e+09 6001113 1.097918e+09 6001113
1.054185e-06 1.058456e+09 6001113 1.09105e+09 6001113
1.208321e-06 1.085968e+09 6001113 1.072198e+09 6001113
1.208321e-06 1.042992e+09 6001113 1.076747e+09 6001113
1.110925e-06 1.092215e+09 6001113 1.078432e+09 6001113
1.734962e-07 1.084344e+09 6001113 1.040542e+09 6001113
1.168246e-06 1.079335e+09 6001113 1.072236e+09 6001113
1.168246e-06 1.079335e+09 6001113 1.072236e+09 6001113
1.168246e-06 1.079335e+09 6001113 1.072236e+09 6001113
1.199806e-06 1.054494e+09 6001113 1.074337e+09 6001113
9.497873e-07 1.066205e+09 6001113 1.082171e+09 6001113
1.202449e-06 1.062021e+09 6001113 1.094719e+09 6001113
1.29707e-06 1.078866e+09 6001113 1.077613e+09 6001113
1.49222e-06 1.084058e+09 6001113 1.050123e+09 6001113
1.023851e-06 1.059942e+09 6001113 1.069788e+09 6001113
1.034932e-06 1.059674e+09 6001113 1.060314e+09 6001113
2.065307e-08 1.086559e+09 6001113 1.093306e+09 6001113
1.108162e-06 1.088087e+09 6001113 1.080638e+09 6001113
1.212185e-06 1.043345e+09 6001113 1.081895e+09 6001113
1.174064e-06 1.061632e+09 6001113 1.041624e+09 6001113
1.01448e-06 1.091663e+09 6001113 1.084574e+09 6001113
3.811079e-07 1.050757e+09 6001113 1.070575e+09 6001113
1.060774e-06 1.08435e+09 6001113 1.071324e+09 6001113
1.400986e-08 1.110133e+09 6002113 1.087718e+09 6002113
1.044867e-06 1.124664e+09 6002113 1.090746e+09 6002113
1.19626e-06 1.090568e+09 6001113 1.062233e+09 6001113
1.225051e-06 1.115122e+09 6002113 1.065609e+09 6002113
1.096294e-06 1.053813e+09 6001113 1.074968e+09 6001113
1.054185e-06 1.053302e+09 6001113 1.048147e+09 6001113
1.049902e-06 1.117528e+09 6002113 1.075815e+09 6002113
1.212185e-06 1.082539e+09 6001113 1.078516e+09 6001113
1.202449e-06 1.084878e+09 6002113 1.094429e+09 6002113
1.140672e-06 1.105265e+09 6003113 1.112709e+09 6003113
1.341203e-06 1.089137e+09 6002113 1.113059e+09 6002113
1.11498e-06 1.090529e+09 6001113 1.090808e+09 6001113
1.597205e-06 1.074628e+09 6001113 1.071305e+09 6001113
1.621354e-06 1.097969e+09 6001113 1.022212e+09 6001113
2.828434e-09 1.064872e+09 6001113 1.065742e+09 6001113
1.574881e-06 1.101606e+09 6003113 1.136329e+09 6003113
1.121397e-06 1.058792e+09 6001113 1.085586e+09 6001113
1.182903e-06 1.053161e+09 6001113 1.075159e+09 6001113
1.044867e-06 1.109343e+09 6002113 1.082874e+09 6002113
1.18975e-06 1.076505e+09 6001113 1.054751e+09 6001113
1.228234e-06 1.060207e+09 6001113 1.085746e+09 6001113
8.343461e-07 1.071543e+09 6001113 1.061599e+09 6001113
8.343461e-07 1.071543e+09 6001113 1.061599e+09 6001113
1.028709e-06 1.115811e+09 6002113 1.085055e+09 6002113
1.159432e-06 1.125508e+09 6002113 1.102695e+09 6002113
1.182903e-06 1.085734e+09 6001113 1.060899e+09 6001113
1.154115e-06 1.125727e+09 6003113 1.09518e+09 6003113
1.058342e-06 1.082857e+09 6002113 1.092632e+09 6002113
1.116302e-06 1.092687e+09 6002113 1.099207e+09 6002113
1.141583e-06 1.088419e+09 6002113 1.067872e+09 6002113
1.141583e-06 1.088419e+09 6002113 1.067872e+09 6002113
1.149178e-06 1.091496e+09 6001113 1.0625e+09 6001113
1.149178e-06 1.091496e+09 6001113 1.0625e+09 6001113
7.357801e-07 1.077401e+09 6001113 1.065778e+09 6001113
7.357801e-07 1.077401e+09 6001113 1.065778e+09 6001113
1.028709e-06 1.071607e+09 6001113 1.06139e+09 6001113
1.05766e-06 1.070715e+09 6001113 1.036265e+09 6001113
1.22061e-06 1.067421e+09 6001113 1.090452e+09 6001113
1.121397e-06 1.096903e+09 6001113 1.083041e+09 6001113
1.060774e-06 1.076894e+09 6001113 1.082601e+09 6001113
1.211407e-06 1.081458e+09 6002113 1.125722e+09 6002113
1.033766e-06 1.097491e+09 6001113 1.070336e+09 6001113
4.58583e-07 1.072174e+09 6001113 1.061268e+09 6001113
1.116302e-06 1.081241e+09 6001113 1.079239e+09 6001113
1.203238e-06 1.10512e+09 6002113 1.089398e+09 6002113
1.141583e-06 1.097448e+09 6002113 1.103946e+09 6002113
3.020035e-08 1.059327e+09 6001113 1.076954e+09 6001113
3.020035e-08 1.059327e+09 6001113 1.076954e+09 6001113
1.11498e-06 1.085885e+09 6002113 1.117669e+09 6002113
1.19626e-06 1.08804e+09 6001113 1.082966e+09 6001113
8.343461e-07 1.080426e+09 6001113 1.076883e+09 6001113
1.327215e-06 1.063526e+09 6001113 1.085708e+09 6001113
1.05766e-06 1.071388e+09 6002113 1.116025e+09 6002113
1.049902e-06 1.101236e+09 6002113 1.085409e+09 6002113
4.58583e-07 1.097682e+09 6002113 1.092994e+09 6002113
2.48089e-07 1.096447e+09 6002113 1.0406e+09 6002113
2.102713e-09 1.138252e+09 6003113 1.095224e+09 6003113
1.102254e-06 1.08249e+09 6001113 1.043585e+09 6001113
1.855065e-06 1.10777e+09 6002113 1.089775e+09 6002113
1.182903e-06 1.068089e+09 6001113 1.07627e+09 6001113
1.206587e-06 1.072593e+09 6001113 1.088776e+09 6001113
1.18975e-06 1.082594e+09 6001113 1.084993e+09 6001113
1.116302e-06 1.08037e+09 6001113 1.069908e+09 6001113
2.339412e-07 1.108891e+09 6002113 1.110287e+09 6002113
7.491426e-07 1.084337e+09 6001113 1.056547e+09 6001113
1.193709e-06 1.074404e+09 6002113 1.111501e+09 6002113
1.116302e-06 1.12113e+09 6002113 1.089725e+09 6002113
1.525444e-08 1.074221e+09 6001113 1.082101e+09 6001113
5.41556e-07 1.09081e+09 6001113 1.080909e+09 6001113
1.174357e-06 1.076277e+09 6002113 1.099364e+09 6002113
1.034932e-06 1.056995e+09 6001113 1.088145e+09 6001113
1.228234e-06 1.091873e+09 6001113 1.050119e+09 6001113
1.193453e-06 1.069362e+09 6001113 1.085003e+09 6001113
1.22061e-06 1.077294e+09 6001113 1.06994e+09 6001113
1.058372e-06 1.079049e+09 6001113 1.080585e+09 6001113
1.028709e-06 1.07652e+09 6001113 1.079783e+09 6001113
1.174064e-06 1.095833e+09 6002113 1.094722e+09 6002113
1.22061e-06 1.113339e+09 6002113 1.099433e+09 6002113
1.691177e-06 1.060036e+09 6001113 1.070482e+09 6001113
1.11498e-06 1.080272e+09 6001113 1.091617e+09 6001113
1.11498e-06 1.080272e+09 6001113 1.091617e+09 6001113
2.576722e-07 1.124094e+09 6003113 1.05415e+09 6003113
1.203238e-06 1.068977e+09 6001113 1.058267e+09 6001113
1.18975e-06 1.082409e+09 6001113 1.025827e+09 6001113
5.715495e-07 1.066619e+09 6001113 1.057818e+09 6001113
5.715495e-07 1.066619e+09 6001113 1.057818e+09 6001113
5.715495e-07 1.066619e+09 6001113 1.057818e+09 6001113
1.079461e-06 1.099262e+09 6002113 1.123605e+09 6002113
1.197831e-06 1.083995e+09 6002113 1.089723e+09 6002113
1.05766e-06 1.077718e+09 6001113 1.085888e+09 6001113
5.731174e-08 1.087693e+09 6001113 1.072178e+09 6001113
1.058342e-06 1.084906e+09 6001113 1.073015e+09 6001113
9.608775e-07 1.089405e+09 6001113 1.093304e+09 6001113
1.113179e-06 1.099051e+09 6002113 1.119289e+09 6002113
1.058745e-06 1.082894e+09 6001113 1.077205e+09 6001113
1.032366e-06 1.121229e+09 6002113 1.095239e+09 6002113
1.855065e-06 1.127407e+09 6002113 1.083873e+09 6002113
1.060774e-06 1.121618e+09 6002113 1.095674e+09 6002113
1.341203e-06 1.069784e+09 6001113 1.020515e+09 6001113
1.182903e-06 1.111909e+09 6002113 1.091135e+09 6002113
5.79619e-07 1.112233e+09 6002113 1.070874e+09 6002113
1.211407e-06 1.089019e+09 6001113 1.068742e+09 6001113
1.193453e-06 1.084919e+09 6002113 1.117258e+09 6002113
1.734962e-07 1.094636e+09 6002113 1.078532e+09 6002113
5.79619e-07 1.070602e+09 6001113 1.051476e+09 6001113
5.79619e-07 1.070602e+09 6001113 1.051476e+09 6001113
5.79619e-07 1.070602e+09 6001113 1.051476e+09 6001113
1.149178e-06 1.074195e+09 6002113 1.089225e+09 6002113
1.164029e-06 1.065413e+09 6001113 1.060957e+09 6001113
1.164029e-06 1.065638e+09 6001113 1.081794e+09 6001113
1.164029e-06 1.065638e+09 6001113 1.081794e+09 6001113
1.931863e-06 1.070434e+09 6001113 1.082914e+09 6001113
2.576722e-07 1.074732e+09 6001113 1.089108e+09 6001113
1.148978e-06 1.114104e+09 6002113 1.068413e+09 6002113
1.193453e-06 1.119004e+09 6002113 1.092755e+09 6002113
1.710323e-06 1.07453e+09 6001113 1.079919e+09 6001113
1.18975e-06 1.07819e+09 6002113 1.115393e+09 6002113
1.058342e-06 1.043144e+09 6001113 1.075869e+09 6001113
9.869605e-07 1.084414e+09 6001113 1.085895e+09 6001113
1.05766e-06 1.092488e+09 6002113 1.087828e+09 6002113
1.140672e-06 1.10031e+09 6002113 1.090536e+09 6002113
8.344957e-07 1.076271e+09 6001113 1.074746e+09 6001113
1.202449e-06 1.09963e+09 6002113 1.087336e+09 6002113
1.060774e-06 1.096372e+09 6002113 1.094689e+09 6002113
1.141583e-06 1.087894e+09 6001113 1.08197e+09 6001113
9.087336e-08 1.096856e+09 6001113 1.08004e+09 6001113
1.821719e-07 1.068911e+09 6001113 1.088472e+09 6001113
1.121397e-06 1.060735e+09 6001113 1.046306e+09 6001113
1.028709e-06 1.081086e+09 6001113 1.074306e+09 6001113
1.030699e-06 1.067621e+09 6002113 1.113629e+09 6002113
1.141583e-06 1.099873e+09 6002113 1.107274e+09 6002113
1.621354e-06 1.069098e+09 6001113 1.064871e+09 6001113
1.203238e-06 1.0853e+09 6001113 1.086505e+09 6001113
1.589793e-06 1.070439e+09 6001113 1.085871e+09 6001113
1.110902e-06 1.082585e+09 6003113 1.109694e+09 6003113
1.228234e-06 1.092243e+09 6001113 1.081884e+09 6001113
1.044867e-06 1.067037e+09 6001113 1.078645e+09 6001113
1.341203e-06 1.092169e+09 6001113 1.059516e+09 6001113
3.400991e-07 1.094403e+09 6002113 1.08327e+09 6002113
3.400991e-07 1.094403e+09 6002113 1.08327e+09 6002113
1.174064e-06 1.077332e+09 6001113 1.087602e+09 6001113
1.550944e-06 1.07422e+09 6001113 1.075471e+09 6001113
1.113179e-06 1.095474e+09 6002113 1.117409e+09 6002113
1.154115e-06 1.05634e+09 6001113 1.076218e+09 6001113
1.049902e-06 1.093553e+09 6001113 1.066177e+09 6001113
1.058342e-06 1.098071e+09 6002113 1.11398e+09 6002113
1.028709e-06 1.084599e+09 6001113 1.074834e+09 6001113
1.028964e-07 1.079635e+09 6001113 1.061327e+09 6001113
1.033766e-06 1.073039e+09 6001113 1.076973e+09 6001113
1.182903e-06 1.06331e+09 6001113 1.091994e+09 6001113
1.060774e-06 1.05505e+09 6001113 1.083708e+09 6001113
9.564366e-07 1.088131e+09 6001113 1.072561e+09 6001113
1.049902e-06 1.083076e+09 6001113 1.074581e+09 6001113
1.110902e-06 1.095338e+09 6002113 1.097192e+09 6002113
1.551851e-07 1.085593e+09 6001113 1.072769e+09 6001113
1.228567e-06 1.142498e+09 6003113 1.075737e+09 6003113
9.155524e-07 1.063359e+09 6001113 1.074472e+09 6001113
1.110902e-06 1.135229e+09 6003113 1.09457e+09 6003113
1.047283e-06 1.096066e+09 6001113 1.087475e+09 6001113
1.621354e-06 1.092506e+09 6002113 1.111918e+09 6002113
1.327215e-06 1.070452e+09 6001113 1.057756e+09 6001113
1.058342e-06 1.099417e+09 6002113 1.098548e+09 6002113
1.058372e-06 1.071639e+09 6001113 1.058503e+09 6001113
1.058372e-06 1.071639e+09 6001113 1.058503e+09 6001113
1.159432e-06 1.07643e+09 6001113 1.082235e+09 6001113
4.359091e-08 1.097835e+09 6001113 1.053566e+09 6001113
1.199806e-06 1.062746e+09 6001113 1.066231e+09 6001113
5.41556e-07 1.066637e+09 6001113 1.05094e+09 6001113
1.174064e-06 1.081282e+09 6001113 1.098997e+09 6001113
1.19626e-06 1.067405e+09 6001113 1.066299e+09 6001113
1.06036e-06 1.101955e+09 6002113 1.086211e+09 6002113
1.057782e-06 1.089529e+09 6002113 1.12192e+09 6002113
1.710323e-06 1.079447e+09 6001113 1.073895e+09 6001113
1.058721e-06 1.071396e+09 6001113 1.066904e+09 6001113
1.634109e-08 1.050128e+09 6001113 1.054534e+09 6001113
9.497873e-07 1.033529e+09 6001113 1.082772e+09 6001113
1.141583e-06 1.063046e+09 6001113 1.094179e+09 6001113
1.01448e-06 1.08766e+09 6002113 1.11466e+09 6002113
1.148978e-06 1.093668e+09 6001113 1.072792e+09 6001113
4.487968e-07 1.070311e+09 6001113 1.080229e+09 6001113
6.603114e-07 1.044238e+09 6001113 1.052175e+09 6001113
7.942649e-07 1.059533e+09 6002113 1.114836e+09 6002113
1.149178e-06 1.081267e+09 6003113 1.077085e+09 6003113
1.621354e-06 1.074276e+09 6001113 1.058369e+09 6001113
1.63649e-07 1.077915e+09 6001113 1.081757e+09 6001113
1.140672e-06 1.072032e+09 6001113 1.088233e+09 6001113
1.140672e-06 1.072032e+09 6001113 1.088233e+09 6001113
1.80744e-06 1.057583e+09 6001113 1.108124e+09 6001113
1.028709e-06 1.067067e+09 6002113 1.103398e+09 6002113
1.028709e-06 1.081976e+09 6001113 1.073674e+09 6001113
9.124331e-07 1.069299e+09 6001113 1.085002e+09 6001113
1.149178e-06 1.107426e+09 6002113 1.06901e+09 6002113
1.212185e-06 1.091551e+09 6002113 1.095513e+09 6002113
1.199806e-06 1.053105e+09 6001113 1.080357e+09 6001113
1.29707e-06 1.066985e+09 6002113 1.068871e+09 6002113
1.174357e-06 1.077637e+09 6002113 1.085465e+09 6002113
1.691177e-06 1.072323e+09 6001113 1.082271e+09 6001113
1.236427e-06 1.06976e+09 6001113 1.082222e+09 6001113
1.168246e-06 1.115842e+09 6002113 1.095398e+09 6002113
1.11498e-06 1.077786e+09 6001113 1.073334e+09 6001113
1.931863e-06 1.084087e+09 6001113 1.079022e+09 6001113
1.156369e-06 1.078273e+09 6001113 1.073985e+09 6001113
1.156369e-06 1.078273e+09 6001113 1.073985e+09 6001113
1.19626e-06 1.066723e+09 6002113 1.078192e+09 6002113
1.108162e-06 1.086828e+09 6001113 1.05723e+09 6001113
1.057782e-06 1.086222e+09 6001113 1.072451e+09 6001113
1.638263e-06 1.08406e+09 6001113 1.074321e+09 6001113
1.638263e-06 1.08406e+09 6001113 1.074321e+09 6001113
1.058372e-06 1.0948e+09 6002113 1.108133e+09 6002113
3.501922e-07 1.066747e+09 6002113 1.110917e+09 6002113
1.116302e-06 1.061139e+09 6001113 1.081308e+09 6001113
1.193453e-06 1.063249e+09 6001113 1.067391e+09 6001113
9.564366e-07 1.100121e+09 6003113 1.11915e+09 6003113
1.203238e-06 1.079216e+09 6001113 1.075714e+09 6001113
6.192211e-07 1.06989e+09 6001113 1.074081e+09 6001113
4.944144e-07 1.087255e+09 6001113 1.087479e+09 6001113
1.18975e-06 1.06705e+09 6001113 1.073769e+09 6001113
1.236427e-06 1.070447e+09 6001113 1.072545e+09 6001113
1.110925e-06 1.074866e+09 6001113 1.065693e+09 6001113
1.225051e-06 1.06001e+09 6001113 1.080189e+09 6001113
1.225051e-06 1.06001e+09 6001113 1.080189e+09 6001113
7.044714e-08 1.083339e+09 6001113 1.085777e+09 6001113
1.110902e-06 1.073769e+09 6002113 1.116919e+09 6002113
1.550944e-06 1.104949e+09 6002113 1.125692e+09 6002113
1.202449e-06 1.062962e+09 6001113 1.035184e+09 6001113
1.058721e-06 1.056662e+09 6001113 1.069069e+09 6001113
1.108162e-06 1.088829e+09 6001113 1.080088e+09 6001113
1.154483e-06 1.066414e+09 6001113 1.081844e+09 6001113
1.212185e-06 1.05363e+09 6001113 1.067534e+09 6001113
1.212185e-06 1.09427e+09 6002113 1.050075e+09 6002113
9.869605e-07 1.074245e+09 6001113 1.086942e+09 6001113
1.172057e-06 1.095446e+09 6001113 1.069948e+09 6001113
1.044867e-06 1.09648e+09 6001113 1.081852e+09 6001113
1.156369e-06 1.110225e+09 6002113 1.101468e+09 6002113
1.110925e-06 1.081641e+09 6002113 1.079898e+09 6002113
1.691177e-06 1.116403e+09 6002113 1.082776e+09 6002113
1.049902e-06 1.056591e+09 6001113 1.086987e+09 6001113
1.156369e-06 1.067196e+09 6001113 1.062478e+09 6001113
1.156369e-06 1.078196e+09 6001113 1.071371e+09 6001113
1.044867e-06 1.088144e+09 6001113 1.063705e+09 6001113
1.466387e-06 1.090703e+09 6001113 1.092568e+09 6001113
1.030699e-06 1.083484e+09 6003113 1.144238e+09 6003113
1.131466e-06 1.078329e+09 6001113 1.071938e+09 6001113
1.121397e-06 1.088786e+09 6001113 1.059608e+09 6001113
5.320703e-07 1.070337e+09 6001113 1.065531e+09 6001113
1.202449e-06 1.076671e+09 6001113 1.065684e+09 6001113
7.441625e-07 1.11473e+09 6002113 1.098759e+09 6002113
1.199806e-06 1.081683e+09 6001113 1.08323e+09 6001113
1.079702e-06 1.081718e+09 6001113 1.067071e+09 6001113
2.576722e-07 1.088421e+09 6002113 1.093852e+09 6002113
1.855065e-06 1.103428e+09 6002113 1.099388e+09 6002113
1.228567e-06 1.071714e+09 6001113 1.080495e+09 6001113
1.228567e-06 1.071714e+09 6001113 1.080495e+09 6001113
1.691177e-06 1.069566e+09 6001113 1.063991e+09 6001113
1.023851e-06 1.085439e+09 6001113 1.072701e+09 6001113
1.044867e-06 1.119421e+09 6002113 1.07124e+09 6002113
6.553612e-08 1.109823e+09 6002113 1.095351e+09 6002113
1.19626e-06 1.090458e+09 6001113 1.07748e+09 6001113
8.344957e-07 1.095544e+09 6001113 1.076962e+09 6001113
1.058745e-06 1.073526e+09 6001113 1.06602e+09 6001113
1.058745e-06 1.081986e+09 6001113 1.070579e+09 6001113
1.123231e-06 1.092088e+09 6001113 1.068692e+09 6001113
5.41556e-07 1.065514e+09 6001113 1.063152e+09 6001113
1.236427e-06 1.079337e+09 6001113 1.075202e+09 6001113
9.497873e-07 1.056852e+09 6001113 1.082564e+09 6001113
9.497873e-07 1.056852e+09 6001113 1.082564e+09 6001113
1.193453e-06 1.09589e+09 6002113 1.106088e+09 6002113
4.944144e-07 1.070008e+09 6002113 1.124955e+09 6002113
1.079702e-06 1.065729e+09 6001113 1.05749e+09 6001113
1.116302e-06 1.069764e+09 6001113 1.098949e+09 6001113
1.033766e-06 1.078538e+09 6001113 1.08085e+09 6001113
1.164029e-06 1.055841e+09 6001113 1.073914e+09 6001113
1.032366e-06 1.084977e+09 6001113 1.065836e+09 6001113
7.357801e-07 1.079751e+09 6001113 1.075627e+09 6001113
1.154483e-06 1.042655e+09 6001113 1.057159e+09 6001113
1.18975e-06 1.069099e+09 6001113 1.082017e+09 6001113
1.18975e-06 1.069099e+09 6001113 1.082017e+09 6001113
1.154483e-06 1.078552e+09 6001113 1.068335e+09 6001113
4.944144e-07 1.060388e+09 6001113 1.082324e+09 6001113
1.149178e-06 1.05692e+09 6001113 1.075626e+09 6001113
1.19626e-06 1.116083e+09 6002113 1.074127e+09 6002113
1.22061e-06 1.041424e+09 6001113 1.073443e+09 6001113
1.110925e-06 1.063328e+09 6001113 1.088534e+09 6001113
1.156369e-06 1.082342e+09 6001113 1.05839e+09 6001113
1.028709e-06 1.068241e+09 6001113 1.055464e+09 6001113
1.225051e-06 1.092991e+09 6002113 1.108401e+09 6002113
1.02746e-08 1.072435e+09 6001113 1.061989e+09 6001113
1.034932e-06 1.058817e+09 6001113 1.087243e+09 6001113
1.208321e-06 1.108666e+09 6002113 1.085099e+09 6002113
1.05766e-06 1.076834e+09 6002113 1.096146e+09 6002113
6.674618e-07 1.08177e+09 6001113 1.075728e+09 6001113
3.211619e-07 1.076436e+09 6001113 1.085775e+09 6001113
1.11498e-06 1.107895e+09 6002113 1.073867e+09 6002113
1.202449e-06 1.058312e+09 6001113 1.066271e+09 6001113
1.202449e-06 1.058312e+09 6001113 1.066271e+09 6001113
5.320703e-07 1.089693e+09 6002113 1.089268e+09 6002113
1.341203e-06 1.096602e+09 6002113 1.08143e+09 6002113
1.202449e-06 1.079495e+09 6002113 1.095554e+09 6002113
1.023851e-06 1.09176e+09 6001113 1.092535e+09 6001113
3.488821e-08 1.087546e+09 6001113 1.085967e+09 6001113
1.06036e-06 1.082676e+09 6003113 1.09626e+09 6003113
1.033766e-06 1.069082e+09 6001113 1.036063e+09 6001113
1.691177e-06 1.094528e+09 6002113 1.088109e+09 6002113
8.546099e-07 1.042974e+09 6001113 1.078551e+09 6001113
1.05766e-06 1.077978e+09 6001113 1.077116e+09 6001113
5.715495e-07 1.069222e+09 6001113 1.08373e+09 6001113
1.030699e-06 1.100977e+09 6002113 1.094084e+09 6002113
9.124331e-07 1.074077e+09 6002113 1.07973e+09 6002113
1.110902e-06 1.065737e+09 6001113 1.081774e+09 6001113
1.110902e-06 1.065737e+09 6001113 1.081774e+09 6001113
1.159432e-06 1.091243e+09 6001113 1.083258e+09 6001113
1.06036e-06 1.060092e+09 6001113 1.090623e+09 6001113
1.22061e-06 1.080805e+09 6001113 1.087954e+09 6001113
1.113179e-06 1.069766e+09 6001113 1.088874e+09 6001113
1.211407e-06 1.074265e+09 6001113 1.076515e+09 6001113
1.19626e-06 1.022337e+09 6001113 1.067831e+09 6001113
1.154115e-06 1.084984e+09 6001113 1.076974e+09 6001113
1.06036e-06 1.092946e+09 6001113 1.068974e+09 6001113
1.079461e-06 1.0535e+09 6001113 1.078313e+09 6001113
1.182903e-06 1.093411e+09 6001113 1.043563e+09 6001113
1.223047e-06 1.076833e+09 6001113 1.06588e+09 6001113
7.491426e-07 1.071174e+09 6001113 1.0767e+09 6001113
1.621354e-06 1.054939e+09 6001113 1.0777e+09 6001113
1.574881e-06 1.095546e+09 6001113 1.099423e+09 6001113
7.914167e-07 1.078924e+09 6001113 1.069208e+09 6001113
1.855065e-06 1.050964e+09 6002113 1.109679e+09 6002113
1.054185e-06 1.08526e+09 6001113 1.061818e+09 6001113
1.148978e-06 1.051322e+09 6001113 1.076155e+09 6001113
1.148978e-06 1.042933e+09 6001113 1.08627e+09 6001113
1.044867e-06 1.065606e+09 6001113 1.080685e+09 6001113
1.148978e-06 1.092235e+09 6001113 1.053959e+09 6001113
1.199806e-06 1.058989e+09 6001113 1.099119e+09 6001113
1.023851e-06 1.077533e+09 6001113 1.06007e+09 6001113
1.172057e-06 1.078619e+09 6001113 1.075744e+09 6001113
1.228234e-06 1.0593e+09 6001113 1.065407e+09 6001113
1.228234e-06 1.0593e+09 6001113 1.065407e+09 6001113
1.341203e-06 1.058807e+09 6001113 1.062556e+09 6001113
8.748158e-07 1.080846e+09 6001113 1.071709e+09 6001113
1.185803e-06 1.103126e+09 6002113 1.049394e+09 6002113
1.19626e-06 1.092725e+09 6001113 1.033382e+09 6001113
1.208321e-06 1.0887e+09 6001113 1.060219e+09 6001113
1.228567e-06 1.08353e+09 6001113 1.081762e+09 6001113
1.054185e-06 1.064121e+09 6001113 1.059265e+09 6001113
1.162689e-07 1.081043e+09 6001113 1.060963e+09 6001113
5.4481e-10 1.08413e+09 6001113 1.075032e+09 6001113
1.057782e-06 1.071276e+09 6001113 1.057048e+09 6001113
1.058745e-06 1.063021e+09 6001113 1.040719e+09 6001113
2.832243e-07 1.092097e+09 6001113 1.09926e+09 6001113
1.597205e-06 1.088497e+09 6001113 1.072227e+09 6001113
1.182903e-06 1.071072e+09 6001113 1.063991e+09 6001113
9.564366e-07 1.089529e+09 6001113 1.075982e+09 6001113
1.212866e-06 1.088002e+09 6002113 1.111977e+09 6002113
6.603114e-07 1.086962e+09 6001113 1.075942e+09 6001113
1.058342e-06 1.082873e+09 6001113 1.070102e+09 6001113
1.034932e-06 1.060011e+09 6001113 1.069947e+09 6001113
1.821719e-07 1.071966e+09 6001113 1.082569e+09 6001113
1.11498e-06 1.066205e+09 6001113 1.052119e+09 6001113
1.06036e-06 1.052436e+09 6001113 1.078171e+09 6001113
1.341203e-06 1.088156e+09 6002113 1.112806e+09 6002113
1.159432e-06 1.093715e+09 6002113 1.118148e+09 6002113
1.524774e-06 1.090212e+09 6001113 1.069098e+09 6001113
1.524774e-06 1.090212e+09 6001113 1.069098e+09 6001113
1.855065e-06 1.061714e+09 6001113 1.083291e+09 6001113
2.339412e-07 1.079986e+09 6001113 1.063152e+09 6001113
1.113179e-06 1.074785e+09 6001113 1.06454e+09 6001113
1.312476e-06 1.090093e+09 6001113 1.094848e+09 6001113
1.110925e-06 1.09149e+09 6001113 1.080793e+09 6001113
1.202449e-06 1.082894e+09 6001113 1.067963e+09 6001113
1.193453e-06 1.096508e+09 6001113 1.094221e+09 6001113
1.174064e-06 1.082675e+09 6002113 1.092404e+09 6002113
1.197831e-06 1.083427e+09 6001113 1.057318e+09 6001113
1.054185e-06 1.080768e+09 6001113 1.096161e+09 6001113
1.193709e-06 1.046685e+09 6001113 1.095478e+09 6001113
1.154483e-06 1.065922e+09 6001113 1.057307e+09 6001113
1.148978e-06 1.067645e+09 6001113 1.082368e+09 6001113
4.944144e-07 1.06766e+09 6001113 1.068301e+09 6001113
5.41556e-07 1.074868e+09 6001113 1.047402e+09 6001113
1.141583e-06 1.077519e+09 6001113 1.065171e+09 6001113
1.225051e-06 1.068363e+09 6001113 1.075957e+09 6001113
1.058342e-06 1.062867e+09 6001113 1.084868e+09 6001113
5.320703e-07 1.090847e+09 6001113 1.066419e+09 6001113
1.033766e-06 1.08032e+09 6001113 1.082369e+09 6001113
1.108162e-06 1.109903e+09 6002113 1.070603e+09 6002113
1.208321e-06 1.065543e+09 6001113 1.061456e+09 6001113
1.199806e-06 1.077189e+09 6001113 1.068808e+09 6001113
1.079702e-06 1.091253e+09 6001113 1.073388e+09 6001113
1.466387e-06 1.072061e+09 6001113 1.086216e+09 6001113
1.466387e-06 1.072061e+09 6001113 1.086216e+09 6001113
1.212866e-06 1.085829e+09 6001113 1.060488e+09 6001113
1.123231e-06 1.10505e+09 6002113 1.07034e+09 6002113
1.058342e-06 1.115574e+09 6002113 1.071916e+09 6002113
8.791103e-09 1.107281e+09 6002113 1.08425e+09 6002113
1.164029e-06 1.066593e+09 6001113 1.089004e+09 6001113
1.057782e-06 1.077178e+09 6001113 1.038208e+09 6001113
1.110925e-06 1.078892e+09 6001113 1.070667e+09 6001113
1.855065e-06 1.086581e+09 6001113 1.06851e+09 6001113
4.944144e-07 1.05701e+09 6001113 1.058923e+09 6001113
4.944144e-07 1.05701e+09 6001113 1.058923e+09 6001113
1.29707e-06 1.079011e+09 6002113 1.107869e+09 6002113
1.202449e-06 1.08896e+09 6001113 1.069414e+09 6001113
1.058372e-06 1.082938e+09 6001113 1.057429e+09 6001113
5.523409e-09 1.070121e+09 6001113 1.061133e+09 6001113
1.058372e-06 1.100463e+09 6002113 1.087455e+09 6002113
1.208321e-06 1.100636e+09 6001113 1.093535e+09 6001113
1.032366e-06 1.079469e+09 6001113 1.063072e+09 6001113
1.22061e-06 1.06491e+09 6001113 1.082668e+09 6001113
1.028709e-06 1.06552e+09 6001113 1.07018e+09 6001113
1.691177e-06 1.086039e+09 6001113 1.096207e+09 6001113
1.110902e-06 1.069786e+09 6001113 1.059344e+09 6001113
1.044867e-06 1.060489e+09 6001113 1.082684e+09 6001113
2.48089e-07 1.103409e+09 6002113 1.057358e+09 6002113
1.058745e-06 1.080132e+09 6002113 1.114062e+09 6002113
1.193453e-06 1.070584e+09 6001113 1.083037e+09 6001113
1.855065e-06 1.095191e+09 6001113 1.05874e+09 6001113
1.691177e-06 1.074152e+09 6001113 1.040779e+09 6001113
1.028709e-06 1.124287e+09 6002113 1.084627e+09 6002113
3.811079e-07 1.085912e+09 6001113 1.082679e+09 6001113
1.149178e-06 1.100966e+09 6001113 1.072615e+09 6001113
1.185803e-06 1.090213e+09 6001113 1.089345e+09 6001113
1.044867e-06 1.066911e+09 6001113 1.091208e+09 6001113
1.028709e-06 1.063647e+09 6001113 1.082914e+09 6001113
8.344957e-07 1.0712e+09 6001113 1.083038e+09 6001113
1.028709e-06 1.082519e+09 6001113 1.068471e+09 6001113
1.199806e-06 1.084148e+09 6001113 1.067785e+09 6001113
1.212185e-06 1.073813e+09 6001113 1.069438e+09 6001113
1.589793e-06 1.104266e+09 6002113 1.104348e+09 6002113
1.212185e-06 1.079227e+09 6001113 1.077346e+09 6001113
1.228234e-06 1.074883e+09 6001113 1.065857e+09 6001113
1.113179e-06 1.061503e+09 6001113 1.091521e+09 6001113
9.869605e-07 1.087182e+09 6001113 1.071003e+09 6001113
1.032366e-06 1.127025e+09 6002113 1.091212e+09 6002113
1.049902e-06 1.096844e+09 6002113 1.060574e+09 6002113
1.034932e-06 1.068996e+09 6001113 1.090165e+09 6001113
1.110902e-06 1.062812e+09 6001113 1.083577e+09 6001113
1.597205e-06 1.10204e+09 6003113 1.130412e+09 6003113
1.159432e-06 1.083268e+09 6001113 1.080546e+09 6001113
8.748158e-07 1.082951e+09 6001113 1.083976e+09 6001113
1.931863e-06 1.085677e+09 6001113 1.084707e+09 6001113
1.028709e-06 1.055691e+09 6001113 1.081148e+09 6001113
6.603114e-07 1.077517e+09 6001113 1.058585e+09 6001113
8.343461e-07 1.065686e+09 6001113 1.079636e+09 6001113
1.208321e-06 1.075287e+09 6002113 1.124995e+09 6002113
1.208321e-06 1.083917e+09 6001113 1.092516e+09 6001113
8.546099e-07 1.094666e+09 6002113 1.117952e+09 6002113
1.574881e-06 1.066764e+09 6001113 1.068125e+09 6001113
1.164029e-06 1.066788e+09 6001113 1.074992e+09 6001113
1.597205e-06 1.12439e+09 6002113 1.08257e+09 6002113
1.149178e-06 1.064879e+09 6001113 1.077364e+09 6001113
1.11498e-06 1.050622e+09 6001113 1.066651e+09 6001113
1.11498e-06 1.050622e+09 6001113 1.066651e+09 6001113
1.113179e-06 1.06025e+09 6001113 1.088398e+09 6001113
1.113179e-06 1.06025e+09 6001113 1.088398e+09 6001113
1.168246e-06 1.111535e+09 6002113 1.079364e+09 6002113
6.674618e-07 1.062043e+09 6001113 1.068966e+09 6001113
6.674618e-07 1.062043e+09 6001113 1.068966e+09 6001113
1.060774e-06 1.070598e+09 6001113 1.094434e+09 6001113
1.060774e-06 1.070598e+09 6001113 1.094434e+09 6001113
9.564366e-07 1.055168e+09 6002113 1.095519e+09 6002113
1.327215e-06 1.064086e+09 6001113 1.093176e+09 6001113
2.610367e-08 1.088242e+09 6001113 1.070794e+09 6001113
2.610367e-08 1.088242e+09 6001113 1.070794e+09 6001113
1.030699e-06 1.091183e+09 6002113 1.098654e+09 6002113
1.11498e-06 1.073146e+09 6001113 1.099239e+09 6001113
1.228567e-06 1.083657e+09 6002113 1.116104e+09 6002113
1.164029e-06 1.083879e+09 6001113 1.066523e+09 6001113
1.193453e-06 1.053556e+09 6002113 1.089409e+09 6002113
1.825084e-06 1.097227e+09 6001113 1.061636e+09 6001113
1.05766e-06 1.119996e+09 6002113 1.087852e+09 6002113
1.154483e-06 1.070292e+09 6001113 1.07493e+09 6001113
5.41556e-07 1.082549e+09 6001113 1.070155e+09 6001113
1.211407e-06 1.092702e+09 6001113 1.033136e+09 6001113
5.437416e-07 1.048999e+09 6001113 1.073604e+09 6001113
1.156369e-06 1.103174e+09 6002113 1.083037e+09 6002113
1.182903e-06 1.06769e+09 6001113 1.042308e+09 6001113
1.154115e-06 1.076812e+09 6001113 1.079451e+09 6001113
2.576722e-07 1.074367e+09 6001113 1.095423e+09 6001113
1.691177e-06 1.070083e+09 6001113 1.081051e+09 6001113
1.05766e-06 1.071188e+09 6001113 1.070395e+09 6001113
1.116302e-06 1.066216e+09 6001113 1.093e+09 6001113
9.497873e-07 1.070632e+09 6001113 1.054335e+09 6001113
1.060774e-06 1.071964e+09 6001113 1.067067e+09 6001113
5.715495e-07 1.068481e+09 6001113 1.073494e+09 6001113
1.033766e-06 1.023901e+09 6001113 1.06731e+09 6001113
2.576722e-07 1.08913e+09 6001113 1.080388e+09 6001113
1.212866e-06 1.071076e+09 6001113 1.080804e+09 6001113
1.058745e-06 1.07171e+09 6001113 1.059549e+09 6001113
2.24297e-07 1.074247e+09 6001113 1.082946e+09 6001113
8.344957e-07 1.077453e+09 6001113 1.058508e+09 6001113
1.108162e-06 1.067948e+09 6001113 1.092517e+09 6001113
1.060774e-06 1.036444e+09 6001113 1.085856e+09 6001113
1.034932e-06 1.073695e+09 6001113 1.079057e+09 6001113
1.140672e-06 1.064839e+09 6001113 1.067757e+09 6001113
5.731174e-08 1.093203e+09 6001113 1.052251e+09 6001113
1.116302e-06 1.061668e+09 6001113 1.065542e+09 6001113
1.236427e-06 1.076608e+09 6001113 1.082364e+09 6001113
1.154115e-06 1.065415e+09 6001113 1.048701e+09 6001113
9.124331e-07 1.107665e+09 6002113 1.093355e+09 6002113
1.149178e-06 1.084607e+09 6001113 1.083137e+09 6001113
1.149178e-06 1.084607e+09 6001113 1.083137e+09 6001113
8.748158e-07 1.069416e+09 6001113 1.087022e+09 6001113
1.185803e-06 1.073763e+09 6001113 1.066775e+09 6001113
1.710323e-06 1.071079e+09 6001113 1.082649e+09 6001113
1.193709e-06 1.082019e+09 6001113 1.065172e+09 6001113
1.172057e-06 1.069517e+09 6001113 1.092675e+09 6001113
1.185803e-06 1.078326e+09 6001113 1.068605e+09 6001113
5.332868e-07 1.074785e+09 6001113 1.070251e+09 6001113
5.332868e-07 1.037418e+09 6001113 1.094333e+09 6001113
1.710323e-06 1.086936e+09 6001113 1.076367e+09 6001113
1.281027e-06 1.078663e+09 6002113 1.08166e+09 6002113
1.236427e-06 1.061273e+09 6001113 1.098756e+09 6001113
1.058721e-06 1.07866e+09 6001113 1.062817e+09 6001113
4.487968e-07 1.087036e+09 6001113 1.057381e+09 6001113
1.033766e-06 1.074003e+09 6001113 1.080965e+09 6001113
1.159432e-06 1.071289e+09 6001113 1.087005e+09 6001113
6.603114e-07 1.100866e+09 6001113 1.069965e+09 6001113
1.597205e-06 1.081789e+09 6001113 1.063036e+09 6001113
1.02746e-08 1.057405e+09 6002113 1.11494e+09 6002113
1.159432e-06 1.085685e+09 6001113 1.08231e+09 6001113
1.185803e-06 1.107877e+09 6002113 1.077418e+09 6002113
1.154115e-06 1.072498e+09 6001113 1.064766e+09 6001113
1.156369e-06 1.057042e+09 6001113 1.044815e+09 6001113
1.058372e-06 1.043151e+09 6002113 1.084361e+09 6002113
3.106748e-07 1.110095e+09 6002113 1.069496e+09 6002113
1.63649e-07 1.085402e+09 6001113 1.076456e+09 6001113
1.108162e-06 1.067823e+09 6001113 1.082963e+09 6001113
1.057782e-06 1.0714e+09 6001113 1.091664e+09 6001113
1.156369e-06 1.111574e+09 6002113 1.082931e+09 6002113
1.174064e-06 1.084688e+09 6002113 1.093606e+09 6002113
1.148978e-06 1.04507e+09 6001113 1.067638e+09 6001113
1.197831e-06 1.044268e+09 6001113 1.052527e+09 6001113
1.079461e-06 1.088805e+09 6002113 1.091828e+09 6002113
8.343461e-07 1.116514e+09 6002113 1.095633e+09 6002113
7.357801e-07 1.065324e+09 6002113 1.11648e+09 6002113
1.931863e-06 1.051735e+09 6001113 1.058741e+09 6001113
1.033766e-06 1.074061e+09 6001113 1.027121e+09 6001113
1.058372e-06 1.094286e+09 6002113 1.101209e+09 6002113
1.281027e-06 1.040133e+09 6003113 1.150085e+09 6003113
1.058342e-06 1.091817e+09 6002113 1.080793e+09 6002113
4.245664e-07 1.07149e+09 6001113 1.080643e+09 6001113
1.63649e-07 1.085795e+09 6001113 1.074106e+09 6001113
1.174357e-06 1.104318e+09 6002113 1.098222e+09 6002113
1.312476e-06 1.068114e+09 6001113 1.063699e+09 6001113
1.148978e-06 1.085259e+09 6001113 1.074149e+09 6001113
1.236427e-06 1.07666e+09 6001113 1.086753e+09 6001113
1.236427e-06 1.07666e+09 6001113 1.086753e+09 6001113
5.715495e-07 1.06659e+09 6001113 1.06199e+09 6001113
5.715495e-07 1.06659e+09 6001113 1.06199e+09 6001113
1.140672e-06 1.08595e+09 6001113 1.069041e+09 6001113
1.057782e-06 1.145194e+09 6003113 1.075219e+09 6003113
9.124331e-07 1.072831e+09 6001113 1.090712e+09 6001113
8.748158e-07 1.113846e+09 6002113 1.070167e+09 6002113
1.06036e-06 1.020055e+09 6001113 1.091379e+09 6001113
1.06036e-06 1.020055e+09 6001113 1.091379e+09 6001113
4.58583e-07 1.049304e+09 6001113 1.080854e+09 6001113
1.753056e-06 1.074186e+09 6001113 1.077604e+09 6001113
1.159432e-06 1.094825e+09 6002113 1.086713e+09 6002113
1.197831e-06 1.078696e+09 6001113 1.072277e+09 6001113
1.825084e-06 1.074266e+09 6001113 1.094378e+09 6001113
1.19626e-06 1.083564e+09 6001113 1.074996e+09 6001113
1.203238e-06 1.061769e+09 6001113 1.070505e+09 6001113
1.589793e-06 1.074681e+09 6001113 1.075048e+09 6001113
1.11498e-06 1.074422e+09 6002113 1.087077e+09 6002113
1.312476e-06 1.060769e+09 6001113 1.074334e+09 6001113
1.193709e-06 1.085053e+09 6001113 1.08636e+09 6001113
7.028267e-07 1.07385e+09 6001113 1.084724e+09 6001113
1.108162e-06 1.048301e+09 6001113 1.078038e+09 6001113
1.524774e-06 1.115331e+09 6002113 1.086905e+09 6002113
1.691177e-06 1.07082e+09 6001113 1.090907e+09 6001113
1.228234e-06 1.082844e+09 6001113 1.058406e+09 6001113
5.79619e-07 1.093143e+09 6001113 1.069358e+09 6001113
1.312476e-06 1.08531e+09 6001113 1.087757e+09 6001113
9.124331e-07 1.062287e+09 6001113 1.063419e+09 6001113
1.034932e-06 1.041547e+09 6001113 1.066458e+09 6001113
1.110925e-06 1.07001e+09 6001113 1.07339e+09 6001113
1.113179e-06 1.089835e+09 6001113 1.05664e+09 6001113
1.113179e-06 1.089835e+09 6001113 1.05664e+09 6001113
1.29707e-06 1.076515e+09 6003113 1.115762e+09 6003113
7.942649e-07 1.035301e+09 6001113 1.097986e+09 6001113
1.057782e-06 1.09445e+09 6001113 1.069015e+09 6001113
1.057782e-06 1.09445e+09 6001113 1.069015e+09 6001113
7.479948e-08 1.072383e+09 6001113 1.050187e+09 6001113
1.80744e-06 1.109891e+09 6002113 1.09585e+09 6002113
1.182903e-06 1.047093e+09 6001113 1.056303e+09 6001113
1.19626e-06 1.087363e+09 6002113 1.095218e+09 6002113
1.825084e-06 1.06564e+09 6001113 1.054327e+09 6001113
3.811079e-07 1.04154e+09 6001113 1.085624e+09 6001113
1.228234e-06 1.041084e+09 6001113 1.065052e+09 6001113
2.576722e-07 1.072369e+09 6001113 1.076305e+09 6001113
1.212866e-06 1.093829e+09 6002113 1.085427e+09 6002113
1.148978e-06 1.081612e+09 6001113 1.049297e+09 6001113
1.182903e-06 1.077236e+09 6001113 1.030953e+09 6001113
1.154115e-06 1.07447e+09 6001113 1.078028e+09 6001113
1.121397e-06 1.080694e+09 6002113 1.104025e+09 6002113
8.491238e-07 1.061597e+09 6001113 1.075321e+09 6001113
1.079461e-06 1.050504e+09 6001113 1.085882e+09 6001113
1.079702e-06 1.102286e+09 6002113 1.107502e+09 6002113
1.108162e-06 1.098886e+09 6002113 1.117701e+09 6002113
1.185803e-06 1.05835e+09 6001113 1.079624e+09 6001113
1.185803e-06 1.05835e+09 6001113 1.079624e+09 6001113
1.228234e-06 1.065844e+09 6001113 1.077481e+09 6001113
1.033766e-06 1.065946e+09 6002113 1.092998e+09 6002113
1.030699e-06 1.0769e+09 6001113 1.087119e+09 6001113
1.159432e-06 1.087382e+09 6001113 1.058157e+09 6001113
1.172057e-06 1.085144e+09 6002113 1.091533e+09 6002113
1.225051e-06 1.085694e+09 6001113 1.099366e+09 6001113
1.525444e-08 1.090299e+09 6001113 1.061297e+09 6001113
1.525444e-08 1.090299e+09 6001113 1.061297e+09 6001113
7.028267e-07 1.090574e+09 6002113 1.110429e+09 6002113
1.058721e-06 1.092382e+09 6001113 1.087761e+09 6001113
1.182903e-06 1.08078e+09 6001113 1.086197e+09 6001113
1.034932e-06 1.084993e+09 6001113 1.078231e+09 6001113
1.116302e-06 1.130919e+09 6002113 1.081023e+09 6002113
1.49222e-06 1.082203e+09 6001113 1.049217e+09 6001113
1.149178e-06 1.084868e+09 6002113 1.083074e+09 6002113
1.116302e-06 1.059512e+09 6001113 1.090821e+09 6001113
2.48089e-07 1.056536e+09 6001113 1.086703e+09 6001113
9.124331e-07 1.078355e+09 6002113 1.107239e+09 6002113
1.148978e-06 1.066893e+09 6001113 1.078925e+09 6001113
1.096294e-06 1.073509e+09 6001113 1.035933e+09 6001113
1.11498e-06 1.09367e+09 6001113 1.05716e+09 6001113
1.06036e-06 1.116207e+09 6002113 1.090561e+09 6002113
1.148978e-06 1.088593e+09 6001113 1.058568e+09 6001113
1.113179e-06 1.11464e+09 6003113 1.096741e+09 6003113
1.110902e-06 1.086114e+09 6002113 1.094644e+09 6002113
1.149178e-06 1.090794e+09 6002113 1.113349e+09 6002113
1.225051e-06 1.075669e+09 6001113 1.075846e+09 6001113
1.29707e-06 1.065659e+09 6001113 1.054137e+09 6001113
1.63649e-07 1.09571e+09 6001113 1.074857e+09 6001113
1.753056e-06 1.085694e+09 6001113 1.063989e+09 6001113
1.141583e-06 1.051896e+09 6001113 1.072636e+09 6001113
1.113179e-06 1.079017e+09 6001113 1.085293e+09 6001113
1.753056e-06 1.069692e+09 6001113 1.065471e+09 6001113
1.164029e-06 1.077839e+09 6001113 1.083377e+09 6001113
2.576722e-07 1.077427e+09 6001113 1.083766e+09 6001113
6.674618e-07 1.045003e+09 6001113 1.084965e+09 6001113
6.674618e-07 1.045003e+09 6001113 1.084965e+09 6001113
1.110902e-06 1.099865e+09 6002113 1.116862e+09 6002113
5.79619e-07 1.069422e+09 6001113 1.05974e+09 6001113
1.228234e-06 1.097917e+09 6001113 1.083794e+09 6001113
6.603114e-07 1.083748e+09 6002113 1.103245e+09 6002113
1.236427e-06 1.116618e+09 6002113 1.091155e+09 6002113
1.079461e-06 1.055299e+09 6001113 1.058946e+09 6001113
1.162689e-07 1.057248e+09 6001113 1.067645e+09 6001113
1.032366e-06 1.093959e+09 6001113 1.08404e+09 6001113
1.049902e-06 1.089746e+09 6001113 1.057431e+09 6001113
1.058721e-06 1.061216e+09 6001113 1.04426e+09 6001113
8.009146e-08 1.081898e+09 6001113 1.074114e+09 6001113
1.028709e-06 1.079769e+09 6001113 1.089608e+09 6001113
1.22061e-06 1.099579e+09 6002113 1.09585e+09 6002113
1.032366e-06 1.077387e+09 6002113 1.086521e+09 6002113
1.174357e-06 1.108856e+09 6002113 1.099662e+09 6002113
1.05766e-06 1.05297e+09 6001113 1.054945e+09 6001113
1.05766e-06 1.05297e+09 6001113 1.054945e+09 6001113
8.491238e-07 1.082191e+09 6001113 1.096458e+09 6001113
1.116302e-06 1.088783e+09 6002113 1.083805e+09 6002113
1.123231e-06 1.094987e+09 6002113 1.122799e+09 6002113
2.339412e-07 1.079849e+09 6002113 1.114719e+09 6002113
1.058342e-06 1.06229e+09 6001113 1.09141e+09 6001113
8.491238e-07 1.110447e+09 6002113 1.090461e+09 6002113
1.058342e-06 1.069345e+09 6001113 1.082382e+09 6001113
4.944144e-07 1.082008e+09 6001113 1.051456e+09 6001113
1.140672e-06 1.053475e+09 6001113 1.072104e+09 6001113
1.140672e-06 1.053475e+09 6001113 1.072104e+09 6001113
1.060774e-06 1.075532e+09 6001113 1.06141e+09 6001113
1.233582e-07 1.040626e+09 6001113 1.074617e+09 6001113
1.18975e-06 1.072584e+09 6001113 1.06574e+09 6001113
1.312476e-06 1.08421e+09 6003113 1.110054e+09 6003113
1.148978e-06 1.089717e+09 6002113 1.111167e+09 6002113
2.783156e-08 1.114308e+09 6002113 1.061625e+09 6002113
9.155524e-07 1.079952e+09 6001113 1.093523e+09 6001113
5.715495e-07 1.107606e+09 6002113 1.092154e+09 6002113
2.023563e-07 1.080714e+09 6002113 1.071317e+09 6002113
1.236427e-06 1.086888e+09 6001113 1.060822e+09 6001113
1.049902e-06 1.084258e+09 6001113 1.072292e+09 6001113
1.032366e-06 1.0726e+09 6001113 1.085236e+09 6001113
1.466387e-06 1.079518e+09 6001113 1.074269e+09 6001113
1.047283e-06 1.077282e+09 6002113 1.102507e+09 6002113
1.193709e-06 1.064584e+09 6001113 1.057468e+09 6001113
1.211407e-06 1.087784e+09 6001113 1.056777e+09 6001113
9.155524e-07 1.081068e+09 6002113 1.082817e+09 6002113
6.553612e-08 1.077548e+09 6001113 1.095043e+09 6001113
1.121397e-06 1.065238e+09 6003113 1.13324e+09 6003113
1.172057e-06 1.074383e+09 6001113 1.068571e+09 6001113
5.715495e-07 1.043333e+09 6001113 1.071544e+09 6001113
1.058721e-06 1.117608e+09 6002113 1.061333e+09 6002113
5.79619e-07 1.092918e+09 6001113 1.06174e+09 6001113
1.156369e-06 1.095818e+09 6001113 1.074974e+09 6001113
1.551851e-07 1.075962e+09 6001113 1.082202e+09 6001113
1.551851e-07 1.075962e+09 6001113 1.082202e+09 6001113
7.044714e-08 1.074629e+09 6002113 1.120479e+09 6002113
1.058745e-06 1.061006e+09 6001113 1.088292e+09 6001113
1.182903e-06 1.046237e+09 6001113 1.065935e+09 6001113
3.501922e-07 1.063316e+09 6001113 1.066727e+09 6001113
1.01448e-06 1.08101e+09 6002113 1.107654e+09 6002113
1.197831e-06 1.089973e+09 6002113 1.115142e+09 6002113
1.058342e-06 1.0918e+09 6002113 1.089122e+09 6002113
1.495618e-06 1.086835e+09 6001113 1.080528e+09 6001113
1.154115e-06 1.065949e+09 6002113 1.082757e+09 6002113
1.466387e-06 1.063329e+09 6001113 1.058668e+09 6001113
5.715495e-07 1.080204e+09 6001113 1.066183e+09 6001113
1.19626e-06 1.04238e+09 6001113 1.082912e+09 6001113
1.172057e-06 1.082666e+09 6001113 1.055374e+09 6001113
5.332868e-07 1.05414e+09 6001113 1.078086e+09 6001113
1.110925e-06 1.059332e+09 6002113 1.074659e+09 6002113
1.597205e-06 1.099952e+09 6001113 1.073998e+09 6001113
1.228234e-06 1.072337e+09 6001113 1.060989e+09 6001113
1.211407e-06 1.115937e+09 6002113 1.090641e+09 6002113
1.156369e-06 1.090778e+09 6001113 1.081836e+09 6001113
9.124331e-07 1.094351e+09 6002113 1.097056e+09 6002113
1.193453e-06 1.075073e+09 6001113 1.082513e+09 6001113
1.327215e-06 1.116346e+09 6002113 1.084948e+09 6002113
1.154483e-06 1.104827e+09 6002113 1.074008e+09 6002113
1.197831e-06 1.083022e+09 6001113 1.083285e+09 6001113
1.044867e-06 1.08536e+09 6001113 1.088996e+09 6001113
1.185803e-06 1.057492e+09 6001113 1.069762e+09 6001113
1.141583e-06 1.019129e+09 6001113 1.058666e+09 6001113
1.931863e-06 1.112812e+09 6002113 1.089902e+09 6002113
6.603114e-07 1.068274e+09 6001113 1.082366e+09 6001113
1.05766e-06 1.057364e+09 6001113 1.083986e+09 6001113
1.102254e-06 1.047975e+09 6001113 1.051138e+09 6001113
1.203238e-06 1.086604e+09 6001113 1.077162e+09 6001113
1.116302e-06 1.070651e+09 6001113 1.061809e+09 6001113
1.113179e-06 1.082281e+09 6001113 1.090185e+09 6001113
1.203238e-06 1.06874e+09 6001113 1.028555e+09 6001113
1.38508e-07 1.080308e+09 6001113 1.049372e+09 6001113
1.80744e-06 1.065742e+09 6001113 1.040298e+09 6001113
7.028267e-07 1.085769e+09 6001113 1.05563e+09 6001113
4.245664e-07 1.067456e+09 6001113 1.09489e+09 6001113
1.193709e-06 1.083215e+09 6001113 1.06622e+09 6001113
1.495618e-06 1.071836e+09 6001113 1.075971e+09 6001113
1.203238e-06 1.075346e+09 6002113 1.076275e+09 6002113
3.468082e-09 1.13227e+09 6003113 1.114427e+09 6003113
1.033766e-06 1.068762e+09 6001113 1.090751e+09 6001113
1.033766e-06 1.068762e+09 6001113 1.090751e+09 6001113
1.168246e-06 1.074193e+09 6001113 1.074811e+09 6001113
1.159432e-06 1.04644e+09 6001113 1.097133e+09 6001113
1.18975e-06 1.090956e+09 6001113 1.085608e+09 6001113
1.110925e-06 1.079291e+09 6003113 1.099741e+09 6003113
1.185803e-06 1.10705e+09 6002113 1.095201e+09 6002113
1.058745e-06 1.067229e+09 6001113 1.077971e+09 6001113
7.441625e-07 1.082584e+09 6001113 1.086182e+09 6001113
6.284587e-07 1.084561e+09 6001113 1.045433e+09 6001113
6.192211e-07 1.076871e+09 6001113 1.081254e+09 6001113
1.22061e-06 1.050048e+09 6001113 1.03499e+09 6001113
9.564366e-07 1.104865e+09 6002113 1.10038e+09 6002113
7.491426e-07 1.068183e+09 6002113 1.123096e+09 6002113
1.11498e-06 1.031766e+09 6001113 1.05585e+09 6001113
4.58583e-07 1.079601e+09 6001113 1.07581e+09 6001113
1.028709e-06 1.0871e+09 6001113 1.07492e+09 6001113
1.174357e-06 1.086342e+09 6001113 1.065933e+09 6001113
1.174357e-06 1.086342e+09 6001113 1.065933e+09 6001113
1.18975e-06 1.050033e+09 6001113 1.067021e+09 6001113
1.034932e-06 1.083797e+09 6002113 1.107512e+09 6002113
3.501922e-07 1.109673e+09 6002113 1.067592e+09 6002113
1.193709e-06 1.084378e+09 6001113 1.071023e+09 6001113
1.058372e-06 1.10078e+09 6003113 1.12201e+09 6003113
1.149178e-06 1.052471e+09 6001113 1.078347e+09 6001113
4.487968e-07 1.067633e+09 6001113 1.085141e+09 6001113
1.05766e-06 1.05174e+09 6001113 1.092346e+09 6001113
1.113179e-06 1.079029e+09 6001113 1.071417e+09 6001113
1.113179e-06 1.079029e+09 6001113 1.071417e+09 6001113
3.501922e-07 1.0874e+09 6002113 1.073985e+09 6002113
1.597205e-06 1.051928e+09 6003113 1.14564e+09 6003113
1.030699e-06 1.082539e+09 6001113 1.08674e+09 6001113
1.551851e-07 1.081874e+09 6002113 1.091791e+09 6002113
5.715495e-07 1.04525e+09 6001113 1.040357e+09 6001113
1.060774e-06 1.076652e+09 6001113 1.082187e+09 6001113
1.058372e-06 1.069887e+09 6001113 1.034531e+09 6001113
1.058372e-06 1.069887e+09 6001113 1.034531e+09 6001113
4.944144e-07 1.094707e+09 6001113 1.080718e+09 6001113
1.164029e-06 1.071069e+09 6001113 1.068917e+09 6001113
1.030699e-06 1.078546e+09 6001113 1.077879e+09 6001113
1.05766e-06 1.088033e+09 6001113 1.058104e+09 6001113
1.108162e-06 1.067164e+09 6001113 1.012503e+09 6001113
1.06036e-06 1.062049e+09 6001113 1.05269e+09 6001113
9.087336e-08 1.062462e+09 6001113 1.084064e+09 6001113
2.339412e-07 1.082181e+09 6001113 1.077447e+09 6001113
1.11498e-06 1.098924e+09 6002113 1.100292e+09 6002113
9.124331e-07 1.087492e+09 6001113 1.099624e+09 6001113
8.009146e-08 1.062534e+09 6001113 1.031065e+09 6001113
1.228234e-06 1.076733e+09 6001113 1.069803e+09 6001113
1.228234e-06 1.076733e+09 6001113 1.069803e+09 6001113
1.228234e-06 1.090843e+09 6001113 1.095827e+09 6001113
1.211407e-06 1.070736e+09 6001113 1.08534e+09 6001113
1.096312e-07 1.072768e+09 6001113 1.057735e+09 6001113
1.028709e-06 1.085078e+09 6001113 1.064489e+09 6001113
1.028709e-06 1.085078e+09 6001113 1.064489e+09 6001113
1.05766e-06 1.085227e+09 6001113 1.090422e+09 6001113
1.108162e-06 1.081243e+09 6001113 1.081127e+09 6001113
1.63649e-07 1.051623e+09 6001113 1.078024e+09 6001113
1.054185e-06 1.060642e+09 6001113 1.07262e+09 6001113
1.341203e-06 1.073236e+09 6001113 1.081852e+09 6001113
4.359091e-08 1.088735e+09 6001113 1.034143e+09 6001113
7.914167e-07 1.084616e+09 6001113 1.066549e+09 6001113
1.156369e-06 1.068213e+09 6001113 1.064075e+09 6001113
1.212185e-06 1.062701e+09 6001113 1.064258e+09 6001113
1.110902e-06 1.091911e+09 6001113 1.095456e+09 6001113
1.110925e-06 1.072514e+09 6002113 1.096147e+09 6002113
1.574881e-06 1.061294e+09 6002113 1.099831e+09 6002113
3.211619e-07 1.083393e+09 6001113 1.081447e+09 6001113
1.327215e-06 1.057099e+09 6001113 1.081154e+09 6001113
8.748158e-07 1.090059e+09 6001113 1.067945e+09 6001113
1.030699e-06 1.091861e+09 6002113 1.093116e+09 6002113
1.058372e-06 1.090887e+09 6001113 1.072992e+09 6001113
1.096294e-06 1.067059e+09 6001113 1.062205e+09 6001113
8.748158e-07 1.081916e+09 6002113 1.107489e+09 6002113
1.141583e-06 1.077551e+09 6002113 1.1101e+09 6002113
1.11498e-06 1.065225e+09 6001113 1.066203e+09 6001113
1.05766e-06 1.088348e+09 6001113 1.050838e+09 6001113
1.148978e-06 1.074638e+09 6001113 1.079011e+09 6001113
1.121397e-06 1.070841e+09 6001113 1.077799e+09 6001113
1.121397e-06 1.070841e+09 6001113 1.077799e+09 6001113
1.551851e-07 1.064017e+09 6001113 1.049598e+09 6001113
1.131466e-06 1.084275e+09 6002113 1.105949e+09 6002113
1.159432e-06 1.080048e+09 6001113 1.082295e+09 6001113
1.159432e-06 1.080048e+09 6001113 1.082295e+09 6001113
1.149178e-06 1.109144e+09 6002113 1.102865e+09 6002113
1.154115e-06 1.084871e+09 6001113 1.042963e+09 6001113
1.154115e-06 1.084871e+09 6001113 1.042963e+09 6001113
1.032366e-06 1.0866e+09 6001113 1.07399e+09 6001113
1.141583e-06 1.076087e+09 6001113 1.086186e+09 6001113
1.225051e-06 1.082382e+09 6001113 1.046422e+09 6001113
5.79619e-07 1.08877e+09 6001113 1.077805e+09 6001113
1.193709e-06 1.116704e+09 6002113 1.093314e+09 6002113
1.110902e-06 1.071203e+09 6003113 1.132502e+09 6003113
1.550944e-06 1.024948e+09 6001113 1.040053e+09 6001113
1.044867e-06 1.080577e+09 6001113 1.03667e+09 6001113
3.488821e-08 1.102265e+09 6002113 1.071597e+09 6002113
7.357801e-07 1.117161e+09 6002113 1.092062e+09 6002113
1.023851e-06 1.092086e+09 6002113 1.088903e+09 6002113
1.353212e-06 1.065501e+09 6001113 1.092241e+09 6001113
1.597205e-06 1.05306e+09 6001113 1.057014e+09 6001113
1.174064e-06 1.095617e+09 6001113 1.042724e+09 6001113
2.023563e-07 1.057224e+09 6001113 1.085875e+09 6001113
1.156369e-06 1.077059e+09 6001113 1.095679e+09 6001113
1.203238e-06 1.084663e+09 6001113 1.049849e+09 6001113
2.339412e-07 1.049522e+09 6002113 1.108016e+09 6002113
1.22061e-06 1.082758e+09 6001113 1.059648e+09 6001113
1.621354e-06 1.072913e+09 6001113 1.069406e+09 6001113
1.049902e-06 1.082663e+09 6001113 1.042241e+09 6001113
1.05766e-06 1.092919e+09 6002113 1.06956e+09 6002113
4.245664e-07 1.037997e+09 6001113 1.084292e+09 6001113
9.124331e-07 1.059471e+09 6001113 1.097963e+09 6001113
1.202449e-06 1.081292e+09 6001113 1.045918e+09 6001113
1.096312e-07 1.115718e+09 6002113 1.10613e+09 6002113
1.691177e-06 1.088329e+09 6001113 1.070138e+09 6001113
1.047283e-06 1.0838e+09 6001113 1.078065e+09 6001113
1.108162e-06 1.083409e+09 6001113 1.06288e+09 6001113
1.22061e-06 1.074221e+09 6001113 1.039364e+09 6001113
1.38508e-07 1.059646e+09 6001113 1.060722e+09 6001113
1.102254e-06 1.065668e+09 6001113 1.07656e+09 6001113
1.121397e-06 1.059139e+09 6001113 1.035317e+09 6001113
9.155524e-07 1.067828e+09 6001113 1.087708e+09 6001113
1.121397e-06 1.058893e+09 6001113 1.054953e+09 6001113
1.121397e-06 1.058893e+09 6001113 1.054953e+09 6001113
1.140672e-06 1.089281e+09 6001113 1.060468e+09 6001113
1.108162e-06 1.083044e+09 6001113 1.075759e+09 6001113
1.108162e-06 1.083044e+09 6001113 1.075759e+09 6001113
1.211407e-06 1.082557e+09 6001113 1.028928e+09 6001113
1.211407e-06 1.082557e+09 6001113 1.028928e+09 6001113
1.030699e-06 1.054195e+09 6001113 1.090046e+09 6001113
1.174064e-06 1.080461e+09 6001113 1.060728e+09 6001113
4.02413e-08 1.065823e+09 6001113 1.082559e+09 6001113
6.192211e-07 1.093224e+09 6002113 1.08493e+09 6002113
1.202449e-06 1.121111e+09 6002113 1.094516e+09 6002113
1.327215e-06 1.081517e+09 6002113 1.106986e+09 6002113
1.023851e-06 1.092594e+09 6001113 1.076361e+09 6001113
1.228567e-06 1.095073e+09 6002113 1.119233e+09 6002113
1.49222e-06 1.063321e+09 6001113 1.048546e+09 6001113
1.113179e-06 1.066782e+09 6001113 1.051087e+09 6001113
3.501922e-07 1.079716e+09 6001113 1.074774e+09 6001113
1.141583e-06 1.069045e+09 6001113 1.084243e+09 6001113
1.931863e-06 1.082984e+09 6001113 1.092759e+09 6001113
1.058721e-06 1.072716e+09 6001113 1.084172e+09 6001113
3.501922e-07 1.047177e+09 6001113 1.05739e+09 6001113
1.29707e-06 1.118267e+09 6002113 1.093474e+09 6002113
1.047283e-06 1.076172e+09 6001113 1.064141e+09 6001113
1.060774e-06 1.09793e+09 6002113 1.102182e+09 6002113
1.028709e-06 1.091066e+09 6001113 1.081091e+09 6001113
3.211619e-07 1.095765e+09 6002113 1.107808e+09 6002113
1.212185e-06 1.075722e+09 6001113 1.073385e+09 6001113
1.212185e-06 1.075722e+09 6001113 1.073385e+09 6001113
1.121397e-06 1.130755e+09 6002113 1.065775e+09 6002113
1.116302e-06 1.06837e+09 6001113 1.042657e+09 6001113
1.18975e-06 1.116838e+09 6002113 1.09459e+09 6002113
1.058372e-06 1.066523e+09 6001113 1.073689e+09 6001113
9.124331e-07 1.089016e+09 6002113 1.117704e+09 6002113
2.399021e-08 1.078283e+09 6001113 1.083065e+09 6001113
2.832243e-07 1.08036e+09 6001113 1.081538e+09 6001113
2.832243e-07 1.08036e+09 6001113 1.081538e+09 6001113
1.141583e-06 1.083604e+09 6002113 1.111492e+09 6002113
8.748158e-07 1.085754e+09 6001113 1.074113e+09 6001113
8.748158e-07 1.085754e+09 6001113 1.074113e+09 6001113
1.199806e-06 1.08342e+09 6002113 1.085865e+09 6002113
3.488821e-08 1.046139e+09 6001113 1.083787e+09 6001113
1.168246e-06 1.080995e+09 6001113 1.042392e+09 6001113
1.123231e-06 1.097118e+09 6001113 1.083418e+09 6001113
1.233582e-07 1.077541e+09 6001113 1.023196e+09 6001113
1.156369e-06 1.075515e+09 6002113 1.086127e+09 6002113
2.24297e-07 1.106851e+09 6002113 1.064826e+09 6002113
1.034932e-06 1.086785e+09 6001113 1.057229e+09 6001113
2.339412e-07 1.068191e+09 6001113 1.060515e+09 6001113
1.80744e-06 1.082558e+09 6001113 1.070069e+09 6001113
1.060774e-06 1.087139e+09 6001113 1.071253e+09 6001113
1.060774e-06 1.087139e+09 6001113 1.071253e+09 6001113
1.05766e-06 1.091267e+09 6001113 1.073376e+09 6001113
1.110925e-06 1.050844e+09 6001113 1.091947e+09 6001113
1.199806e-06 1.090042e+09 6001113 1.078357e+09 6001113
1.148978e-06 1.095955e+09 6002113 1.106533e+09 6002113
1.182903e-06 1.063897e+09 6001113 1.075104e+09 6001113
1.212185e-06 1.092839e+09 6001113 1.072155e+09 6001113
1.108162e-06 1.070414e+09 6001113 1.084426e+09 6001113
1.058372e-06 1.05391e+09 6001113 1.080368e+09 6001113
2.610367e-08 1.04253e+09 6001113 1.087592e+09 6001113
2.610367e-08 1.04253e+09 6001113 1.087592e+09 6001113
1.825084e-06 1.072343e+09 6001113 1.090045e+09 6001113
1.058342e-06 1.04754e+09 6001113 1.093269e+09 6001113
7.914167e-07 1.114894e+09 6002113 1.088796e+09 6002113
1.22061e-06 1.116369e+09 6002113 1.079931e+09 6002113
1.22061e-06 1.116369e+09 6002113 1.079931e+09 6002113
1.148978e-06 1.117503e+09 6002113 1.082972e+09 6002113
5.320703e-07 1.063319e+09 6001113 1.039135e+09 6001113
5.320703e-07 1.063319e+09 6001113 1.039135e+09 6001113
1.182903e-06 1.058656e+09 6002113 1.117677e+09 6002113
4.487968e-07 1.019466e+09 6001113 1.069074e+09 6001113
1.028709e-06 1.053001e+09 6002113 1.115399e+09 6002113
1.208321e-06 1.100375e+09 6002113 1.101258e+09 6002113
1.174064e-06 1.082658e+09 6001113 1.056825e+09 6001113
5.332868e-07 1.044204e+09 6001113 1.066104e+09 6001113
2.610367e-08 1.078189e+09 6001113 1.060298e+09 6001113
1.174064e-06 1.049346e+09 6001113 1.050716e+09 6001113
2.828434e-09 1.069027e+09 6001113 1.089294e+09 6001113
1.327215e-06 1.075388e+09 6001113 1.075332e+09 6001113
1.047283e-06 1.062421e+09 6001113 1.076115e+09 6001113
1.079461e-06 1.080696e+09 6001113 1.082754e+09 6001113
1.044867e-06 1.099407e+09 6002113 1.086303e+09 6002113
1.174357e-06 1.085454e+09 6002113 1.117484e+09 6002113
1.174357e-06 1.085454e+09 6002113 1.117484e+09 6002113
1.108162e-06 1.075195e+09 6001113 1.099502e+09 6001113
1.108162e-06 1.075195e+09 6001113 1.099502e+09 6001113
1.033766e-06 1.065297e+09 6001113 1.037886e+09 6001113
6.553612e-08 1.084969e+09 6001113 1.074421e+09 6001113
1.058372e-06 1.082419e+09 6001113 1.089136e+09 6001113
1.341203e-06 1.087174e+09 6001113 1.064885e+09 6001113
1.281027e-06 1.125999e+09 6002113 1.024742e+09 6002113
1.102254e-06 1.086935e+09 6002113 1.121712e+09 6002113
1.174357e-06 1.097665e+09 6002113 1.105039e+09 6002113
1.495618e-06 1.073591e+09 6001113 1.069738e+09 6001113
1.495618e-06 1.073591e+09 6001113 1.069738e+09 6001113
9.484942e-09 1.080883e+09 6001113 1.092597e+09 6001113
1.38508e-07 1.048674e+09 6001113 1.078213e+09 6001113
1.228567e-06 1.071415e+09 6003113 1.132034e+09 6003113
1.691177e-06 1.081952e+09 6002113 1.095524e+09 6002113
5.715495e-07 1.075704e+09 6002113 1.092824e+09 6002113
1.01448e-06 1.090678e+09 6001113 1.075974e+09 6001113
1.057782e-06 1.101492e+09 6002113 1.07886e+09 6002113
7.028267e-07 1.076223e+09 6001113 1.084746e+09 6001113
1.06036e-06 1.075915e+09 6001113 1.023116e+09 6001113
1.825084e-06 1.082573e+09 6001113 1.077858e+09 6001113
1.149178e-06 1.092134e+09 6003113 1.133378e+09 6003113
1.058745e-06 1.044112e+09 6001113 1.07149e+09 6001113
1.058745e-06 1.044112e+09 6001113 1.07149e+09 6001113
9.564366e-07 1.082645e+09 6001113 1.046816e+09 6001113
1.123231e-06 1.082673e+09 6001113 1.020886e+09 6001113
1.030699e-06 1.085288e+09 6001113 1.079977e+09 6001113
1.113179e-06 1.088508e+09 6001113 1.072176e+09 6001113
7.028267e-07 1.081187e+09 6001113 1.065049e+09 6001113
1.174064e-06 1.078356e+09 6001113 1.094014e+09 6001113
7.914167e-07 1.090683e+09 6001113 1.079935e+09 6001113
1.172057e-06 1.056783e+09 6001113 1.057064e+09 6001113
1.225051e-06 1.056993e+09 6001113 1.098249e+09 6001113
1.174357e-06 1.095932e+09 6001113 1.049252e+09 6001113
1.193453e-06 1.078407e+09 6002113 1.092721e+09 6002113
3.501922e-07 1.090427e+09 6001113 1.083986e+09 6001113
1.149178e-06 1.077354e+09 6003113 1.156016e+09 6003113
1.199806e-06 1.085382e+09 6002113 1.10266e+09 6002113
1.199806e-06 1.073882e+09 6001113 1.053083e+09 6001113
1.202449e-06 1.069338e+09 6001113 1.090898e+09 6001113
1.550944e-06 1.085702e+09 6001113 1.077394e+09 6001113
1.044867e-06 1.093209e+09 6001113 1.05645e+09 6001113
1.110902e-06 1.100282e+09 6001113 1.058101e+09 6001113
1.148978e-06 1.079204e+09 6001113 1.068954e+09 6001113
1.148978e-06 1.079204e+09 6001113 1.068954e+09 6001113
7.077892e-07 1.061645e+09 6001113 1.075231e+09 6001113
1.228567e-06 1.09006e+09 6001113 1.071324e+09 6001113
1.212185e-06 1.068604e+09 6003113 1.106396e+09 6003113
1.182903e-06 1.096606e+09 6001113 1.075392e+09 6001113
1.193453e-06 1.06703e+09 6001113 1.077201e+09 6001113
1.162689e-07 1.082113e+09 6002113 1.092943e+09 6002113
1.228234e-06 1.090716e+09 6002113 1.048674e+09 6002113
1.212185e-06 1.063942e+09 6002113 1.072069e+09 6002113
1.047283e-06 1.057835e+09 6001113 1.066694e+09 6001113
1.154483e-06 1.06915e+09 6001113 1.074388e+09 6001113
1.154483e-06 1.06915e+09 6001113 1.074388e+09 6001113
1.148978e-06 1.092966e+09 6002113 1.118253e+09 6002113
1.154483e-06 1.083404e+09 6003113 1.145697e+09 6003113
1.182903e-06 1.089995e+09 6002113 1.057579e+09 6002113
9.155524e-07 1.082308e+09 6001113 1.067775e+09 6001113
1.141583e-06 1.093552e+09 6001113 1.083542e+09 6001113
6.284587e-07 1.099432e+09 6001113 1.067193e+09 6001113
1.058721e-06 1.082786e+09 6003113 1.126599e+09 6003113
1.030699e-06 1.081423e+09 6001113 1.072174e+09 6001113
1.154483e-06 1.059932e+09 6001113 1.074498e+09 6001113
2.399021e-08 1.083004e+09 6002113 1.10241e+09 6002113
8.343461e-07 1.116227e+09 6002113 1.098576e+09 6002113
1.574881e-06 1.078403e+09 6001113 1.068658e+09 6001113
8.344957e-07 1.063381e+09 6001113 1.095962e+09 6001113
1.753056e-06 1.034264e+09 6001113 1.087156e+09 6001113
8.344957e-07 1.102655e+09 6002113 1.09204e+09 6002113
1.172057e-06 1.081345e+09 6001113 1.051376e+09 6001113
1.164029e-06 1.071396e+09 6001113 1.076856e+09 6001113
3.488821e-08 1.059497e+09 6001113 1.084415e+09 6001113
1.550944e-06 1.125694e+09 6002113 1.095237e+09 6002113
6.192211e-07 1.079879e+09 6001113 1.087758e+09 6001113
6.192211e-07 1.079879e+09 6001113 1.087758e+09 6001113
1.202449e-06 1.085667e+09 6002113 1.101826e+09 6002113
1.211407e-06 1.075957e+09 6001113 1.066618e+09 6001113
1.079461e-06 1.085717e+09 6001113 1.064654e+09 6001113
1.228234e-06 1.103932e+09 6002113 1.089679e+09 6002113
3.468082e-09 1.091498e+09 6002113 1.092234e+09 6002113
1.044867e-06 1.052389e+09 6001113 1.07562e+09 6001113
1.312476e-06 1.097056e+09 6001113 1.079568e+09 6001113
3.501922e-07 1.084553e+09 6001113 1.03477e+09 6001113
1.034932e-06 1.079469e+09 6001113 1.093029e+09 6001113
1.159432e-06 1.049774e+09 6001113 1.062491e+09 6001113
1.236427e-06 1.068698e+09 6001113 1.05238e+09 6001113
1.049902e-06 1.09737e+09 6002113 1.073728e+09 6002113
1.159432e-06 1.0705e+09 6001113 1.060033e+09 6001113
1.156369e-06 1.025471e+09 6002113 1.092394e+09 6002113
1.06036e-06 1.070083e+09 6001113 1.089847e+09 6001113
1.148978e-06 1.071249e+09 6002113 1.120297e+09 6002113
8.343461e-07 1.097933e+09 6002113 1.097662e+09 6002113
6.284587e-07 1.087208e+09 6001113 1.09009e+09 6001113
1.208321e-06 1.065675e+09 6002113 1.117546e+09 6002113
1.19626e-06 1.086552e+09 6001113 1.095389e+09 6001113
4.533146e-07 1.094427e+09 6001113 1.06858e+09 6001113
1.054185e-06 1.08554e+09 6001113 1.078017e+09 6001113
1.141583e-06 1.111039e+09 6003113 1.076126e+09 6003113
1.148978e-06 1.048829e+09 6001113 1.086455e+09 6001113
1.108162e-06 1.035686e+09 6001113 1.090655e+09 6001113
1.19626e-06 1.08233e+09 6002113 1.077514e+09 6002113
1.108162e-06 1.095082e+09 6001113 1.03496e+09 6001113
1.174064e-06 1.082809e+09 6001113 1.092616e+09 6001113
1.06036e-06 1.062572e+09 6001113 1.087892e+09 6001113
1.079461e-06 1.082258e+09 6001113 1.02404e+09 6001113
1.825084e-06 1.090452e+09 6001113 1.029306e+09 6001113
1.228567e-06 1.06392e+09 6001113 1.057321e+09 6001113
1.123231e-06 1.09855e+09 6002113 1.117323e+09 6002113
1.197831e-06 1.057201e+09 6001113 1.065117e+09 6001113
5.067061e-09 1.083417e+09 6001113 1.082449e+09 6001113
1.825084e-06 1.103688e+09 6002113 1.09322e+09 6002113
1.281027e-06 1.068718e+09 6001113 1.065923e+09 6001113
1.058745e-06 1.082569e+09 6001113 1.036664e+09 6001113
1.11498e-06 1.078483e+09 6001113 1.084725e+09 6001113
1.203238e-06 1.068384e+09 6001113 1.074205e+09 6001113
4.944144e-07 1.074874e+09 6001113 1.069727e+09 6001113
7.044714e-08 1.083868e+09 6001113 1.082395e+09 6001113
1.49222e-06 1.064594e+09 6001113 1.094896e+09 6001113
1.149178e-06 1.086313e+09 6002113 1.069438e+09 6002113
1.149178e-06 1.086313e+09 6002113 1.069438e+09 6002113
1.108162e-06 1.070623e+09 6001113 1.066744e+09 6001113
1.548523e-09 1.09722e+09 6002113 1.09975e+09 6002113
5.715495e-07 1.051573e+09 6001113 1.041967e+09 6001113
1.121397e-06 1.126267e+09 6002113 1.085918e+09 6002113
6.603114e-07 1.075142e+09 6001113 1.047806e+09 6001113
1.116302e-06 1.075665e+09 6001113 1.042025e+09 6001113
1.054185e-06 1.09167e+09 6001113 1.091825e+09 6001113
1.182903e-06 1.082749e+09 6001113 1.076259e+09 6001113
1.199806e-06 1.07438e+09 6001113 1.059097e+09 6001113
1.110925e-06 1.100894e+09 6002113 1.093959e+09 6002113
1.131466e-06 1.101394e+09 6002113 1.079349e+09 6002113
5.320703e-07 1.087234e+09 6001113 1.058983e+09 6001113
1.049902e-06 1.064903e+09 6001113 1.076418e+09 6001113
1.19626e-06 1.065697e+09 6001113 1.086226e+09 6001113
1.028964e-07 1.05472e+09 6001113 1.059675e+09 6001113
1.116302e-06 1.094086e+09 6001113 1.046894e+09 6001113
1.058342e-06 1.073911e+09 6001113 1.038837e+09 6001113
1.80744e-06 1.023999e+09 6002113 1.106717e+09 6002113
1.206587e-06 1.06746e+09 6001113 1.074481e+09 6001113
1.203238e-06 1.086991e+09 6001113 1.087509e+09 6001113
3.211619e-07 1.079217e+09 6001113 1.069109e+09 6001113
1.110902e-06 1.070099e+09 6001113 1.067625e+09 6001113
1.028964e-07 1.073348e+09 6001113 1.069169e+09 6001113
1.131466e-06 1.090496e+09 6002113 1.114352e+09 6002113
1.096294e-06 1.051818e+09 6001113 1.080988e+09 6001113
1.096294e-06 1.051818e+09 6001113 1.080988e+09 6001113
3.755732e-07 1.082123e+09 6001113 1.065477e+09 6001113
1.140672e-06 1.074406e+09 6001113 1.069107e+09 6001113
4.487968e-07 1.079377e+09 6001113 1.074812e+09 6001113
1.638263e-06 1.09363e+09 6002113 1.122082e+09 6002113
1.185803e-06 1.085969e+09 6001113 1.067207e+09 6001113
1.281027e-06 1.077339e+09 6001113 1.080031e+09 6001113
1.281027e-06 1.077339e+09 6001113 1.080031e+09 6001113
1.057782e-06 1.102154e+09 6002113 1.090698e+09 6002113
4.533146e-07 1.091845e+09 6001113 1.047469e+09 6001113
1.096294e-06 1.078586e+09 6001113 1.062047e+09 6001113
1.123231e-06 1.088435e+09 6001113 1.09081e+09 6001113
1.123231e-06 1.088435e+09 6001113 1.09081e+09 6001113
1.060774e-06 1.074286e+09 6001113 1.067678e+09 6001113
1.753056e-06 1.035894e+09 6001113 1.057473e+09 6001113
1.123231e-06 1.100636e+09 6002113 1.070297e+09 6002113
1.116302e-06 1.074793e+09 6001113 1.089607e+09 6001113
1.096294e-06 1.063451e+09 6001113 1.034078e+09 6001113
1.079461e-06 1.087258e+09 6001113 1.022633e+09 6001113
1.621354e-06 1.08626e+09 6003113 1.140915e+09 6003113
1.033766e-06 1.087686e+09 6001113 1.075604e+09 6001113
1.033766e-06 1.087686e+09 6001113 1.075604e+09 6001113
7.077892e-07 1.088139e+09 6001113 1.084218e+09 6001113
1.174064e-06 1.042183e+09 6001113 1.080623e+09 6001113
1.225051e-06 1.058888e+09 6001113 1.083033e+09 6001113
1.225051e-06 1.058888e+09 6001113 1.083033e+09 6001113
1.353212e-06 1.067e+09 6001113 1.092024e+09 6001113
1.22061e-06 1.084742e+09 6001113 1.063303e+09 6001113
1.096294e-06 1.075247e+09 6001113 1.072839e+09 6001113
1.141583e-06 1.106763e+09 6002113 1.091055e+09 6002113
1.327215e-06 1.087488e+09 6001113 1.089204e+09 6001113
1.327215e-06 1.063117e+09 6001113 1.081037e+09 6001113
4.58583e-07 1.05086e+09 6001113 1.085109e+09 6001113
1.058372e-06 1.087715e+09 6001113 1.059493e+09 6001113
1.058372e-06 1.087715e+09 6001113 1.059493e+09 6001113
1.212185e-06 1.064939e+09 6001113 1.040544e+09 6001113
1.197831e-06 1.092161e+09 6002113 1.109634e+09 6002113
1.140672e-06 1.078001e+09 6001113 1.097564e+09 6001113
1.113179e-06 1.080043e+09 6001113 1.060656e+09 6001113
1.121397e-06 1.089678e+09 6002113 1.115776e+09 6002113
9.564366e-07 1.056536e+09 6001113 1.048819e+09 6001113
1.154115e-06 1.067819e+09 6001113 1.084193e+09 6001113
1.208321e-06 1.099682e+09 6002113 1.0963e+09 6002113
1.154115e-06 1.077014e+09 6001113 1.054761e+09 6001113
1.116302e-06 1.079224e+09 6002113 1.080916e+09 6002113
1.096294e-06 1.098935e+09 6002113 1.077711e+09 6002113
1.05766e-06 1.03368e+09 6001113 1.056349e+09 6001113
1.030699e-06 1.051601e+09 6001113 1.070215e+09 6001113
1.030699e-06 1.051601e+09 6001113 1.070215e+09 6001113
1.22061e-06 1.080085e+09 6002113 1.10641e+09 6002113
1.80744e-06 1.05913e+09 6001113 1.084828e+09 6001113
1.028709e-06 1.115497e+09 6002113 1.060585e+09 6002113
1.203238e-06 1.075292e+09 6001113 1.049314e+09 6001113
1.228234e-06 1.140901e+09 6003113 1.082888e+09 6003113
1.05766e-06 1.083716e+09 6001113 1.082639e+09 6001113
1.193453e-06 1.070324e+09 6001113 1.092623e+09 6001113
2.975123e-09 1.06902e+09 6001113 1.07524e+09 6001113
1.044867e-06 1.060992e+09 6002113 1.126875e+09 6002113
1.030699e-06 1.08614e+09 6002113 1.105813e+09 6002113
1.18975e-06 1.06883e+09 6001113 1.085325e+09 6001113
1.29707e-06 1.075703e+09 6001113 1.084972e+09 6001113
1.174357e-06 1.049484e+09 6001113 1.071295e+09 6001113
5.067061e-09 1.10789e+09 6002113 1.11711e+09 6002113
1.05766e-06 1.068349e+09 6001113 1.084317e+09 6001113
1.212185e-06 1.063471e+09 6001113 1.082643e+09 6001113
1.341203e-06 1.083879e+09 6001113 1.07045e+09 6001113
1.11498e-06 1.080388e+09 6001113 1.056465e+09 6001113
1.113179e-06 1.085592e+09 6001113 1.072865e+09 6001113
1.199806e-06 1.091529e+09 6001113 1.075762e+09 6001113
1.634109e-08 1.0651e+09 6001113 1.084038e+09 6001113
1.197831e-06 1.061899e+09 6001113 1.077226e+09 6001113
1.228567e-06 1.121156e+09 6002113 1.094556e+09 6002113
1.079461e-06 1.090435e+09 6002113 1.088397e+09 6002113
1.49222e-06 1.055977e+09 6001113 1.07566e+09 6001113
3.211619e-07 1.080569e+09 6001113 1.087606e+09 6001113
1.550944e-06 1.048975e+09 6001113 1.074131e+09 6001113
1.524774e-06 1.082994e+09 6001113 1.08677e+09 6001113
1.028709e-06 1.081285e+09 6001113 1.080619e+09 6001113
1.028709e-06 1.081285e+09 6001113 1.080619e+09 6001113
1.149178e-06 1.084477e+09 6001113 1.042561e+09 6001113
1.174357e-06 1.082338e+09 6001113 1.086203e+09 6001113
1.154115e-06 1.051523e+09 6001113 1.09575e+09 6001113
1.211407e-06 1.067699e+09 6001113 1.066745e+09 6001113
1.211407e-06 1.067699e+09 6001113 1.066745e+09 6001113
1.710323e-06 1.077616e+09 6001113 1.082136e+09 6001113
7.942649e-07 1.092907e+09 6001113 1.086285e+09 6001113
2.023563e-07 1.068834e+09 6001113 1.077577e+09 6001113
1.174064e-06 1.082131e+09 6001113 1.080422e+09 6001113
2.339412e-07 1.078127e+09 6002113 1.119886e+09 6002113
1.197831e-06 1.088117e+09 6001113 1.052324e+09 6001113
1.197831e-06 1.088117e+09 6001113 1.052324e+09 6001113
1.032366e-06 1.094203e+09 6002113 1.083583e+09 6002113
1.058372e-06 1.096552e+09 6002113 1.093574e+09 6002113
3.811079e-07 1.039751e+09 6001113 1.069029e+09 6001113
