2.631698e-06 1.058885e+09 6001113 1.039902e+09 6001113
2.631698e-06 1.058885e+09 6001113 1.039902e+09 6001113
9.730879e-07 1.071263e+09 6001113 1.065037e+09 6001113
4.65142e-07 1.055279e+09 6001113 1.056634e+09 6001113
5.973251e-07 1.017693e+09 6001113 1.065682e+09 6001113
2.700848e-06 1.0629e+09 6002113 1.068791e+09 6002113
2.863277e-06 1.064831e+09 6001113 1.057812e+09 6001113
2.639529e-06 1.099877e+09 6002113 1.055273e+09 6002113
3.455173e-06 1.051173e+09 6001113 1.02887e+09 6001113
1.382762e-06 1.048799e+09 6001113 1.0644e+09 6001113
2.888987e-06 1.061555e+09 6001113 1.045067e+09 6001113
2.626616e-06 1.090626e+09 6002113 1.028371e+09 6002113
3.04726e-06 1.093812e+09 6002113 1.057837e+09 6002113
3.054425e-06 1.074376e+09 6002113 1.079812e+09 6002113
2.842295e-06 1.068262e+09 6001113 1.049177e+09 6001113
3.058438e-06 1.066811e+09 6002113 1.047788e+09 6002113
2.799229e-07 1.021701e+09 6001113 1.058771e+09 6001113
2.867961e-06 1.053837e+09 6001113 1.053598e+09 6001113
2.998501e-06 1.051214e+09 6001113 1.05708e+09 6001113
2.947757e-06 1.090674e+09 6002113 1.07611e+09 6002113
3.054425e-06 1.039526e+09 6001113 1.054105e+09 6001113
2.946817e-06 1.068256e+09 6001113 1.050946e+09 6001113
2.947757e-06 1.074716e+09 6002113 1.059268e+09 6002113
3.020323e-06 1.103981e+09 6003113 1.07743e+09 6003113
2.130729e-06 1.066525e+09 6002113 1.087098e+09 6002113
2.96871e-07 1.091618e+09 6002113 1.079764e+09 6002113
3.156986e-06 1.048755e+09 6001113 1.036473e+09 6001113
3.093101e-06 1.060975e+09 6002113 1.085361e+09 6002113
2.691665e-06 1.063285e+09 6001113 1.038225e+09 6001113
1.358542e-06 1.049763e+09 6001113 1.032282e+09 6001113
2.425104e-06 1.089284e+09 6002113 1.083843e+09 6002113
3.116599e-06 1.052053e+09 6001113 1.051077e+09 6001113
2.674041e-06 1.055068e+09 6002113 1.10286e+09 6002113
2.707431e-06 1.074614e+09 6002113 1.071334e+09 6002113
2.028007e-06 1.067872e+09 6001113 1.069295e+09 6001113
2.83648e-06 1.067838e+09 6001113 1.076668e+09 6001113
3.047912e-06 1.068644e+09 6001113 1.065501e+09 6001113
2.756203e-06 1.068145e+09 6002113 1.077535e+09 6002113
4.139823e-06 1.056678e+09 6002113 1.07459e+09 6002113
2.842295e-06 1.058633e+09 6001113 1.067626e+09 6001113
1.358542e-06 1.066412e+09 6001113 1.050419e+09 6001113
2.700536e-06 1.066702e+09 6001113 1.045176e+09 6001113
2.960392e-06 1.038792e+09 6001113 1.074591e+09 6001113
2.707431e-06 1.057126e+09 6001113 1.061517e+09 6001113
2.952572e-06 1.066732e+09 6001113 1.044718e+09 6001113
1.170906e-06 1.084394e+09 6002113 1.085064e+09 6002113
2.960392e-06 1.066772e+09 6001113 1.058721e+09 6001113
2.836539e-06 1.079265e+09 6002113 1.084563e+09 6002113
2.421803e-08 1.083813e+09 6002113 1.080636e+09 6002113
7.932502e-07 1.067084e+09 6001113 1.016038e+09 6001113
2.703246e-06 1.058523e+09 6002113 1.09136e+09 6002113
3.04726e-06 1.061257e+09 6002113 1.068705e+09 6002113
1.581065e-06 1.054636e+09 6001113 1.040724e+09 6001113
