6.13004e-07 1.080383e+09 6002113 1.068127e+09 6002113
1.668117e-06 1.04515e+09 6001114 1.037847e+09 6001113
1.626156e-06 1.077519e+09 6003113 1.096356e+09 6003113
1.824104e-06 1.037728e+09 6001113 1.015039e+09 6001113
1.65495e-06 1.06079e+09 6003113 1.051939e+09 6003113
1.979353e-06 1.03529e+09 6001113 1.050638e+09 6001113
2.008559e-06 1.076073e+09 6002113 1.07e+09 6002113
1.824104e-06 1.102677e+09 6003114 1.057084e+09 6003113
1.953899e-06 1.065729e+09 6002113 1.045315e+09 6002113
1.972638e-06 1.067705e+09 6002113 1.030037e+09 6002113
1.140281e-06 1.027133e+09 6001114 1.0412e+09 6001113
1.668117e-06 1.022913e+09 6001113 1.047606e+09 6001113
1.892561e-06 1.05315e+09 6002113 1.077758e+09 6002113
2.309338e-06 1.043167e+09 6001113 1.045249e+09 6001113
1.822157e-06 1.06766e+09 6002113 1.064231e+09 6002113
1.688593e-06 1.051473e+09 6002114 1.062425e+09 6002113
1.93848e-06 1.079088e+09 6002113 1.072198e+09 6002113
1.432679e-06 1.040975e+09 6001113 1.042774e+09 6001113
1.857909e-06 1.064197e+09 6002113 1.059032e+09 6002113
1.668117e-06 1.066288e+09 6002113 1.056579e+09 6002113
1.94397e-06 1.043002e+09 6002113 1.063709e+09 6002113
1.675073e-06 1.026994e+09 6001114 1.047283e+09 6001113
1.361419e-06 1.044269e+09 6001113 1.032308e+09 6001113
1.726704e-06 1.04019e+09 6002113 1.067907e+09 6002113
1.993315e-06 1.111258e+09 6003114 1.08453e+09 6003113
1.688593e-06 1.038298e+09 6001114 1.04033e+09 6001113
4.866921e-08 1.048941e+09 6001113 1.02662e+09 6001113
1.691906e-06 1.018503e+09 6001113 1.040254e+09 6001113
1.897405e-06 1.056991e+09 6003114 1.086825e+09 6003113
2.571045e-06 9.997994e+08 6001113 1.036196e+09 6001113
2.347912e-06 1.075323e+09 6002113 1.082192e+09 6002113
1.900389e-06 1.062841e+09 6002113 1.016314e+09 6002113
1.810111e-06 1.067704e+09 6002113 1.071505e+09 6002113
1.984831e-06 1.032304e+09 6002114 1.066342e+09 6002113
1.737582e-06 1.04672e+09 6001113 1.038263e+09 6001113
1.822157e-06 1.040682e+09 6002114 1.072892e+09 6002113
1.824104e-06 1.072294e+09 6002114 1.05252e+09 6002113
2.949652e-06 1.062178e+09 6002114 1.059679e+09 6002113
1.819095e-06 1.092146e+09 6003113 1.057439e+09 6003113
4.133731e-07 1.074226e+09 6002113 1.067082e+09 6002113
1.857909e-06 1.047964e+09 6002114 1.073269e+09 6002113
1.570381e-06 1.073251e+09 6002114 1.032128e+09 6002113
1.813563e-06 1.030636e+09 6001113 1.002097e+09 6001113
1.002797e-06 1.033278e+09 6001113 1.033977e+09 6001113
2.424056e-06 1.035669e+09 6001113 1.037274e+09 6001113
1.761076e-06 1.035453e+09 6001114 1.028115e+09 6001113
1.906157e-06 1.068971e+09 6003113 1.079573e+09 6003113
5.462486e-07 1.042031e+09 6002113 1.067134e+09 6002113
1.96345e-06 1.02355e+09 6001113 1.034724e+09 6001113
2.038906e-06 1.040106e+09 6002114 1.050289e+09 6002113
1.221905e-06 1.043225e+09 6001114 1.03505e+09 6001113
7.393464e-07 1.05125e+09 6001114 1.046346e+09 6001113
4.133731e-07 1.104459e+09 6003114 1.079649e+09 6003113
1.913994e-06 1.072187e+09 6002114 1.067188e+09 6002113
2.023273e-06 1.012957e+09 6001114 1.048981e+09 6001113
2.009271e-06 1.071048e+09 6002114 1.060629e+09 6002113
1.662448e-06 1.03401e+09 6001113 1.040972e+09 6001113
1.948438e-06 1.070847e+09 6002114 1.028568e+09 6002113
1.680725e-06 1.079157e+09 6003113 1.077252e+09 6003113
1.701788e-06 1.045584e+09 6001113 1.036954e+09 6001113
1.72025e-06 1.05582e+09 6002113 1.09256e+09 6002113
1.900389e-06 1.077146e+09 6002113 1.063775e+09 6002113
1.951898e-06 1.057478e+09 6002113 1.068644e+09 6002113
1.948438e-06 1.067547e+09 6002113 1.039119e+09 6002113
1.824104e-06 1.04435e+09 6001113 1.03744e+09 6001113
2.028863e-06 1.041458e+09 6002114 1.037615e+09 6002113
1.823303e-06 1.068201e+09 6002113 1.065814e+09 6002113
1.675073e-06 1.026335e+09 6001114 1.055971e+09 6001113
1.669127e-06 1.083611e+09 6003113 1.049013e+09 6003113
1.675073e-06 1.085941e+09 6002113 1.055638e+09 6002113
1.05152e-07 1.051277e+09 6003113 1.076074e+09 6003113
1.675786e-06 1.066005e+09 6002113 1.074411e+09 6002113
2.918805e-07 1.077534e+09 6002114 1.049378e+09 6002113
2.739592e-06 1.082871e+09 6002114 1.066212e+09 6002113
1.691906e-06 1.087498e+09 6002114 1.069554e+09 6002113
2.621649e-07 1.047101e+09 6002114 1.056103e+09 6002113
1.984831e-06 1.072557e+09 6002113 1.031383e+09 6002113
1.714666e-06 1.041402e+09 6001113 1.059581e+09 6001113
1.96345e-06 1.101233e+09 6003114 1.062851e+09 6003113
1.72025e-06 1.012901e+09 6001114 1.023787e+09 6001113
1.913994e-06 1.073909e+09 6002114 1.079993e+09 6002113
1.810111e-06 1.028598e+09 6001113 1.043098e+09 6001113
1.953899e-06 1.026682e+09 6001113 1.042487e+09 6001113
1.993315e-06 1.01692e+09 6001113 1.032316e+09 6001113
1.723967e-06 1.04546e+09 6001113 1.044729e+09 6001113
1.993315e-06 1.049222e+09 6001113 1.035958e+09 6001113
1.957294e-06 1.033477e+09 6001114 1.031311e+09 6001113
1.810111e-06 1.075221e+09 6002113 1.054253e+09 6002113
1.96345e-06 1.041644e+09 6001114 1.028101e+09 6001113
1.002797e-06 1.031886e+09 6001113 1.041133e+09 6001113
1.662448e-06 1.07462e+09 6002113 1.073782e+09 6002113
1.810111e-06 1.099937e+09 6003114 1.058342e+09 6003113
1.750307e-06 1.045708e+09 6001113 1.017491e+09 6001113
1.971507e-06 1.051727e+09 6002113 1.061447e+09 6002113
1.97583e-07 1.092256e+09 6003113 1.055408e+09 6003113
2.096364e-06 1.078445e+09 6002114 1.065525e+09 6002113
1.933622e-06 1.046091e+09 6001114 1.035453e+09 6001113
1.726704e-06 1.045079e+09 6001113 1.065461e+09 6001113
1.979353e-06 1.11013e+09 6003113 1.061013e+09 6003113
2.262309e-06 1.022942e+09 6001114 1.044629e+09 6001113
1.289575e-06 1.039953e+09 6001114 1.050756e+09 6001113
1.456229e-07 1.034747e+09 6001113 1.015332e+09 6001113
1.701788e-06 1.079184e+09 6002113 1.090617e+09 6002113
1.888468e-06 1.042803e+09 6001113 1.052879e+09 6001113
1.90019e-06 1.084527e+09 6003113 1.079338e+09 6003113
1.804138e-06 1.043928e+09 6001113 1.030755e+09 6001113
1.669127e-06 1.07414e+09 6002114 1.050443e+09 6002113
1.884529e-06 1.058143e+09 6002113 1.071726e+09 6002113
1.951898e-06 1.0384e+09 6001113 1.032616e+09 6001113
2.739592e-06 1.064894e+09 6003113 1.09488e+09 6003113
1.68031e-06 1.080046e+09 6003113 1.091021e+09 6003113
1.953899e-06 1.082411e+09 6002113 1.050858e+09 6002113
5.617848e-08 1.082765e+09 6002113 1.076455e+09 6002113
1.997382e-06 1.037469e+09 6001113 1.033269e+09 6001113
5.462486e-07 1.033972e+09 6001114 1.033825e+09 6001113
4.987776e-07 1.082599e+09 6002113 1.05259e+09 6002113
1.888468e-06 1.055837e+09 6002113 1.058581e+09 6002113
2.46982e-06 1.047507e+09 6002113 1.06239e+09 6002113
1.68031e-06 1.040225e+09 6001113 1.040292e+09 6001113
1.993315e-06 1.070047e+09 6003113 1.094699e+09 6003113
1.906157e-06 1.061154e+09 6001114 1.043289e+09 6001113
2.038906e-06 1.068263e+09 6002113 1.069478e+09 6002113
1.971507e-06 1.047372e+09 6001113 1.028758e+09 6001113
1.219272e-06 1.063527e+09 6002114 1.066564e+09 6002113
1.72025e-06 1.076348e+09 6002113 1.04832e+09 6002113
1.951135e-08 1.039503e+09 6001113 9.933636e+08 6001113
9.233793e-07 1.067528e+09 6002114 1.050894e+09 6002113
2.262309e-06 1.026913e+09 6001113 1.030845e+09 6001113
1.669127e-06 1.045133e+09 6001113 1.036546e+09 6001113
1.978347e-06 1.081954e+09 6003114 1.075444e+09 6003113
1.129493e-07 1.074793e+09 6002113 1.074458e+09 6002113
1.65495e-06 1.03057e+09 6001114 1.051378e+09 6001113
1.701788e-06 1.01862e+09 6001113 1.047503e+09 6001113
1.997004e-06 1.036922e+09 6001114 1.029427e+09 6001113
1.96345e-06 1.082233e+09 6003113 1.050715e+09 6003113
2.009271e-06 1.046701e+09 6001113 1.056019e+09 6001113
1.813563e-06 1.057676e+09 6002113 1.065922e+09 6002113
1.083985e-06 1.08094e+09 6003113 1.068992e+09 6003113
4.987776e-07 1.07198e+09 6002114 1.045948e+09 6002113
1.815034e-06 1.082952e+09 6002113 1.073813e+09 6002113
1.957294e-06 1.027306e+09 6001113 1.041311e+09 6001113
1.65495e-06 1.066657e+09 6002113 1.068302e+09 6002113
2.779109e-07 1.013533e+09 6001113 1.057802e+09 6001113
1.813563e-06 1.04349e+09 6001114 1.044572e+09 6001113
1.933622e-06 1.073766e+09 6002114 1.041596e+09 6002113
1.972638e-06 1.063245e+09 6001113 1.033617e+09 6001113
1.857909e-06 1.040286e+09 6001113 1.042096e+09 6001113
1.626156e-06 1.013091e+09 6001113 1.040482e+09 6001113
3.977545e-07 1.038756e+09 6001113 1.052413e+09 6001113
1.90019e-06 1.020299e+09 6001114 1.032934e+09 6001113
1.997004e-06 1.038533e+09 6001113 1.04388e+09 6001113
2.028863e-06 1.049813e+09 6002113 1.067735e+09 6002113
1.297411e-06 1.057608e+09 6002113 1.070149e+09 6002113
1.813563e-06 1.043688e+09 6001113 1.015643e+09 6001113
1.236207e-06 1.027301e+09 6001113 1.040727e+09 6001113
1.819095e-06 1.044797e+09 6001113 1.035864e+09 6001113
1.728831e-06 1.041529e+09 6002114 1.041896e+09 6002113
1.973408e-06 1.060477e+09 6002113 1.078545e+09 6002113
2.096364e-06 1.04882e+09 6001113 1.016602e+09 6001113
4.133731e-07 1.03935e+09 6002113 1.08678e+09 6002113
1.668117e-06 1.03191e+09 6001114 1.057644e+09 6001113
3.977545e-07 1.050482e+09 6002113 1.043914e+09 6002113
2.621649e-07 1.039281e+09 6001113 1.053095e+09 6001113
1.884529e-06 1.07625e+09 6002114 1.065513e+09 6002113
1.913994e-06 1.040624e+09 6001113 1.02829e+09 6001113
1.957294e-06 1.012602e+09 6002113 1.07428e+09 6002113
1.72025e-06 1.043424e+09 6001113 1.045612e+09 6001113
1.837488e-06 1.018767e+09 6002113 1.074141e+09 6002113
1.94397e-06 1.074642e+09 6002113 1.058146e+09 6002113
1.953899e-06 1.048968e+09 6002113 1.067863e+09 6002113
1.68031e-06 1.0427e+09 6001113 1.046953e+09 6001113
1.933622e-06 1.046154e+09 6001113 1.052158e+09 6001113
1.997004e-06 1.054763e+09 6002113 1.07187e+09 6002113
1.93848e-06 1.040005e+09 6001113 1.04097e+09 6001113
4.545285e-07 1.0232e+09 6001113 1.022485e+09 6001113
1.997004e-06 1.06998e+09 6002113 1.066968e+09 6002113
1.221905e-06 1.051918e+09 6001113 1.0508e+09 6001113
1.68031e-06 1.043481e+09 6001113 1.044441e+09 6001113
2.028863e-06 1.045215e+09 6001113 1.062648e+09 6001113
2.424056e-06 1.032275e+09 6001113 1.008268e+09 6001113
1.953899e-06 1.048435e+09 6001113 1.051742e+09 6001113
1.857909e-06 1.081758e+09 6002114 1.059322e+09 6002113
7.226837e-07 1.05077e+09 6003113 1.1006e+09 6003113
1.65495e-06 1.060349e+09 6002113 1.064705e+09 6002113
1.804138e-06 1.052661e+09 6001114 1.028531e+09 6001113
1.810111e-06 1.060849e+09 6002114 1.062273e+09 6002113
1.822157e-06 1.034787e+09 6002113 1.063128e+09 6002113
1.997004e-06 1.038998e+09 6001114 1.051563e+09 6001113
2.009271e-06 1.074457e+09 6002114 1.053428e+09 6002113
1.372198e-06 1.067883e+09 6002113 1.04944e+09 6002113
1.953899e-06 1.035299e+09 6001113 1.011316e+09 6001113
1.723967e-06 1.025811e+09 6001113 1.02782e+09 6001113
1.669127e-06 1.051722e+09 6002113 1.066961e+09 6002113
1.815034e-06 1.050462e+09 6001114 1.045767e+09 6001113
9.378731e-07 1.088793e+09 6002114 1.061272e+09 6002113
1.701422e-06 1.032551e+09 6001113 1.047823e+09 6001113
1.984831e-06 1.037223e+09 6001113 1.037469e+09 6001113
2.386447e-06 1.050012e+09 6001114 1.026393e+09 6001113
1.68031e-06 1.044743e+09 6002113 1.04202e+09 6002113
2.446914e-06 1.035083e+09 6001114 1.054172e+09 6001113
9.233793e-07 1.01117e+09 6001113 1.024083e+09 6001113
1.662448e-06 1.066733e+09 6002113 1.049194e+09 6002113
6.662083e-07 1.041914e+09 6002113 1.07132e+09 6002113
1.140281e-06 1.0123e+09 6001113 1.032161e+09 6001113
1.979353e-06 1.047507e+09 6001114 1.047997e+09 6001113
1.372198e-06 1.039304e+09 6001113 1.050942e+09 6001113
1.93848e-06 1.055399e+09 6002113 1.055562e+09 6002113
1.728831e-06 1.048938e+09 6001113 1.02871e+09 6001113
1.857909e-06 1.041335e+09 6001114 1.056632e+09 6001113
1.129773e-08 1.024826e+09 6001113 1.03486e+09 6001113
1.973408e-06 1.058501e+09 6002113 1.077543e+09 6002113
1.968755e-06 1.040841e+09 6001113 1.046387e+09 6001113
1.972638e-06 1.024556e+09 6002113 1.068721e+09 6002113
1.900389e-06 1.042706e+09 6001114 1.035286e+09 6001113
1.957294e-06 1.056773e+09 6002113 1.052464e+09 6002113
1.675786e-06 1.002078e+09 6001114 1.03357e+09 6001113
2.218453e-07 1.075171e+09 6002114 1.061612e+09 6002113
2.038906e-06 1.052093e+09 6001113 1.025225e+09 6001113
1.431388e-08 1.063613e+09 6002113 1.076301e+09 6002113
1.813563e-06 1.033953e+09 6001114 1.028205e+09 6001113
7.226837e-07 1.060007e+09 6001114 1.041123e+09 6001113
