1.242139e-06 1.098206e+09 6002113 1.106506e+09 6002113
1.228486e-06 1.116129e+09 6002113 1.118308e+09 6002113
1.049907e-06 1.116393e+09 6002113 1.111097e+09 6002113
1.161692e-06 1.117112e+09 6002113 1.114805e+09 6002113
1.292758e-06 1.092579e+09 6002113 1.115643e+09 6002113
1.363147e-06 1.132991e+09 6003114 1.11576e+09 6003113
1.216189e-06 1.103736e+09 6003113 1.133876e+09 6003113
1.192285e-06 1.109769e+09 6002114 1.112658e+09 6002113
1.106447e-06 1.102784e+09 6002113 1.119518e+09 6002113
4.454057e-07 1.108201e+09 6002113 1.09666e+09 6002113
1.137517e-06 1.110183e+09 6002113 1.115291e+09 6002113
1.259936e-06 1.118078e+09 6002114 1.118956e+09 6002113
1.193352e-06 1.135953e+09 6003114 1.116565e+09 6003113
1.206189e-06 1.115357e+09 6002114 1.102951e+09 6002113
1.12894e-06 1.109453e+09 6002114 1.111328e+09 6002113
1.296006e-06 1.11754e+09 6002113 1.118497e+09 6002113
1.38329e-06 1.143669e+09 6003113 1.120356e+09 6003113
1.155519e-06 1.107674e+09 6002114 1.121762e+09 6002113
1.318843e-06 1.108824e+09 6002113 1.115851e+09 6002113
1.323332e-06 1.126718e+09 6003113 1.114718e+09 6003113
1.193352e-06 1.119315e+09 6002114 1.115534e+09 6002113
1.265306e-06 1.11479e+09 6002114 1.101961e+09 6002113
2.763681e-07 1.105128e+09 6002113 1.11526e+09 6002113
1.319358e-06 1.084294e+09 6001113 1.107792e+09 6001113
1.102191e-07 1.093955e+09 6002114 1.122606e+09 6002113
1.206189e-06 1.109293e+09 6002113 1.092525e+09 6002113
1.778851e-06 1.118386e+09 6002113 1.117871e+09 6002113
1.146371e-06 1.15157e+09 6003114 1.127094e+09 6003113
1.152589e-06 1.100966e+09 6002114 1.113459e+09 6002113
1.265306e-06 1.101735e+09 6002113 1.117994e+09 6002113
1.363147e-06 1.111864e+09 6002113 1.116982e+09 6002113
6.150645e-08 1.116494e+09 6002113 1.094771e+09 6002113
1.344995e-06 1.127327e+09 6003114 1.11488e+09 6003113
1.219003e-06 1.1075e+09 6002113 1.094892e+09 6002113
1.262569e-06 1.154081e+09 6003114 1.110499e+09 6003113
1.352696e-06 1.107913e+09 6002113 1.12146e+09 6002113
1.326995e-06 1.084632e+09 6002114 1.10466e+09 6002113
2.763681e-07 1.109192e+09 6002113 1.116719e+09 6002113
1.157277e-06 1.108314e+09 6003113 1.1305e+09 6003113
1.292758e-06 1.107087e+09 6002114 1.118262e+09 6002113
1.274396e-06 1.112948e+09 6003113 1.123113e+09 6003113
1.216189e-06 1.119915e+09 6003113 1.141615e+09 6003113
1.332667e-06 1.100209e+09 6002113 1.099217e+09 6002113
3.038833e-07 1.083073e+09 6002113 1.110919e+09 6002113
7.551432e-08 1.144227e+09 6003114 1.108002e+09 6003113
1.210183e-06 1.116231e+09 6002113 1.11342e+09 6002113
8.674074e-07 1.147428e+09 6003113 1.118677e+09 6003113
1.755241e-06 1.057216e+09 6002113 1.118198e+09 6002113
7.247176e-07 1.127659e+09 6003113 1.128217e+09 6003113
1.213474e-06 1.103329e+09 6002113 1.109361e+09 6002113
1.152589e-06 1.118918e+09 6003114 1.116543e+09 6003113
1.155842e-06 1.114899e+09 6002113 1.103144e+09 6002113
1.595503e-06 1.115491e+09 6003113 1.107198e+09 6003113
1.003746e-06 1.112325e+09 6002113 1.073924e+09 6002113
1.299677e-06 1.088989e+09 6002114 1.098395e+09 6002113
1.161692e-06 1.142517e+09 6003113 1.122721e+09 6003113
1.219003e-06 1.117558e+09 6003113 1.14641e+09 6003113
1.242139e-06 1.111474e+09 6002114 1.108402e+09 6002113
1.212491e-06 1.125423e+09 6002113 1.114516e+09 6002113
3.450257e-07 1.103974e+09 6001113 1.083139e+09 6001113
1.299677e-06 1.115421e+09 6002113 1.12441e+09 6002113
1.56974e-06 1.101212e+09 6001113 1.091948e+09 6001113
1.049907e-06 1.141831e+09 6003113 1.119812e+09 6003113
1.38329e-06 1.117382e+09 6002113 1.102006e+09 6002113
1.867885e-06 1.114733e+09 6003113 1.129596e+09 6003113
1.332667e-06 1.124717e+09 6002114 1.099273e+09 6002113
1.174049e-07 1.110965e+09 6002113 1.116403e+09 6002113
1.155519e-06 1.119969e+09 6002113 1.111907e+09 6002113
1.155519e-06 1.118037e+09 6003114 1.123443e+09 6003113
1.270407e-06 1.114264e+09 6003113 1.10148e+09 6003113
1.087196e-06 1.113329e+09 6002113 1.106221e+09 6002113
1.262569e-06 1.098032e+09 6002113 1.077676e+09 6002113
1.718919e-06 1.109625e+09 6003113 1.13327e+09 6003113
1.342859e-06 1.131581e+09 6003113 1.118925e+09 6003113
1.297623e-06 1.119555e+09 6002113 1.108241e+09 6002113
1.115925e-06 1.114494e+09 6002114 1.115677e+09 6002113
1.150104e-06 1.120197e+09 6002114 1.107461e+09 6002113
1.356433e-06 1.105831e+09 6002114 1.109364e+09 6002113
1.131155e-06 1.110601e+09 6002113 1.09639e+09 6002113
1.049907e-06 1.107962e+09 6002113 1.100353e+09 6002113
1.161692e-06 1.101187e+09 6002114 1.111718e+09 6002113
9.174079e-07 1.110018e+09 6002113 1.120655e+09 6002113
1.867885e-06 1.111508e+09 6002113 1.107705e+09 6002113
3.334668e-07 1.113649e+09 6002113 1.108691e+09 6002113
1.661814e-07 1.129854e+09 6003114 1.114881e+09 6003113
1.3127e-06 1.109559e+09 6002114 1.091411e+09 6002113
2.65926e-07 1.108826e+09 6002113 1.103649e+09 6002113
4.573508e-07 1.118791e+09 6003113 1.141243e+09 6003113
1.356433e-06 1.10201e+09 6003113 1.129647e+09 6003113
1.274396e-06 1.10967e+09 6002113 1.093082e+09 6002113
3.038833e-07 1.112585e+09 6002113 1.107305e+09 6002113
1.193352e-06 1.088525e+09 6002114 1.110399e+09 6002113
1.335386e-06 1.136067e+09 6002114 1.120073e+09 6002113
1.319358e-06 1.146051e+09 6003114 1.113598e+09 6003113
5.120422e-07 1.016337e+09 6002113 1.113078e+09 6002113
1.401562e-06 1.085148e+09 6002113 1.110773e+09 6002113
1.2752e-06 1.117811e+09 6002113 1.125867e+09 6002113
1.265306e-06 1.112265e+09 6002113 1.12062e+09 6002113
1.513296e-06 1.11588e+09 6002113 1.108458e+09 6002113
4.943035e-07 1.117364e+09 6002114 1.112263e+09 6002113
