2.866514e-06 1.068925e+09 6002113 1.085303e+09 6002113
3.669204e-06 1.055535e+09 6001113 1.069444e+09 6001113
3.119638e-06 1.059287e+09 6001114 1.056865e+09 6001113
3.594482e-06 1.064777e+09 6001113 1.059562e+09 6001113
2.895145e-06 1.082949e+09 6002113 1.089057e+09 6002113
3.128066e-06 1.068838e+09 6001114 1.063947e+09 6001113
4.171338e-06 1.058525e+09 6001114 1.068567e+09 6001113
2.994244e-06 1.097522e+09 6002114 1.048861e+09 6002113
2.669769e-06 1.047232e+09 6001113 1.074654e+09 6001113
2.688194e-06 1.067954e+09 6002114 1.074044e+09 6002113
3.330819e-06 1.050452e+09 6001114 1.024937e+09 6001113
3.287396e-06 1.076274e+09 6001113 1.009092e+09 6001113
3.119638e-06 1.080511e+09 6002113 1.062947e+09 6002113
3.143307e-06 1.047181e+09 6002113 1.092481e+09 6002113
3.030518e-06 1.087092e+09 6002113 1.054187e+09 6002113
3.596355e-06 1.060564e+09 6001113 1.047262e+09 6001113
8.6791e-07 1.053177e+09 6001114 1.026692e+09 6001113
2.951949e-06 1.07425e+09 6002113 1.078455e+09 6002113
1.811741e-06 1.059291e+09 6001113 1.027803e+09 6001113
6.689657e-08 1.054706e+09 6001113 1.068715e+09 6001113
3.13244e-06 1.106676e+09 6002114 1.084095e+09 6002113
3.134236e-06 1.059409e+09 6002114 1.03177e+09 6002113
2.898238e-06 1.034581e+09 6002114 1.079214e+09 6002113
2.703895e-06 1.055842e+09 6001113 1.050885e+09 6001113
2.750273e-06 1.081117e+09 6002114 1.080306e+09 6002113
2.703895e-06 1.096622e+09 6002113 1.076621e+09 6002113
3.128066e-06 1.057218e+09 6001113 1.049577e+09 6001113
2.688194e-06 1.114454e+09 6003114 1.070445e+09 6003113
2.895145e-06 1.081065e+09 6002113 1.080434e+09 6002113
2.994244e-06 1.066086e+09 6002114 1.087538e+09 6002113
2.750273e-06 1.055108e+09 6001113 1.068008e+09 6001113
2.180224e-06 1.042609e+09 6001113 1.056131e+09 6001113
2.583727e-06 1.085024e+09 6002113 1.062038e+09 6002113
3.134236e-06 1.079752e+09 6002114 1.085662e+09 6002113
3.596355e-06 1.042701e+09 6001113 1.072318e+09 6001113
2.994244e-06 1.078714e+09 6002113 1.091796e+09 6002113
3.128066e-06 1.047031e+09 6001114 1.06041e+09 6001113
2.669769e-06 1.099399e+09 6002114 1.065364e+09 6002113
2.743484e-06 1.067693e+09 6002114 1.07056e+09 6002113
4.439036e-06 1.069114e+09 6002114 1.076728e+09 6002113
1.490145e-06 1.063985e+09 6001113 1.048029e+09 6001113
2.746863e-06 1.063564e+09 6001113 1.074927e+09 6001113
2.276319e-06 1.020417e+09 6001113 1.04177e+09 6001113
2.883827e-06 1.103876e+09 6003113 1.071099e+09 6003113
7.732833e-08 1.069405e+09 6001113 1.062273e+09 6001113
2.760767e-06 1.07125e+09 6001114 1.040964e+09 6001113
1.14824e-06 1.029542e+09 6001113 1.070965e+09 6001113
8.199551e-07 1.086502e+09 6002113 1.090947e+09 6002113
1.490145e-06 1.054945e+09 6001114 1.040617e+09 6001113
2.836006e-06 1.026979e+09 6001114 1.050523e+09 6001113
2.866514e-06 1.083601e+09 6002113 1.068782e+09 6002113
2.68293e-06 1.063268e+09 6001113 1.045966e+09 6001113
1.593299e-06 1.102599e+09 6003113 1.06589e+09 6003113
1.464326e-06 1.07603e+09 6001113 1.026977e+09 6001113
3.079964e-06 1.066948e+09 6001113 1.0557e+09 6001113
2.746097e-06 1.083737e+09 6002113 1.077654e+09 6002113
3.666067e-06 1.049699e+09 6001114 1.061075e+09 6001113
2.652001e-06 1.049066e+09 6001113 1.061555e+09 6001113
2.619361e-07 1.054085e+09 6002114 1.091451e+09 6002113
2.266503e-06 1.088168e+09 6002113 1.085735e+09 6002113
3.791719e-06 1.075087e+09 6002113 1.086691e+09 6002113
3.088688e-06 1.074947e+09 6001113 1.050389e+09 6001113
3.134236e-06 1.101371e+09 6003113 1.116924e+09 6003113
2.652001e-06 1.04031e+09 6001113 1.063158e+09 6001113
3.239526e-06 1.065511e+09 6002114 1.08343e+09 6002113
3.17295e-06 1.060408e+09 6002113 1.082043e+09 6002113
4.227447e-06 1.079272e+09 6002113 1.107859e+09 6002113
3.109858e-06 1.082486e+09 6002113 1.094186e+09 6002113
3.144905e-06 1.0966e+09 6003113 1.124918e+09 6003113
2.919503e-06 1.071589e+09 6001113 1.057713e+09 6001113
4.227447e-06 1.066209e+09 6001113 1.043083e+09 6001113
2.670429e-06 1.059354e+09 6002113 1.087564e+09 6002113
3.524802e-07 1.048602e+09 6001113 1.032838e+09 6001113
2.385408e-06 1.059295e+09 6001113 1.071107e+09 6001113
2.750273e-06 1.072669e+09 6001113 1.049059e+09 6001113
2.626909e-09 1.041765e+09 6001113 1.049745e+09 6001113
3.000502e-06 1.061353e+09 6002113 1.088358e+09 6002113
3.04106e-06 1.054908e+09 6001113 1.065609e+09 6001113
2.495108e-06 1.098052e+09 6002113 1.064522e+09 6002113
3.134236e-06 1.104091e+09 6002113 1.085942e+09 6002113
2.739134e-06 9.887787e+08 6001114 1.068852e+09 6001113
2.313737e-07 1.089626e+09 6002113 1.077049e+09 6002113
2.483718e-06 1.061982e+09 6001113 1.072338e+09 6001113
2.38325e-06 1.05803e+09 6001113 1.051092e+09 6001113
2.495108e-06 1.067597e+09 6002113 1.074617e+09 6002113
7.924855e-07 1.054755e+09 6001113 1.024884e+09 6001113
2.68293e-06 1.06063e+09 6001114 1.045284e+09 6001113
3.019444e-06 1.054146e+09 6002113 1.091329e+09 6002113
2.662582e-06 1.089471e+09 6002113 1.090118e+09 6002113
2.627951e-06 1.098528e+09 6002113 1.082673e+09 6002113
8.945053e-07 1.053158e+09 6001114 1.07753e+09 6001113
3.083807e-06 1.057622e+09 6001113 1.051855e+09 6001113
2.876004e-06 1.055235e+09 6001113 1.058286e+09 6001113
8.199551e-07 1.065055e+09 6002113 1.101084e+09 6002113
1.681171e-09 1.049734e+09 6001113 1.071589e+09 6001113
3.007006e-06 1.058953e+09 6001114 1.040444e+09 6001113
3.04106e-06 1.053109e+09 6001114 1.046646e+09 6001113
2.88149e-06 1.063439e+09 6001113 1.07516e+09 6001113
2.883827e-06 1.072806e+09 6003113 1.120236e+09 6003113
2.760767e-06 1.066743e+09 6001113 1.058848e+09 6001113
3.109858e-06 1.056103e+09 6001114 1.052733e+09 6001113
2.896965e-06 1.067291e+09 6002113 1.094278e+09 6002113
2.739134e-06 1.08493e+09 6002113 1.08487e+09 6002113
1.593299e-06 1.012923e+09 6001114 1.044009e+09 6001113
2.68293e-06 1.078125e+09 6002113 1.085924e+09 6002113
3.000502e-06 1.095336e+09 6002113 1.084922e+09 6002113
8.925949e-08 1.063276e+09 6001114 1.060652e+09 6001113
1.058509e-06 1.100165e+09 6002114 1.038778e+09 6002113
3.196386e-06 1.087943e+09 6002113 1.090773e+09 6002113
2.733229e-06 1.07423e+09 6001113 1.034091e+09 6001113
3.287396e-06 1.041617e+09 6001113 1.056731e+09 6001113
3.887792e-06 1.084936e+09 6002113 1.068261e+09 6002113
2.896965e-06 1.055713e+09 6001114 1.062673e+09 6001113
3.028608e-06 1.028337e+09 6001114 1.046364e+09 6001113
2.876004e-06 1.040739e+09 6001113 1.047752e+09 6001113
1.267332e-06 1.077111e+09 6001113 1.061721e+09 6001113
2.898238e-06 1.036101e+09 6001113 1.053608e+09 6001113
3.04106e-06 1.068879e+09 6002113 1.095188e+09 6002113
7.2218e-07 1.076558e+09 6001113 1.055964e+09 6001113
2.760767e-06 1.053671e+09 6001114 1.057637e+09 6001113
3.239526e-06 1.057381e+09 6001113 1.06032e+09 6001113
3.119638e-06 1.055846e+09 6001114 1.070943e+09 6001113
3.104463e-06 1.094342e+09 6003113 1.093059e+09 6003113
2.951949e-06 1.068257e+09 6001114 1.038969e+09 6001113
3.924186e-06 1.070312e+09 6001113 1.053727e+09 6001113
3.007006e-06 1.075334e+09 6001113 1.037275e+09 6001113
3.101283e-06 1.053507e+09 6001114 1.026163e+09 6001113
2.669769e-06 1.04103e+09 6001113 1.076489e+09 6001113
5.961076e-07 1.071471e+09 6001114 1.050039e+09 6001113
2.670429e-06 1.076284e+09 6002114 1.086005e+09 6002113
6.567901e-07 1.067674e+09 6002113 1.086383e+09 6002113
2.890279e-06 1.017196e+09 6001113 1.069955e+09 6001113
2.898238e-06 1.05929e+09 6001113 1.048693e+09 6001113
2.866514e-06 1.032019e+09 6001114 1.055351e+09 6001113
3.214688e-06 1.054105e+09 6001113 1.042165e+09 6001113
1.700542e-06 1.085289e+09 6003113 1.117307e+09 6003113
3.019128e-06 1.027527e+09 6001113 1.04085e+09 6001113
2.626909e-09 1.046564e+09 6001113 1.059986e+09 6001113
3.596355e-06 1.037573e+09 6001113 1.048989e+09 6001113
1.828279e-06 9.903609e+08 6001114 1.060444e+09 6001113
3.524802e-07 1.088783e+09 6002113 1.082826e+09 6002113
3.109858e-06 1.057404e+09 6001113 1.051437e+09 6001113
3.887792e-06 1.0864e+09 6002113 1.071392e+09 6002113
3.019128e-06 1.050274e+09 6002114 1.057208e+09 6002113
2.061398e-06 1.116291e+09 6003114 1.09186e+09 6003113
2.896965e-06 1.043907e+09 6002113 1.093589e+09 6002113
3.019128e-06 1.069718e+09 6002113 1.083557e+09 6002113
3.17295e-06 1.075894e+09 6002114 1.077192e+09 6002113
2.1682e-06 1.06116e+09 6002113 1.06548e+09 6002113
3.196386e-06 1.075221e+09 6002114 1.068022e+09 6002113
3.594482e-06 1.062926e+09 6001113 1.061739e+09 6001113
2.780985e-06 1.032529e+09 6001114 1.045194e+09 6001113
2.743484e-06 1.045065e+09 6001113 1.021811e+09 6001113
1.722295e-06 1.076807e+09 6003113 1.105231e+09 6003113
2.876004e-06 1.034975e+09 6001113 1.059769e+09 6001113
2.883827e-06 1.079632e+09 6001113 1.060754e+09 6001113
2.750273e-06 1.090803e+09 6002114 1.031143e+09 6002113
2.662582e-06 1.011187e+09 6001113 1.046707e+09 6001113
2.739134e-06 1.06991e+09 6001114 1.078344e+09 6001113
3.924186e-06 1.058534e+09 6001114 1.052179e+09 6001113
3.851474e-06 1.025061e+09 6001114 1.040954e+09 6001113
2.661448e-06 1.066197e+09 6001114 1.025648e+09 6001113
2.951949e-06 1.066459e+09 6001113 1.067814e+09 6001113
2.883827e-06 1.092419e+09 6002113 1.093473e+09 6002113
3.239526e-06 1.042259e+09 6001113 1.0528e+09 6001113
1.426939e-08 1.098969e+09 6002114 1.088171e+09 6002113
3.153609e-06 1.061146e+09 6002114 1.063471e+09 6002113
3.19131e-06 1.078094e+09 6002113 1.079103e+09 6002113
2.896965e-06 1.073634e+09 6001114 1.071017e+09 6001113
2.746097e-06 1.099985e+09 6002114 1.082781e+09 6002113
2.760767e-06 1.042954e+09 6001113 1.046636e+09 6001113
2.495108e-06 1.050866e+09 6001114 1.051862e+09 6001113
3.079964e-06 1.092527e+09 6002114 1.065124e+09 6002113
2.661448e-06 1.093523e+09 6002114 1.096785e+09 6002113
3.128066e-06 1.072888e+09 6001114 1.059417e+09 6001113
2.629476e-06 1.075825e+09 6002113 1.076477e+09 6002113
3.04106e-06 1.05499e+09 6001114 1.059226e+09 6001113
2.890279e-06 1.040773e+09 6001113 1.053706e+09 6001113
2.483718e-06 1.057307e+09 6001113 1.062527e+09 6001113
3.04106e-06 1.043099e+09 6001113 1.07829e+09 6001113
3.19131e-06 1.036223e+09 6001114 1.049684e+09 6001113
2.739134e-06 1.031272e+09 6001113 1.027142e+09 6001113
2.994244e-06 1.045362e+09 6001113 1.070859e+09 6001113
2.746097e-06 1.106692e+09 6003114 1.082223e+09 6003113
1.490145e-06 1.081625e+09 6002113 1.027951e+09 6002113
2.385408e-06 1.08028e+09 6003113 1.090969e+09 6003113
1.722295e-06 1.042178e+09 6001113 1.065383e+09 6001113
2.890279e-06 1.060747e+09 6001114 1.025683e+09 6001113
2.919503e-06 1.068663e+09 6002113 1.094068e+09 6002113
1.467116e-06 1.073965e+09 6001113 1.046891e+09 6001113
3.028608e-06 1.086355e+09 6002114 1.097196e+09 6002113
3.083807e-06 1.030351e+09 6001114 1.038641e+09 6001113
1.467116e-06 1.063648e+09 6001114 1.059981e+09 6001113
3.101283e-06 1.086143e+09 6002113 1.066115e+09 6002113
3.143307e-06 1.0621e+09 6002113 1.102964e+09 6002113
1.670714e-07 1.081536e+09 6002113 1.074852e+09 6002113
3.104463e-06 1.085274e+09 6002113 1.06384e+09 6002113
2.760767e-06 1.037341e+09 6001113 1.052103e+09 6001113
2.627951e-06 1.082623e+09 6002113 1.082529e+09 6002113
1.216871e-06 1.061956e+09 6001114 1.043e+09 6001113
2.780985e-06 1.064879e+09 6001113 1.066679e+09 6001113
1.464326e-06 1.067957e+09 6001113 1.044661e+09 6001113
2.836006e-06 1.049305e+09 6001114 1.048174e+09 6001113
2.163098e-06 1.039997e+09 6001113 1.040372e+09 6001113
2.38325e-06 1.060027e+09 6001113 1.010638e+09 6001113
8.199551e-07 1.103604e+09 6002114 1.093881e+09 6002113
4.415602e-07 1.071371e+09 6001114 1.042134e+09 6001113
2.432807e-06 1.071135e+09 6002114 1.067522e+09 6002113
3.104463e-06 1.055775e+09 6001114 1.059933e+09 6001113
2.733229e-06 1.108018e+09 6003114 1.047832e+09 6003113
5.152327e-07 1.075936e+09 6002113 1.091403e+09 6002113
3.072245e-06 1.067712e+09 6001113 1.0552e+09 6001113
2.180224e-06 1.085065e+09 6001113 1.035617e+09 6001113
3.030518e-06 1.055454e+09 6001113 1.068744e+09 6001113
3.196386e-06 1.049298e+09 6001113 1.052365e+09 6001113
3.079964e-06 1.097611e+09 6003113 1.072819e+09 6003113
2.688194e-06 1.04694e+09 6001113 1.043359e+09 6001113
2.688194e-06 1.060833e+09 6002114 1.076118e+09 6002113
3.17295e-06 1.09949e+09 6002114 1.054837e+09 6002113
2.495108e-06 1.107661e+09 6003113 1.077725e+09 6003113
3.19131e-06 1.067406e+09 6002113 1.076713e+09 6002113
2.661448e-06 1.041382e+09 6001113 1.059771e+09 6001113
3.94931e-07 1.046012e+09 6001113 1.075865e+09 6001113
2.276319e-06 1.07213e+09 6001113 1.074947e+09 6001113
4.352816e-06 1.116558e+09 6003114 1.073102e+09 6003113
1.086896e-06 1.064436e+09 6001114 1.063144e+09 6001113
3.13546e-06 1.065648e+09 6002113 1.050104e+09 6002113
2.650397e-06 1.015919e+09 6001113 1.070446e+09 6001113
2.733229e-06 1.117447e+09 6003113 1.075816e+09 6003113
3.019128e-06 1.060414e+09 6002114 1.09011e+09 6002113
3.028608e-06 1.067621e+09 6002113 1.084262e+09 6002113
3.173551e-06 1.08256e+09 6002113 1.090945e+09 6002113
2.883827e-06 1.090943e+09 6002114 1.067346e+09 6002113
2.688194e-06 1.076587e+09 6002113 1.079429e+09 6002113
4.637558e-07 1.061317e+09 6002113 1.080204e+09 6002113
2.88149e-06 1.035159e+09 6001114 1.061349e+09 6001113
3.13244e-06 1.094053e+09 6002114 1.066273e+09 6002113
1.722295e-06 1.053202e+09 6001114 1.062605e+09 6001113
3.196386e-06 1.061068e+09 6001114 1.057348e+09 6001113
3.119638e-06 1.098928e+09 6002113 1.063794e+09 6002113
2.898238e-06 1.025824e+09 6001113 1.068875e+09 6001113
3.924186e-06 1.072557e+09 6001113 1.058378e+09 6001113
4.227447e-06 1.033527e+09 6001113 1.043777e+09 6001113
3.119638e-06 1.073219e+09 6002114 1.085348e+09 6002113
1.722295e-06 1.076547e+09 6002113 1.09264e+09 6002113
2.670429e-06 1.064527e+09 6002113 1.082268e+09 6002113
2.629476e-06 1.088506e+09 6002113 1.084556e+09 6002113
2.733229e-06 1.074697e+09 6002114 1.09016e+09 6002113
3.007006e-06 1.040432e+09 6001114 1.051057e+09 6001113
3.19131e-06 1.041995e+09 6001113 1.029387e+09 6001113
3.214688e-06 1.062649e+09 6001113 1.043473e+09 6001113
3.287396e-06 1.106541e+09 6002114 1.09184e+09 6002113
2.652001e-06 1.04117e+09 6001113 1.045971e+09 6001113
2.895145e-06 1.07979e+09 6002113 1.048877e+09 6002113
4.023149e-06 1.061427e+09 6001114 1.067177e+09 6001113
8.945053e-07 1.024679e+09 6001113 1.041839e+09 6001113
4.569021e-08 1.060805e+09 6001113 1.069705e+09 6001113
4.463194e-06 1.047003e+09 6001113 1.049425e+09 6001113
3.887792e-06 1.035067e+09 6002113 1.082235e+09 6002113
3.214688e-06 1.056498e+09 6001114 1.051796e+09 6001113
3.153609e-06 1.0325e+09 6001114 1.070288e+09 6001113
2.733229e-06 1.101829e+09 6002113 1.072918e+09 6002113
2.746097e-06 1.094265e+09 6002113 1.077147e+09 6002113
2.061398e-06 1.084128e+09 6002113 1.069618e+09 6002113
2.061398e-06 1.048415e+09 6001113 1.057603e+09 6001113
5.308077e-08 1.025011e+09 6001113 1.067777e+09 6001113
2.385408e-06 1.11992e+09 6003114 1.082771e+09 6003113
1.077045e-09 1.093614e+09 6003114 1.083382e+09 6003113
2.883827e-06 1.042909e+09 6001113 1.044407e+09 6001113
2.743484e-06 1.064737e+09 6002113 1.072518e+09 6002113
2.669769e-06 1.117719e+09 6003114 1.078012e+09 6003113
3.095787e-06 1.058507e+09 6001113 1.060079e+09 6001113
2.38325e-06 1.029259e+09 6001113 1.074828e+09 6001113
2.495108e-06 1.049407e+09 6001113 1.067906e+09 6001113
2.669769e-06 1.117206e+09 6003114 1.098573e+09 6003113
4.023149e-06 1.082929e+09 6002113 1.074682e+09 6002113
2.746863e-06 1.047415e+09 6002114 1.039559e+09 6002113
4.68657e-06 1.063323e+09 6001113 1.05053e+09 6001113
2.68293e-06 1.049933e+09 6001113 1.045471e+09 6001113
3.101283e-06 1.042983e+09 6001113 1.038637e+09 6001113
2.661448e-06 1.071443e+09 6002114 1.08958e+09 6002113
1.937246e-06 1.072884e+09 6002113 1.08634e+09 6002113
1.464326e-06 1.055897e+09 6001113 1.058002e+09 6001113
3.088688e-06 1.049854e+09 6001113 1.061396e+09 6001113
2.641389e-06 1.07242e+09 6001113 1.046063e+09 6001113
1.14824e-06 1.05742e+09 6001113 1.054488e+09 6001113
2.890279e-06 1.066905e+09 6002113 1.083931e+09 6002113
2.627951e-06 1.078198e+09 6002113 1.063878e+09 6002113
3.173551e-06 1.055779e+09 6001114 1.065427e+09 6001113
1.981159e-06 1.062664e+09 6001113 1.031859e+09 6001113
4.023149e-06 1.101049e+09 6003114 1.085712e+09 6003113
3.791719e-06 1.060116e+09 6001114 1.068069e+09 6001113
2.048948e-06 1.091099e+09 6003113 1.093288e+09 6003113
4.171338e-06 1.061458e+09 6001114 1.031052e+09 6001113
3.030518e-06 1.019058e+09 6001113 1.054738e+09 6001113
3.196386e-06 1.098051e+09 6002113 1.079506e+09 6002113
2.895145e-06 1.061568e+09 6001113 1.055044e+09 6001113
3.173551e-06 1.066176e+09 6002113 1.07921e+09 6002113
2.627951e-06 1.12038e+09 6003113 1.092673e+09 6003113
8.356178e-09 1.045187e+09 6001113 1.056755e+09 6001113
2.780985e-06 1.061218e+09 6001113 1.019946e+09 6001113
3.13546e-06 1.072537e+09 6002114 1.071107e+09 6002113
3.330819e-06 1.074573e+09 6003113 1.108972e+09 6003113
2.739134e-06 1.073369e+09 6002114 1.060491e+09 6002113
8.945053e-07 1.054612e+09 6001113 1.044268e+09 6001113
3.167089e-06 1.099011e+09 6002114 1.092732e+09 6002113
2.641389e-06 1.05562e+09 6001113 1.062102e+09 6001113
3.072245e-06 1.067097e+09 6002113 1.068326e+09 6002113
2.883827e-06 1.017964e+09 6001114 1.070398e+09 6001113
3.072245e-06 1.066002e+09 6001114 1.070448e+09 6001113
3.153609e-06 1.025103e+09 6001113 1.067913e+09 6001113
3.128066e-06 1.078119e+09 6002113 1.091934e+09 6002113
2.866514e-06 1.092549e+09 6002113 1.091266e+09 6002113
3.134236e-06 1.063053e+09 6001114 1.067145e+09 6001113
2.662582e-06 1.06234e+09 6001113 1.036187e+09 6001113
1.058509e-06 1.084655e+09 6002114 1.065987e+09 6002113
2.650397e-06 1.069432e+09 6001113 1.029156e+09 6001113
2.629476e-06 1.050956e+09 6001113 1.077024e+09 6001113
2.483718e-06 1.055548e+09 6001114 1.057992e+09 6001113
3.13244e-06 1.046265e+09 6001114 1.067137e+09 6001113
2.1682e-06 1.054902e+09 6001114 1.060731e+09 6001113
2.866514e-06 1.093621e+09 6003113 1.081825e+09 6003113
3.167089e-06 1.095653e+09 6002113 1.08309e+09 6002113
1.028781e-07 1.043505e+09 6001113 1.070593e+09 6001113
3.128066e-06 1.049994e+09 6001114 1.037841e+09 6001113
3.287396e-06 1.086249e+09 6002113 1.081494e+09 6002113
2.739134e-06 1.063858e+09 6001113 1.06668e+09 6001113
3.330819e-06 1.049785e+09 6001113 1.041171e+09 6001113
1.364793e-06 1.061333e+09 6001113 1.054279e+09 6001113
2.652001e-06 1.058815e+09 6001114 1.073781e+09 6001113
3.119638e-06 1.058691e+09 6001113 1.037951e+09 6001113
3.072245e-06 1.043548e+09 6002113 1.091351e+09 6002113
2.669769e-06 1.025104e+09 6001113 1.061145e+09 6001113
2.798094e-06 1.110514e+09 6003114 1.043406e+09 6003113
3.079964e-06 1.06294e+09 6002113 1.056116e+09 6002113
3.791719e-06 9.979333e+08 6001113 1.026689e+09 6001113
3.173551e-06 1.062324e+09 6001113 1.069197e+09 6001113
2.890279e-06 1.059373e+09 6001113 1.05106e+09 6001113
2.876004e-06 1.054782e+09 6001114 1.048875e+09 6001113
3.101283e-06 1.073409e+09 6001113 1.061935e+09 6001113
2.890279e-06 1.066353e+09 6001113 1.052361e+09 6001113
2.895145e-06 1.065732e+09 6001113 1.076223e+09 6001113
2.38325e-06 1.095905e+09 6002113 1.061708e+09 6002113
2.703895e-06 1.054021e+09 6001113 1.07605e+09 6001113
7.2218e-07 1.076436e+09 6002113 1.098509e+09 6002113
1.593299e-06 1.055842e+09 6001114 1.064373e+09 6001113
1.94143e-06 1.072839e+09 6002113 1.077056e+09 6002113
3.524802e-07 1.019047e+09 6001113 1.074942e+09 6001113
3.109858e-06 1.058361e+09 6001113 1.022346e+09 6001113
2.746097e-06 1.084349e+09 6002114 1.089463e+09 6002113
3.730493e-06 1.074145e+09 6002113 1.087523e+09 6002113
2.896965e-06 1.079117e+09 6002113 1.099151e+09 6002113
3.139308e-07 1.101703e+09 6002113 1.085733e+09 6002113
2.919503e-06 1.067596e+09 6002114 1.083489e+09 6002113
1.364793e-06 1.079834e+09 6002114 1.075972e+09 6002113
2.919503e-06 1.050252e+09 6001114 1.028279e+09 6001113
1.177966e-06 1.07378e+09 6003114 1.075424e+09 6003113
2.670429e-06 1.091181e+09 6003113 1.095213e+09 6003113
2.661448e-06 1.046278e+09 6001114 1.067306e+09 6001113
2.739134e-06 1.059589e+09 6001113 1.069611e+09 6001113
2.883827e-06 1.071975e+09 6001113 1.078443e+09 6001113
2.890279e-06 1.093251e+09 6002114 1.082779e+09 6002113
3.019444e-06 1.032391e+09 6001114 1.070762e+09 6001113
2.798094e-06 1.098776e+09 6002114 1.087074e+09 6002113
3.92864e-08 1.057147e+09 6001113 1.061743e+09 6001113
3.104463e-06 1.060279e+09 6001113 1.033239e+09 6001113
7.2218e-07 1.077321e+09 6002113 1.063444e+09 6002113
2.898238e-06 1.095238e+09 6002114 1.090551e+09 6002113
2.661448e-06 1.065451e+09 6001113 1.068901e+09 6001113
2.641389e-06 1.09937e+09 6002113 1.066076e+09 6002113
3.147544e-09 1.065646e+09 6003113 1.106672e+09 6003113
3.139308e-07 1.083602e+09 6002113 1.082699e+09 6002113
2.951949e-06 1.065367e+09 6001113 1.061172e+09 6001113
1.490145e-06 1.056108e+09 6001113 1.059956e+09 6001113
2.1682e-06 1.043812e+09 6001113 1.058315e+09 6001113
3.851474e-06 1.054606e+09 6002113 1.068227e+09 6002113
2.641389e-06 1.073951e+09 6002113 1.087894e+09 6002113
2.048948e-06 1.06416e+09 6001113 1.053648e+09 6001113
3.223569e-06 1.095558e+09 6002113 1.08748e+09 6002113
2.790132e-07 1.075606e+09 6002113 1.099163e+09 6002113
3.287396e-06 1.064665e+09 6001113 1.060171e+09 6001113
4.352816e-06 1.131906e+09 6003114 1.086763e+09 6003113
2.650397e-06 1.105601e+09 6003113 1.078588e+09 6003113
4.227447e-06 1.079714e+09 6002114 1.084299e+09 6002113
2.669769e-06 1.030712e+09 6001114 1.065991e+09 6001113
3.019128e-06 1.073871e+09 6002114 1.054413e+09 6002113
2.650397e-06 1.102989e+09 6002113 1.088611e+09 6002113
3.083807e-06 1.06019e+09 6002114 1.075859e+09 6002113
2.495108e-06 1.053906e+09 6001113 1.044062e+09 6001113
3.119638e-06 1.082146e+09 6002113 1.092187e+09 6002113
2.895145e-06 1.067874e+09 6001113 1.062146e+09 6001113
3.17295e-06 1.05054e+09 6001113 1.050901e+09 6001113
3.730493e-06 1.072199e+09 6001113 1.057687e+09 6001113
2.780985e-06 1.015762e+09 6001113 1.067098e+09 6001113
3.04106e-06 1.044732e+09 6001113 1.046595e+09 6001113
3.028608e-06 1.066917e+09 6001114 1.049386e+09 6001113
3.030518e-06 1.079798e+09 6002113 1.088542e+09 6002113
3.019128e-06 1.08974e+09 6002113 1.079578e+09 6002113
3.04106e-06 1.076712e+09 6002113 1.103747e+09 6002113
1.467116e-06 1.06125e+09 6002113 1.078065e+09 6002113
3.095787e-06 1.071556e+09 6002114 1.071223e+09 6002113
2.039701e-07 1.049079e+09 6001113 1.015454e+09 6001113
2.688194e-06 1.075298e+09 6001113 1.067678e+09 6001113
1.712781e-06 1.091679e+09 6002114 1.0657e+09 6002113
2.629476e-06 1.093292e+09 6002113 1.093792e+09 6002113
3.13244e-06 1.051007e+09 6001114 1.046658e+09 6001113
2.048948e-06 1.050296e+09 6001114 1.013421e+09 6001113
2.733229e-06 1.070769e+09 6001114 1.061165e+09 6001113
3.167089e-06 1.062743e+09 6002113 1.090712e+09 6002113
3.13244e-06 1.059494e+09 6001114 1.036143e+09 6001113
2.661448e-06 1.083879e+09 6002113 1.093329e+09 6002113
3.019444e-06 1.051343e+09 6001114 1.062391e+09 6001113
2.876004e-06 1.091117e+09 6002114 1.0827e+09 6002113
2.836006e-06 1.035275e+09 6001114 1.054206e+09 6001113
4.463194e-06 1.073953e+09 6002113 1.045829e+09 6002113
2.798094e-06 1.060709e+09 6001113 1.060847e+09 6001113
1.276566e-07 1.091272e+09 6002113 1.074538e+09 6002113
3.030518e-06 1.067819e+09 6001114 1.073869e+09 6001113
1.700542e-06 1.047293e+09 6001113 1.056562e+09 6001113
3.223569e-06 1.048285e+09 6001113 1.034218e+09 6001113
2.583727e-06 1.058936e+09 6002114 1.056115e+09 6002113
2.896965e-06 1.070858e+09 6001113 1.068363e+09 6001113
2.048948e-06 1.061351e+09 6001114 1.057751e+09 6001113
2.266503e-06 1.09825e+09 6003114 1.084829e+09 6003113
3.851474e-06 1.035217e+09 6001113 1.061372e+09 6001113
3.028608e-06 1.08807e+09 6002113 1.07385e+09 6002113
2.836006e-06 1.049603e+09 6002113 1.106884e+09 6002113
2.641389e-06 1.052702e+09 6001113 1.04683e+09 6001113
4.085018e-06 1.063246e+09 6001114 1.066341e+09 6001113
2.743484e-06 1.059543e+09 6001113 1.041823e+09 6001113
3.223569e-06 1.087774e+09 6002113 1.087435e+09 6002113
2.583727e-06 1.059089e+09 6001113 1.030969e+09 6001113
3.887792e-06 1.046012e+09 6001113 1.023603e+09 6001113
2.38325e-06 1.069251e+09 6001114 1.067235e+09 6001113
1.028781e-07 1.091745e+09 6002113 1.075892e+09 6002113
2.662582e-06 1.063314e+09 6002114 1.092871e+09 6002113
2.746863e-06 1.074195e+09 6002113 1.063323e+09 6002113
3.13546e-06 1.071514e+09 6001114 1.062853e+09 6001113
5.712219e-07 1.108905e+09 6002114 1.072473e+09 6002113
2.739134e-06 1.057183e+09 6001114 1.049498e+09 6001113
3.007006e-06 1.060329e+09 6001113 1.057967e+09 6001113
3.144905e-06 1.056916e+09 6001113 1.011735e+09 6001113
2.83347e-06 1.042391e+09 6002113 1.07471e+09 6002113
2.780985e-06 1.057238e+09 6001113 1.046305e+09 6001113
6.319744e-07 1.062049e+09 6001113 1.051502e+09 6001113
7.598009e-09 1.051313e+09 6001113 1.056553e+09 6001113
3.223569e-06 1.0665e+09 6002113 1.091623e+09 6002113
3.153609e-06 1.057718e+09 6002113 1.042169e+09 6002113
3.167089e-06 1.049899e+09 6001113 1.059787e+09 6001113
2.733229e-06 1.06426e+09 6001113 1.059963e+09 6001113
2.650397e-06 1.091728e+09 6002113 1.062082e+09 6002113
4.227447e-06 1.067226e+09 6001113 1.021345e+09 6001113
3.139308e-07 1.054543e+09 6001113 1.053371e+09 6001113
3.167089e-06 1.070007e+09 6002113 1.063851e+09 6002113
3.153609e-06 1.064524e+09 6002114 1.069875e+09 6002113
2.661448e-06 1.12925e+09 6003114 1.061109e+09 6003113
7.924855e-07 1.060467e+09 6001113 1.05012e+09 6001113
7.924855e-07 1.065581e+09 6002113 1.061203e+09 6002113
3.223569e-06 1.047773e+09 6001113 1.062938e+09 6001113
1.477317e-06 1.09397e+09 6002113 1.080512e+09 6002113
3.143307e-06 1.054523e+09 6001114 1.057007e+09 6001113
3.101283e-06 1.084421e+09 6002114 1.078065e+09 6002113
2.688194e-06 1.057642e+09 6002113 1.014521e+09 6002113
2.733229e-06 1.063024e+09 6001114 1.040364e+09 6001113
3.04106e-06 1.048527e+09 6001113 1.070517e+09 6001113
3.134236e-06 1.052733e+09 6001113 1.048282e+09 6001113
2.669769e-06 1.062608e+09 6001114 1.042648e+09 6001113
3.19244e-06 1.035106e+09 6001113 1.049241e+09 6001113
3.007006e-06 1.081278e+09 6002113 1.090575e+09 6002113
3.730493e-06 1.115021e+09 6003114 1.068827e+09 6003113
2.898238e-06 1.078995e+09 6002113 1.096593e+09 6002113
3.924186e-06 1.091606e+09 6002113 1.093527e+09 6002113
3.144905e-06 1.051108e+09 6001113 1.049752e+09 6001113
1.593299e-06 1.083802e+09 6002113 1.096332e+09 6002113
2.733229e-06 1.095717e+09 6002114 1.043824e+09 6002113
8.199551e-07 1.064067e+09 6001114 1.043244e+09 6001113
3.109858e-06 1.064964e+09 6001114 1.068692e+09 6001113
2.739134e-06 1.058966e+09 6001114 1.03437e+09 6001113
2.669769e-06 1.083316e+09 6002113 1.100953e+09 6002113
3.083807e-06 1.053835e+09 6001113 1.053864e+09 6001113
2.760767e-06 1.057483e+09 6001114 1.060204e+09 6001113
2.883827e-06 1.07664e+09 6001114 1.059851e+09 6001113
3.019444e-06 1.06027e+09 6002113 1.071135e+09 6002113
1.243924e-09 1.100665e+09 6003113 1.02832e+09 6003113
3.019128e-06 1.049436e+09 6001113 1.069102e+09 6001113
2.746097e-06 1.077532e+09 6002113 1.074717e+09 6002113
1.490145e-06 1.09336e+09 6002113 1.059731e+09 6002113
3.167089e-06 1.091088e+09 6002113 1.084563e+09 6002113
4.352816e-06 1.085996e+09 6002113 1.086803e+09 6002113
3.239526e-06 1.091042e+09 6002113 1.056868e+09 6002113
3.887792e-06 1.099506e+09 6002113 1.069405e+09 6002113
3.072245e-06 1.052141e+09 6001113 1.025604e+09 6001113
2.669769e-06 1.06979e+09 6002113 1.082524e+09 6002113
3.119638e-06 1.069905e+09 6001113 1.059084e+09 6001113
2.641389e-06 1.067693e+09 6001113 1.036403e+09 6001113
1.981159e-06 1.080044e+09 6002114 1.08041e+09 6002113
2.733229e-06 1.040566e+09 6002113 1.05987e+09 6002113
5.712219e-07 1.039835e+09 6001114 1.066943e+09 6001113
2.876004e-06 1.035275e+09 6001114 1.033946e+09 6001113
8.6791e-07 1.063013e+09 6001113 1.064485e+09 6001113
1.467116e-06 1.050471e+09 6001113 1.058985e+09 6001113
2.780985e-06 1.059431e+09 6001113 1.063562e+09 6001113
2.895145e-06 1.053885e+09 6001114 1.050197e+09 6001113
2.994244e-06 1.094569e+09 6002114 1.083506e+09 6002113
4.085018e-06 1.034885e+09 6001113 1.062803e+09 6001113
3.17295e-06 1.062402e+09 6001113 1.068759e+09 6001113
2.274268e-08 1.059635e+09 6001113 1.045745e+09 6001113
2.669769e-06 1.079916e+09 6001113 1.067232e+09 6001113
3.083807e-06 1.040328e+09 6001113 1.069899e+09 6001113
2.746863e-06 1.065143e+09 6001113 1.02673e+09 6001113
1.593299e-06 1.068838e+09 6001113 1.039958e+09 6001113
3.144905e-06 1.092711e+09 6002113 1.097185e+09 6002113
2.650397e-06 1.062484e+09 6001114 1.066598e+09 6001113
3.13546e-06 1.055979e+09 6001113 1.067023e+09 6001113
3.088688e-06 1.057349e+09 6001113 1.061609e+09 6001113
2.746863e-06 1.07412e+09 6002113 1.027722e+09 6002113
2.898238e-06 1.054003e+09 6001114 1.067704e+09 6001113
1.364793e-06 1.065927e+09 6001114 1.056759e+09 6001113
3.94931e-07 1.046063e+09 6001113 1.048855e+09 6001113
3.239526e-06 1.058173e+09 6002113 1.091653e+09 6002113
2.495108e-06 1.063812e+09 6001113 1.042966e+09 6001113
3.014703e-06 1.078839e+09 6002113 1.044746e+09 6002113
3.173551e-06 1.055437e+09 6001113 1.061977e+09 6001113
2.061398e-06 1.048232e+09 6001113 1.067295e+09 6001113
2.83347e-06 1.044629e+09 6001113 1.058372e+09 6001113
1.811741e-06 1.091113e+09 6002114 1.074498e+09 6002113
2.780985e-06 1.074805e+09 6002114 1.090792e+09 6002113
4.463194e-06 1.075078e+09 6001113 1.062024e+09 6001113
2.866514e-06 1.094896e+09 6002114 1.08227e+09 6002113
1.490145e-06 1.046732e+09 6001113 1.045723e+09 6001113
1.028781e-07 1.050052e+09 6001113 1.075523e+09 6001113
3.94931e-07 1.021508e+09 6001113 1.033294e+09 6001113
1.94143e-06 1.091828e+09 6002114 1.084714e+09 6002113
3.167089e-06 1.086036e+09 6002114 1.091588e+09 6002113
7.924855e-07 1.085323e+09 6003113 1.113152e+09 6003113
2.669769e-06 1.062204e+09 6001113 1.052017e+09 6001113
3.143307e-06 1.028501e+09 6001114 1.070855e+09 6001113
2.890279e-06 1.049702e+09 6002113 1.07798e+09 6002113
3.287396e-06 1.059305e+09 6001113 1.061112e+09 6001113
2.898238e-06 1.044818e+09 6001114 1.058622e+09 6001113
4.352816e-06 1.077887e+09 6001113 1.020027e+09 6001113
3.223569e-06 1.058394e+09 6001114 1.051509e+09 6001113
3.594482e-06 1.061183e+09 6003113 1.083611e+09 6003113
2.951949e-06 1.070519e+09 6001113 1.073418e+09 6001113
2.627951e-06 1.075267e+09 6002113 1.096216e+09 6002113
2.629476e-06 1.066951e+09 6002113 1.086731e+09 6002113
3.196386e-06 1.067905e+09 6001113 1.06725e+09 6001113
2.919503e-06 1.076068e+09 6001114 1.035329e+09 6001113
2.997096e-06 1.060448e+09 6001113 1.042074e+09 6001113
3.088688e-06 1.046118e+09 6001114 1.073809e+09 6001113
3.196386e-06 1.075565e+09 6002114 1.06377e+09 6002113
4.637558e-07 1.037923e+09 6001113 1.070443e+09 6001113
2.896965e-06 1.075061e+09 6001114 1.069603e+09 6001113
1.086896e-06 1.036464e+09 6001113 1.061607e+09 6001113
2.898238e-06 1.068745e+09 6002113 1.063174e+09 6002113
2.313737e-07 1.064869e+09 6001113 1.022853e+09 6001113
3.083807e-06 1.093324e+09 6002113 1.072479e+09 6002113
3.101283e-06 1.104266e+09 6002113 1.070563e+09 6002113
8.925949e-08 1.058845e+09 6001114 1.067301e+09 6001113
2.750273e-06 1.047404e+09 6001113 1.068577e+09 6001113
3.19244e-06 1.009066e+09 6001113 1.06797e+09 6001113
1.712781e-06 1.073146e+09 6002113 1.095008e+09 6002113
3.330819e-06 1.048894e+09 6002114 1.082994e+09 6002113
2.739134e-06 1.090886e+09 6002113 1.062018e+09 6002113
1.426939e-08 1.091396e+09 6002113 1.08554e+09 6002113
2.724356e-06 1.076319e+09 6002113 1.091314e+09 6002113
2.641389e-06 1.12264e+09 6003113 1.088148e+09 6003113
2.733229e-06 1.066383e+09 6001113 1.063548e+09 6001113
3.13244e-06 1.079768e+09 6002114 1.061118e+09 6002113
1.467116e-06 1.034788e+09 6001114 1.057586e+09 6001113
2.68293e-06 1.024386e+09 6002113 1.095244e+09 6002113
3.596355e-06 1.089117e+09 6002113 1.073839e+09 6002113
3.007006e-06 1.045752e+09 6001113 1.054458e+09 6001113
7.924855e-07 1.068131e+09 6001113 1.040205e+09 6001113
2.951949e-06 1.099603e+09 6002114 1.081154e+09 6002113
3.04106e-06 1.060917e+09 6001113 1.063905e+09 6001113
2.670429e-06 1.084737e+09 6002113 1.079996e+09 6002113
4.463194e-06 1.064639e+09 6001113 1.076127e+09 6001113
2.780985e-06 1.054032e+09 6001113 1.047581e+09 6001113
2.68293e-06 1.034087e+09 6001113 1.061099e+09 6001113
7.2218e-07 1.063037e+09 6001114 1.066239e+09 6001113
3.196386e-06 1.059291e+09 6001113 1.073586e+09 6001113
2.669769e-06 1.036264e+09 6001113 1.037427e+09 6001113
2.866514e-06 1.067e+09 6002113 1.097552e+09 6002113
2.661448e-06 1.054089e+09 6001113 1.060016e+09 6001113
3.019444e-06 1.062869e+09 6001114 1.06041e+09 6001113
4.463194e-06 1.124455e+09 6003113 1.060526e+09 6003113
2.746863e-06 1.063124e+09 6001113 1.037536e+09 6001113
3.144905e-06 1.057089e+09 6001113 1.0294e+09 6001113
1.712781e-06 1.087371e+09 6002114 1.065637e+09 6002113
3.144905e-06 1.071932e+09 6001113 1.070737e+09 6001113
3.000502e-06 1.130703e+09 6003114 1.089187e+09 6003113
2.739134e-06 1.105401e+09 6003114 1.092941e+09 6003113
2.798094e-06 1.071182e+09 6002113 1.073011e+09 6002113
2.669769e-06 1.100473e+09 6002113 1.064166e+09 6002113
3.019128e-06 1.033441e+09 6001113 1.057749e+09 6001113
1.700542e-06 1.060039e+09 6001113 9.82188e+08 6001113
3.666067e-06 1.090701e+09 6002113 1.079397e+09 6002113
3.173551e-06 1.042677e+09 6001114 1.038025e+09 6001113
1.477317e-06 1.050171e+09 6001114 1.051042e+09 6001113
3.61539e-08 1.049764e+09 6001113 1.072249e+09 6001113
2.896965e-06 1.08201e+09 6002113 1.078749e+09 6002113
2.739134e-06 1.091431e+09 6002113 1.080968e+09 6002113
3.119638e-06 1.097255e+09 6002114 1.082459e+09 6002113
2.760767e-06 1.069933e+09 6001114 1.033885e+09 6001113
3.533921e-10 1.034485e+09 6001113 1.05807e+09 6001113
3.119638e-06 1.067042e+09 6001113 1.040574e+09 6001113
4.415602e-07 1.042827e+09 6001113 1.074154e+09 6001113
4.68657e-06 1.053986e+09 6002113 1.067125e+09 6002113
1.490145e-06 1.054271e+09 6002113 1.088249e+09 6002113
3.167089e-06 1.061999e+09 6002113 1.022391e+09 6002113
3.791719e-06 1.086628e+09 6002113 1.081323e+09 6002113
3.19244e-06 1.056937e+09 6001113 1.068654e+09 6001113
2.652001e-06 1.054791e+09 6001113 1.055357e+09 6001113
1.174715e-06 1.074173e+09 6001113 1.068867e+09 6001113
3.134236e-06 1.104889e+09 6003113 1.07978e+09 6003113
3.594482e-06 1.05594e+09 6001113 1.069806e+09 6001113
2.641389e-06 1.083796e+09 6002113 1.074875e+09 6002113
3.028608e-06 1.086113e+09 6002114 1.079201e+09 6002113
2.919503e-06 1.062486e+09 6001113 1.054329e+09 6001113
2.951949e-06 1.043626e+09 6001113 1.035101e+09 6001113
2.650397e-06 1.072405e+09 6001113 1.025197e+09 6001113
1.722295e-06 1.087981e+09 6002113 1.092892e+09 6002113
3.287396e-06 1.055229e+09 6001114 1.033405e+09 6001113
3.030518e-06 1.069671e+09 6002113 1.094796e+09 6002113
2.724356e-06 1.024871e+09 6001113 1.054986e+09 6001113
2.895145e-06 1.076217e+09 6002113 1.077727e+09 6002113
2.652001e-06 1.068276e+09 6001113 1.056901e+09 6001113
2.883827e-06 1.09075e+09 6002113 1.065863e+09 6002113
2.629476e-06 1.080568e+09 6002113 1.091328e+09 6002113
2.483718e-06 1.058575e+09 6001113 1.03114e+09 6001113
3.019444e-06 1.090519e+09 6002113 1.090991e+09 6002113
2.641389e-06 1.037512e+09 6001113 1.06849e+09 6001113
4.023149e-06 1.051888e+09 6001113 1.065782e+09 6001113
3.13244e-06 1.128407e+09 6003114 1.095743e+09 6003113
3.13546e-06 1.043466e+09 6001113 1.069542e+09 6001113
2.68293e-06 1.084697e+09 6002113 1.081855e+09 6002113
2.896965e-06 1.064445e+09 6001113 1.058085e+09 6001113
2.661448e-06 1.016882e+09 6001113 1.031939e+09 6001113
1.467116e-06 1.040225e+09 6001113 1.044632e+09 6001113
3.594482e-06 1.059053e+09 6001113 1.035757e+09 6001113
2.760767e-06 1.073849e+09 6002113 1.086011e+09 6002113
2.83347e-06 1.05759e+09 6001114 1.044307e+09 6001113
1.937246e-06 1.077737e+09 6002114 1.08943e+09 6002113
5.152327e-07 1.058129e+09 6001114 1.048652e+09 6001113
2.68293e-06 1.099011e+09 6002113 1.066225e+09 6002113
3.13546e-06 1.082686e+09 6002114 1.089348e+09 6002113
2.495108e-06 1.082934e+09 6002114 1.076046e+09 6002113
3.079964e-06 1.056568e+09 6002113 1.071473e+09 6002113
3.887792e-06 1.083903e+09 6002113 1.068629e+09 6002113
3.19131e-06 1.081497e+09 6002113 1.103987e+09 6002113
2.895145e-06 1.060557e+09 6001114 1.044504e+09 6001113
3.19244e-06 1.041296e+09 6001113 1.052645e+09 6001113
3.17295e-06 1.050855e+09 6001113 1.059264e+09 6001113
2.895145e-06 1.061127e+09 6002113 1.085141e+09 6002113
1.073717e-09 1.091669e+09 6002114 1.077101e+09 6002113
1.937246e-06 1.076969e+09 6002113 1.081608e+09 6002113
2.951949e-06 1.054165e+09 6001114 1.046567e+09 6001113
4.227447e-06 1.059243e+09 6001113 1.057761e+09 6001113
2.88149e-06 1.040314e+09 6001113 1.064119e+09 6001113
3.594482e-06 1.090671e+09 6002113 1.060542e+09 6002113
3.101283e-06 1.059716e+09 6001113 1.072662e+09 6001113
3.17295e-06 1.063e+09 6001114 1.027697e+09 6001113
2.836006e-06 1.067939e+09 6001113 1.054808e+09 6001113
3.007006e-06 1.067715e+09 6001113 1.041529e+09 6001113
2.790132e-07 1.084538e+09 6002114 1.071508e+09 6002113
1.700542e-06 9.899725e+08 6001113 1.069246e+09 6001113
3.594482e-06 9.989757e+08 6001114 1.054827e+09 6001113
1.937246e-06 1.041304e+09 6001113 1.052932e+09 6001113
2.661448e-06 1.049963e+09 6001113 1.050377e+09 6001113
3.072245e-06 1.081758e+09 6001114 1.043996e+09 6001113
4.023149e-06 1.087785e+09 6002113 1.09161e+09 6002113
2.68293e-06 1.046477e+09 6001113 1.0421e+09 6001113
2.83347e-06 1.098252e+09 6002114 1.051576e+09 6002113
2.898238e-06 1.087981e+09 6003113 1.075556e+09 6003113
2.180224e-06 1.087709e+09 6002113 1.089901e+09 6002113
2.951949e-06 1.096063e+09 6003113 1.115443e+09 6003113
2.724356e-06 1.074537e+09 6001114 1.062748e+09 6001113
3.04106e-06 1.043875e+09 6001114 1.062579e+09 6001113
2.1682e-06 1.0451e+09 6001113 1.058176e+09 6001113
2.798094e-06 1.071239e+09 6001113 1.05214e+09 6001113
2.432807e-06 1.057379e+09 6002114 1.056058e+09 6002113
4.227447e-06 1.039616e+09 6001113 1.054379e+09 6001113
3.104463e-06 1.066707e+09 6002114 1.086549e+09 6002113
4.085018e-06 1.080685e+09 6002113 1.092548e+09 6002113
3.13546e-06 1.095776e+09 6002113 1.073497e+09 6002113
4.68657e-06 1.073992e+09 6002113 1.042811e+09 6002113
2.276319e-06 1.069195e+09 6002113 1.081903e+09 6002113
2.896965e-06 1.079895e+09 6002113 1.04667e+09 6002113
7.2218e-07 1.08062e+09 6002114 1.084145e+09 6002113
3.851474e-06 1.066272e+09 6001114 1.053961e+09 6001113
3.000502e-06 1.071491e+09 6001114 1.069632e+09 6001113
3.101283e-06 1.083732e+09 6002113 1.09053e+09 6002113
2.629476e-06 1.101206e+09 6002114 1.058198e+09 6002113
2.898238e-06 1.058468e+09 6002113 1.058021e+09 6002113
3.287396e-06 1.05801e+09 6001114 1.064934e+09 6001113
2.627951e-06 1.092278e+09 6002114 1.068746e+09 6002113
1.593299e-06 1.081141e+09 6002113 1.067496e+09 6002113
2.313737e-07 1.104815e+09 6003114 1.084957e+09 6003113
2.662582e-06 1.040428e+09 6001113 1.048778e+09 6001113
9.739748e-07 1.053591e+09 6001113 1.057151e+09 6001113
3.17295e-06 1.08334e+09 6002114 1.069534e+09 6002113
3.13546e-06 1.057061e+09 6001113 1.062477e+09 6001113
4.68657e-06 1.085451e+09 6002113 1.059517e+09 6002113
2.641389e-06 1.092396e+09 6002113 1.097107e+09 6002113
3.887792e-06 1.040147e+09 6001114 1.08063e+09 6001113
2.661448e-06 1.100025e+09 6002113 1.086459e+09 6002113
2.746863e-06 1.056052e+09 6002113 1.090977e+09 6002113
3.19244e-06 1.084152e+09 6002113 1.08696e+09 6002113
2.883827e-06 1.086088e+09 6002113 1.068483e+09 6002113
3.030518e-06 1.065445e+09 6001114 1.05888e+09 6001113
2.866514e-06 1.073023e+09 6001114 1.067862e+09 6001113
5.961076e-07 1.067754e+09 6001114 1.050577e+09 6001113
3.173551e-06 1.076859e+09 6002113 1.071775e+09 6002113
2.866514e-06 1.030244e+09 6001113 1.068986e+09 6001113
2.836006e-06 1.067046e+09 6001113 1.058754e+09 6001113
3.139308e-07 1.080668e+09 6001113 1.062289e+09 6001113
3.119638e-06 1.098965e+09 6002114 1.073822e+09 6002113
1.028781e-07 1.057668e+09 6001113 1.027721e+09 6001113
2.760767e-06 1.051835e+09 6001113 1.056222e+09 6001113
2.276319e-06 1.045606e+09 6001113 1.060683e+09 6001113
2.688194e-06 1.098058e+09 6002114 1.093461e+09 6002113
3.019128e-06 1.07428e+09 6002113 1.097952e+09 6002113
1.811741e-06 1.033689e+09 6001114 1.057207e+09 6001113
1.276566e-07 1.037164e+09 6001113 1.05871e+09 6001113
2.669769e-06 1.036145e+09 6001113 1.043468e+09 6001113
2.662582e-06 1.107381e+09 6003113 1.089642e+09 6003113
1.94143e-06 1.061618e+09 6002113 1.099667e+09 6002113
3.173551e-06 1.064782e+09 6001114 1.061108e+09 6001113
2.669769e-06 1.089585e+09 6002113 1.065887e+09 6002113
4.085018e-06 1.082567e+09 6002113 1.084854e+09 6002113
9.739748e-07 1.073813e+09 6001113 1.055382e+09 6001113
3.109858e-06 1.084836e+09 6002113 1.081421e+09 6002113
1.722295e-06 1.033616e+09 6001114 1.058911e+09 6001113
2.048948e-06 1.068391e+09 6001113 1.044026e+09 6001113
1.981159e-06 1.099278e+09 6002114 1.089108e+09 6002113
8.945053e-07 1.090514e+09 6002114 1.076225e+09 6002113
2.876004e-06 1.065399e+09 6001114 1.067243e+09 6001113
2.1682e-06 1.090536e+09 6002113 1.098359e+09 6002113
2.83347e-06 1.066932e+09 6001113 1.060237e+09 6001113
2.670429e-06 1.077862e+09 6001113 1.065041e+09 6001113
3.173551e-06 1.059025e+09 6001114 1.064107e+09 6001113
2.495108e-06 1.062092e+09 6001113 1.051157e+09 6001113
1.364793e-06 1.069779e+09 6001113 1.040216e+09 6001113
3.924186e-06 1.057158e+09 6001113 1.039704e+09 6001113
1.14824e-06 1.042795e+09 6001114 1.035579e+09 6001113
3.104463e-06 1.076236e+09 6001113 1.072055e+09 6001113
2.836006e-06 1.058159e+09 6001113 1.065692e+09 6001113
3.167089e-06 1.082823e+09 6002114 1.020395e+09 6002113
3.104463e-06 1.039161e+09 6001114 1.027429e+09 6001113
3.101283e-06 1.062574e+09 6001113 1.068291e+09 6001113
2.688194e-06 1.067808e+09 6001114 1.067077e+09 6001113
2.724356e-06 1.049235e+09 6001113 1.044326e+09 6001113
4.352816e-06 1.04703e+09 6001113 1.075512e+09 6001113
3.173551e-06 1.093071e+09 6002113 1.08281e+09 6002113
3.109858e-06 1.059043e+09 6001113 1.067535e+09 6001113
2.746863e-06 1.076449e+09 6002113 1.098999e+09 6002113
1.467116e-06 1.061607e+09 6001114 1.06116e+09 6001113
2.688194e-06 1.104778e+09 6002113 1.085874e+09 6002113
4.439036e-06 1.079847e+09 6002113 1.07385e+09 6002113
3.019444e-06 1.105227e+09 6002114 1.044772e+09 6002113
2.641389e-06 1.078494e+09 6002113 1.060701e+09 6002113
3.104463e-06 1.050541e+09 6001113 1.059324e+09 6001113
3.924186e-06 1.05027e+09 6002114 1.066663e+09 6002113
2.385408e-06 1.06971e+09 6002114 1.084897e+09 6002113
1.391178e-06 1.063786e+09 6002113 1.078043e+09 6002113
2.750273e-06 1.067899e+09 6001114 1.052568e+09 6001113
3.088688e-06 1.108716e+09 6002114 1.090548e+09 6002113
2.883827e-06 1.047555e+09 6001113 1.058953e+09 6001113
2.703313e-06 1.076322e+09 6002113 1.081438e+09 6002113
2.495108e-06 1.04513e+09 6001113 1.066137e+09 6001113
4.352816e-06 1.087819e+09 6002113 1.09305e+09 6002113
2.890279e-06 1.029455e+09 6001114 1.048797e+09 6001113
1.670714e-07 1.094955e+09 6002113 1.081042e+09 6002113
2.688194e-06 1.043031e+09 6001113 1.049816e+09 6001113
1.391178e-06 1.028627e+09 6001113 1.049191e+09 6001113
3.594482e-06 1.087689e+09 6002113 9.859788e+08 6002113
2.951949e-06 1.121914e+09 6003114 1.072227e+09 6003113
3.666067e-06 1.051008e+09 6001113 1.034743e+09 6001113
1.112952e-07 1.069475e+09 6002113 1.087975e+09 6002113
2.919503e-06 1.066108e+09 6002113 1.068106e+09 6002113
2.048948e-06 1.057506e+09 6001113 1.08352e+09 6001113
2.798094e-06 1.04949e+09 6001113 1.045366e+09 6001113
8.945053e-07 1.074365e+09 6002113 1.086469e+09 6002113
2.836006e-06 1.054988e+09 6001113 1.033913e+09 6001113
2.919503e-06 1.084879e+09 6002113 1.08946e+09 6002113
3.095787e-06 1.040038e+09 6001113 1.076699e+09 6001113
2.495108e-06 1.070684e+09 6002114 1.026516e+09 6002113
3.109858e-06 1.051581e+09 6002114 1.085135e+09 6002113
2.750273e-06 1.051205e+09 6001114 1.02601e+09 6001113
2.895145e-06 1.049257e+09 6001113 1.070238e+09 6001113
3.007006e-06 1.067983e+09 6001113 1.042223e+09 6001113
2.703895e-06 1.058736e+09 6001113 1.05192e+09 6001113
1.700542e-06 1.078401e+09 6002113 1.040065e+09 6002113
5.961076e-07 1.056118e+09 6001113 1.077624e+09 6001113
2.039701e-07 1.090978e+09 6003113 1.104545e+09 6003113
3.088688e-06 1.111451e+09 6003114 1.092635e+09 6003113
2.68293e-06 1.043764e+09 6002113 1.088422e+09 6002113
2.88149e-06 1.021636e+09 6001113 1.051448e+09 6001113
1.593299e-06 1.092684e+09 6002114 1.082399e+09 6002113
3.196386e-06 1.075579e+09 6002113 1.086501e+09 6002113
2.662582e-06 1.059689e+09 6002113 1.075754e+09 6002113
3.196386e-06 1.095763e+09 6003114 1.083636e+09 6003113
3.128066e-06 1.106598e+09 6002113 1.076124e+09 6002113
3.791719e-06 1.088575e+09 6003113 1.112071e+09 6003113
3.101283e-06 1.061979e+09 6001113 1.068126e+09 6001113
1.937246e-06 1.055271e+09 6001113 1.036379e+09 6001113
3.239526e-06 1.077027e+09 6002113 1.077163e+09 6002113
3.007006e-06 1.085947e+09 6002113 1.061654e+09 6002113
2.919503e-06 1.059441e+09 6002113 1.091281e+09 6002113
2.641389e-06 1.050632e+09 6001114 1.055645e+09 6001113
3.128066e-06 1.062385e+09 6001113 1.065247e+09 6001113
3.101283e-06 1.052542e+09 6002114 1.074327e+09 6002113
3.239526e-06 1.059539e+09 6002113 1.084368e+09 6002113
3.239526e-06 1.064234e+09 6002114 1.07788e+09 6002113
4.171338e-06 1.066296e+09 6001113 1.067338e+09 6001113
2.83347e-06 1.067476e+09 6002113 1.058121e+09 6002113
3.109858e-06 1.067165e+09 6001114 1.069772e+09 6001113
3.007006e-06 1.054434e+09 6001113 1.046937e+09 6001113
3.119638e-06 1.067815e+09 6003113 1.112302e+09 6003113
3.019128e-06 1.093439e+09 6002113 1.066447e+09 6002113
1.391178e-06 1.049586e+09 6001113 1.045649e+09 6001113
3.167089e-06 1.058201e+09 6001113 1.063436e+09 6001113
2.662582e-06 1.098744e+09 6002114 1.091459e+09 6002113
2.898238e-06 1.021198e+09 6001113 1.076129e+09 6001113
2.883827e-06 1.050876e+09 6001113 1.051745e+09 6001113
4.352816e-06 1.124323e+09 6003113 1.086397e+09 6003113
2.661448e-06 1.091592e+09 6002113 1.090136e+09 6002113
2.061398e-06 1.080072e+09 6002114 1.074587e+09 6002113
1.467116e-06 1.058659e+09 6001114 1.053277e+09 6001113
4.023149e-06 1.069078e+09 6001113 1.065774e+09 6001113
2.883827e-06 1.023369e+09 6001113 1.058402e+09 6001113
2.83347e-06 1.061283e+09 6001114 1.046006e+09 6001113
2.896965e-06 1.125439e+09 6003113 1.091956e+09 6003113
2.385408e-06 1.053797e+09 6001113 1.069986e+09 6001113
2.896965e-06 1.101335e+09 6002114 1.08368e+09 6002113
2.739134e-06 1.075925e+09 6002113 1.081473e+09 6002113
3.128066e-06 1.080088e+09 6002114 1.070832e+09 6002113
2.750273e-06 1.057141e+09 6001113 1.058372e+09 6001113
2.650397e-06 1.057666e+09 6001114 1.063294e+09 6001113
2.650397e-06 1.057666e+09 6001114 1.063294e+09 6001113
2.88149e-06 1.082448e+09 6002114 1.067002e+09 6002113
3.887792e-06 1.04065e+09 6002113 1.056462e+09 6002113
2.88149e-06 1.071955e+09 6001114 1.065051e+09 6001113
2.661448e-06 1.06848e+09 6002113 1.088444e+09 6002113
2.703895e-06 1.074331e+09 6002113 1.074489e+09 6002113
3.04106e-06 1.054451e+09 6002113 1.083552e+09 6002113
2.38325e-06 1.049813e+09 6001114 1.035573e+09 6001113
3.153609e-06 1.086643e+09 6002114 1.08788e+09 6002113
4.227447e-06 1.052827e+09 6001113 1.064789e+09 6001113
3.088688e-06 1.020253e+09 6001114 1.067258e+09 6001113
3.173551e-06 1.042544e+09 6001114 1.058753e+09 6001113
3.143307e-06 1.042282e+09 6001113 1.058426e+09 6001113
3.287396e-06 1.062797e+09 6001113 1.050647e+09 6001113
1.964154e-06 1.058314e+09 6001114 1.068412e+09 6001113
2.890279e-06 1.041988e+09 6001113 1.030152e+09 6001113
3.196386e-06 1.126353e+09 6003114 1.06187e+09 6003113
2.670429e-06 1.081314e+09 6002113 1.092057e+09 6002113
2.836006e-06 1.04497e+09 6001114 1.051625e+09 6001113
2.641389e-06 1.066125e+09 6002114 1.084257e+09 6002113
2.627951e-06 1.120369e+09 6003113 1.084821e+09 6003113
2.669769e-06 1.040367e+09 6001114 1.049497e+09 6001113
2.163098e-06 1.083498e+09 6002113 1.050519e+09 6002113
6.319744e-07 1.055826e+09 6002113 1.087518e+09 6002113
3.19131e-06 1.013742e+09 6001113 1.043527e+09 6001113
4.637558e-07 1.039504e+09 6001113 1.059282e+09 6001113
3.196386e-06 1.073187e+09 6001114 1.066541e+09 6001113
3.04106e-06 1.066769e+09 6001113 1.057151e+09 6001113
2.733229e-06 1.051411e+09 6001114 1.061615e+09 6001113
2.629476e-06 1.074542e+09 6002113 1.09531e+09 6002113
2.739134e-06 1.055592e+09 6001113 1.051581e+09 6001113
2.994244e-06 1.057933e+09 6001113 1.06887e+09 6001113
1.828279e-06 1.05264e+09 6001114 1.067784e+09 6001113
2.670429e-06 1.059e+09 6001113 1.054296e+09 6001113
3.851474e-06 1.107131e+09 6002113 1.043076e+09 6002113
2.746863e-06 1.036766e+09 6001114 1.051663e+09 6001113
2.733229e-06 1.087954e+09 6002113 1.074564e+09 6002113
3.223569e-06 1.064226e+09 6001114 1.048708e+09 6001113
3.153609e-06 1.035475e+09 6001114 1.070149e+09 6001113
3.128066e-06 1.086338e+09 6002113 1.068495e+09 6002113
2.650397e-06 1.087042e+09 6002113 1.074683e+09 6002113
2.039701e-07 1.038514e+09 6002114 1.06993e+09 6002113
3.214688e-06 1.016216e+09 6001114 1.068045e+09 6001113
1.267332e-06 1.048754e+09 6001113 1.022906e+09 6001113
3.214688e-06 1.066476e+09 6001113 1.070864e+09 6001113
3.524802e-07 1.070613e+09 6001114 1.044867e+09 6001113
3.134236e-06 1.088993e+09 6002114 1.065665e+09 6002113
2.669769e-06 1.069577e+09 6001114 1.050274e+09 6001113
2.959355e-07 1.050901e+09 6001113 1.07381e+09 6001113
2.739134e-06 1.081141e+09 6002113 1.087775e+09 6002113
3.851474e-06 1.067316e+09 6001113 1.053484e+09 6001113
2.583727e-06 1.044148e+09 6001114 1.062821e+09 6001113
3.153609e-06 1.056218e+09 6001113 1.067643e+09 6001113
2.733229e-06 1.095086e+09 6002113 1.088632e+09 6002113
4.171338e-06 1.054648e+09 6001113 1.071674e+09 6001113
6.567901e-07 1.058412e+09 6001114 1.054934e+09 6001113
2.798094e-06 1.051023e+09 6001113 1.064474e+09 6001113
2.650397e-06 1.064218e+09 6001114 1.058147e+09 6001113
3.119638e-06 1.070472e+09 6002113 1.106023e+09 6002113
2.836006e-06 1.03632e+09 6001113 1.048847e+09 6001113
2.746863e-06 1.068977e+09 6001114 1.073954e+09 6001113
2.1682e-06 1.043767e+09 6001114 1.060774e+09 6001113
2.746863e-06 1.095275e+09 6002114 1.085902e+09 6002113
2.883827e-06 1.061159e+09 6001114 1.067247e+09 6001113
3.173551e-06 1.076838e+09 6002113 1.082883e+09 6002113
3.079964e-06 1.099218e+09 6002113 1.036139e+09 6002113
3.000502e-06 1.087457e+09 6002113 1.082182e+09 6002113
2.641389e-06 1.116882e+09 6003113 1.069669e+09 6003113
1.467116e-06 1.049673e+09 6001114 1.062241e+09 6001113
3.088688e-06 1.084655e+09 6002113 1.08545e+09 6002113
3.083807e-06 1.035316e+09 6001113 1.051839e+09 6001113
3.851474e-06 1.069822e+09 6002113 1.079533e+09 6002113
3.134236e-06 1.063529e+09 6001113 1.03767e+09 6001113
2.790132e-07 1.060237e+09 6001113 1.070971e+09 6001113
3.088688e-06 1.032134e+09 6001113 1.033513e+09 6001113
8.199551e-07 1.040248e+09 6001113 1.041382e+09 6001113
1.811741e-06 1.06812e+09 6001113 1.057751e+09 6001113
3.019128e-06 1.073473e+09 6001114 1.069735e+09 6001113
3.119638e-06 1.036853e+09 6001113 1.059791e+09 6001113
2.652001e-06 1.06332e+09 6002113 1.095855e+09 6002113
2.895145e-06 1.04573e+09 6001113 1.062066e+09 6001113
3.095787e-06 1.076006e+09 6002113 1.090597e+09 6002113
2.495108e-06 1.06621e+09 6001113 1.042787e+09 6001113
2.483718e-06 1.06917e+09 6002114 1.075992e+09 6002113
2.703313e-06 1.093483e+09 6002114 1.052895e+09 6002113
2.88149e-06 1.04958e+09 6001114 1.063501e+09 6001113
5.961076e-07 1.074725e+09 6001113 1.060281e+09 6001113
1.811741e-06 1.04224e+09 6001114 1.048777e+09 6001113
2.739134e-06 1.088026e+09 6002113 1.094053e+09 6002113
2.997096e-06 1.055185e+09 6001114 1.061665e+09 6001113
2.746863e-06 1.076487e+09 6002114 1.050169e+09 6002113
2.746863e-06 1.048112e+09 6001113 1.062928e+09 6001113
2.1682e-06 9.405629e+08 6001113 1.052819e+09 6001113
3.030518e-06 1.081782e+09 6002113 1.080266e+09 6002113
4.023149e-06 1.067506e+09 6001113 1.059473e+09 6001113
3.239526e-06 1.087624e+09 6002114 1.03864e+09 6002113
2.650397e-06 1.060173e+09 6002114 1.041479e+09 6002113
4.637558e-07 1.046927e+09 6001114 1.056784e+09 6001113
3.04106e-06 1.057409e+09 6001113 1.073125e+09 6001113
3.104463e-06 1.067032e+09 6001113 1.048776e+09 6001113
2.919503e-06 1.058054e+09 6001113 1.063822e+09 6001113
2.629476e-06 1.101253e+09 6002114 1.089951e+09 6002113
2.890279e-06 1.088896e+09 6003113 1.091484e+09 6003113
1.391178e-06 1.087987e+09 6002113 1.087513e+09 6002113
1.086896e-06 1.076821e+09 6001113 1.039146e+09 6001113
3.072245e-06 1.071685e+09 6001113 1.056048e+09 6001113
3.19131e-06 1.056219e+09 6002113 1.092324e+09 6002113
2.83347e-06 1.101016e+09 6002114 1.069653e+09 6002113
5.961076e-07 1.097588e+09 6003114 1.089542e+09 6003113
3.287396e-06 1.03811e+09 6001113 1.054501e+09 6001113
4.463194e-06 1.060031e+09 6001114 1.065916e+09 6001113
2.670429e-06 1.082919e+09 6002114 1.0654e+09 6002113
2.650397e-06 1.031787e+09 6001113 1.042519e+09 6001113
2.876004e-06 1.080775e+09 6002113 1.082917e+09 6002113
3.144905e-06 1.083718e+09 6003113 1.097793e+09 6003113
4.68657e-06 1.061563e+09 6001113 1.082499e+09 6001113
3.19244e-06 1.077497e+09 6002113 1.080092e+09 6002113
3.13546e-06 1.078043e+09 6002113 1.061219e+09 6002113
1.670714e-07 1.099805e+09 6002113 1.070377e+09 6002113
4.171338e-06 1.0601e+09 6001114 1.044096e+09 6001113
2.703895e-06 1.089038e+09 6002113 1.092166e+09 6002113
2.650397e-06 1.082491e+09 6002114 1.088621e+09 6002113
1.670714e-07 1.090449e+09 6002114 1.060969e+09 6002113
3.134236e-06 1.033529e+09 6001113 1.066505e+09 6001113
3.167089e-06 1.036224e+09 6001114 1.065614e+09 6001113
2.703895e-06 1.094489e+09 6002114 1.086433e+09 6002113
4.637558e-07 1.033404e+09 6001113 1.072671e+09 6001113
3.196386e-06 1.048684e+09 6001114 1.040178e+09 6001113
3.072245e-06 1.048584e+09 6001113 1.048643e+09 6001113
2.750273e-06 1.050874e+09 6001114 1.051681e+09 6001113
1.461704e-07 1.067872e+09 6002113 1.072483e+09 6002113
3.104463e-06 1.114362e+09 6003113 1.077418e+09 6003113
2.661448e-06 1.067237e+09 6001114 1.053569e+09 6001113
3.287396e-06 1.036446e+09 6001113 1.070404e+09 6001113
4.439036e-06 1.065958e+09 6001113 1.073492e+09 6001113
8.199551e-07 1.054664e+09 6001113 1.034047e+09 6001113
3.109858e-06 1.054723e+09 6001113 1.059987e+09 6001113
2.743484e-06 1.117603e+09 6003114 1.044131e+09 6003113
2.703895e-06 1.060023e+09 6001113 1.01069e+09 6001113
2.898238e-06 1.067679e+09 6001113 1.063723e+09 6001113
3.007006e-06 1.050552e+09 6001113 1.019508e+09 6001113
3.095787e-06 1.089591e+09 6002114 1.074114e+09 6002113
2.650397e-06 1.064084e+09 6001114 1.066435e+09 6001113
3.144905e-06 1.095643e+09 6002114 1.061691e+09 6002113
3.014703e-06 1.065578e+09 6003113 1.108706e+09 6003113
3.028608e-06 1.031805e+09 6002113 1.032201e+09 6002113
2.641389e-06 1.058268e+09 6001114 1.067383e+09 6001113
3.104463e-06 1.059117e+09 6002113 1.071226e+09 6002113
2.83347e-06 1.091895e+09 6002114 1.085711e+09 6002113
1.467116e-06 1.077125e+09 6002113 1.030759e+09 6002113
1.243924e-09 1.085098e+09 6002114 1.049092e+09 6002113
3.19131e-06 1.067326e+09 6002114 1.083449e+09 6002113
3.134236e-06 1.052199e+09 6001114 1.065494e+09 6001113
4.68657e-06 1.060715e+09 6001113 1.022846e+09 6001113
2.38325e-06 1.082822e+09 6002114 1.065372e+09 6002113
2.836006e-06 1.109508e+09 6003113 1.088204e+09 6003113
2.724356e-06 1.064262e+09 6001114 1.060946e+09 6001113
3.596355e-06 1.105309e+09 6003114 1.094031e+09 6003113
4.085018e-06 1.076476e+09 6002114 1.058897e+09 6002113
3.596355e-06 1.066741e+09 6001114 1.043903e+09 6001113
8.199551e-07 1.087898e+09 6002113 1.099025e+09 6002113
2.670429e-06 1.082503e+09 6002113 1.076953e+09 6002113
2.750273e-06 1.056941e+09 6001113 1.057873e+09 6001113
2.994244e-06 1.084229e+09 6002113 1.083898e+09 6002113
2.703313e-06 1.055354e+09 6001113 1.058621e+09 6001113
2.919503e-06 1.043237e+09 6001113 1.055927e+09 6001113
2.898238e-06 1.060886e+09 6001114 1.060142e+09 6001113
2.951949e-06 1.072463e+09 6003113 1.124896e+09 6003113
1.364793e-06 1.0399e+09 6001113 1.07008e+09 6001113
1.937246e-06 1.056559e+09 6001114 1.066712e+09 6001113
3.135778e-10 1.100092e+09 6002113 1.081756e+09 6002113
3.596355e-06 1.083587e+09 6002114 1.062729e+09 6002113
1.14824e-06 1.053532e+09 6001113 1.042729e+09 6001113
2.38325e-06 1.049266e+09 6001113 1.068999e+09 6001113
2.739134e-06 1.060528e+09 6002113 1.080341e+09 6002113
1.086896e-06 1.083533e+09 6002113 1.073545e+09 6002113
2.746863e-06 1.067734e+09 6001114 1.063235e+09 6001113
2.895145e-06 1.069539e+09 6002114 1.067363e+09 6002113
2.866514e-06 1.067501e+09 6001114 1.063274e+09 6001113
2.650397e-06 1.07573e+09 6002114 1.08275e+09 6002113
3.666067e-06 1.062528e+09 6002113 1.077991e+09 6002113
1.467116e-06 1.056319e+09 6001113 1.063866e+09 6001113
3.100071e-08 1.100086e+09 6002113 1.049021e+09 6002113
3.072245e-06 1.077687e+09 6002113 1.075961e+09 6002113
3.153609e-06 1.028958e+09 6001113 1.042605e+09 6001113
3.287396e-06 1.049972e+09 6001113 1.075345e+09 6001113
1.364793e-06 1.059233e+09 6001113 1.024559e+09 6001113
3.028608e-06 1.057805e+09 6002114 1.091317e+09 6002113
1.94143e-06 1.084663e+09 6001113 1.064749e+09 6001113
3.851474e-06 1.051994e+09 6001113 1.058486e+09 6001113
2.483718e-06 1.057207e+09 6001113 1.032854e+09 6001113
2.760767e-06 1.02756e+09 6001114 1.063935e+09 6001113
2.798094e-06 1.049034e+09 6001113 1.06683e+09 6001113
3.239526e-06 1.037481e+09 6001114 1.046002e+09 6001113
3.287396e-06 1.057085e+09 6001113 1.066352e+09 6001113
2.629476e-06 1.061783e+09 6001114 1.068943e+09 6001113
2.994244e-06 1.102415e+09 6002113 1.067314e+09 6002113
1.238583e-06 1.092696e+09 6002114 1.073914e+09 6002113
2.629476e-06 1.049741e+09 6001113 1.045194e+09 6001113
1.722295e-06 1.061201e+09 6002113 1.070888e+09 6002113
3.04106e-06 1.049722e+09 6001113 1.057941e+09 6001113
2.994244e-06 1.056971e+09 6001113 1.05762e+09 6001113
2.061398e-06 1.022617e+09 6001113 1.042258e+09 6001113
2.746097e-06 1.076035e+09 6001113 1.053662e+09 6001113
3.13546e-06 1.017172e+09 6001114 1.065309e+09 6001113
3.13244e-06 1.057445e+09 6002114 1.069401e+09 6002113
3.128066e-06 1.064558e+09 6001113 1.056148e+09 6001113
3.134236e-06 1.065364e+09 6001113 1.03415e+09 6001113
2.895145e-06 1.067554e+09 6001113 1.033419e+09 6001113
2.629476e-06 1.053122e+09 6001113 1.054432e+09 6001113
2.959355e-07 1.063119e+09 6001113 1.049e+09 6001113
3.019128e-06 1.086876e+09 6002113 1.077652e+09 6002113
3.17295e-06 1.092312e+09 6002114 1.092344e+09 6002113
2.048948e-06 1.088698e+09 6002113 1.095785e+09 6002113
3.13546e-06 1.085646e+09 6002113 1.075612e+09 6002113
3.104463e-06 1.077448e+09 6001113 1.052571e+09 6001113
1.14824e-06 1.06082e+09 6001113 1.07485e+09 6001113
3.153609e-06 1.091087e+09 6002114 1.065889e+09 6002113
2.703895e-06 1.092736e+09 6002114 1.071193e+09 6002113
2.669769e-06 1.040454e+09 6001113 1.000781e+09 6001113
3.028608e-06 1.058399e+09 6001114 1.039333e+09 6001113
2.746097e-06 1.065986e+09 6002113 1.103643e+09 6002113
1.14824e-06 1.075038e+09 6002113 1.083053e+09 6002113
3.030518e-06 1.090617e+09 6002114 1.058835e+09 6002113
3.028608e-06 1.065658e+09 6002114 1.074434e+09 6002113
3.287396e-06 1.05766e+09 6001113 1.055742e+09 6001113
2.650397e-06 1.092256e+09 6002113 1.069826e+09 6002113
2.650397e-06 1.063123e+09 6001114 1.030124e+09 6001113
3.095787e-06 1.026185e+09 6001113 1.057365e+09 6001113
4.171338e-06 1.06746e+09 6001113 1.033594e+09 6001113
3.13546e-06 1.08444e+09 6001114 1.05468e+09 6001113
1.364793e-06 1.090702e+09 6002113 1.098022e+09 6002113
2.746863e-06 1.058288e+09 6002113 1.082569e+09 6002113
3.330819e-06 1.127048e+09 6003113 1.076082e+09 6003113
4.171338e-06 1.055077e+09 6001113 1.054478e+09 6001113
1.828279e-06 1.082946e+09 6002114 1.079786e+09 6002113
4.463194e-06 1.030837e+09 6001113 1.057177e+09 6001113
3.94931e-07 1.06896e+09 6002113 1.078257e+09 6002113
2.959355e-07 1.03634e+09 6001114 1.01896e+09 6001113
3.173551e-06 1.084363e+09 6002113 1.087705e+09 6002113
3.028608e-06 1.058002e+09 6001113 1.058151e+09 6001113
1.779613e-06 1.101798e+09 6002113 1.091818e+09 6002113
2.703895e-06 1.072193e+09 6002114 1.067376e+09 6002113
2.994244e-06 1.042991e+09 6001113 1.041763e+09 6001113
3.196386e-06 1.084206e+09 6003113 1.126217e+09 6003113
2.670429e-06 1.039989e+09 6001114 1.06339e+09 6001113
2.866514e-06 1.04695e+09 6001113 1.041377e+09 6001113
2.994244e-06 1.081787e+09 6002114 1.0744e+09 6002113
3.119638e-06 1.051974e+09 6001114 1.061339e+09 6001113
2.83347e-06 1.049546e+09 6001114 1.068421e+09 6001113
2.385408e-06 1.049672e+09 6001113 1.060233e+09 6001113
3.851474e-06 1.059912e+09 6001113 1.066586e+09 6001113
2.883827e-06 1.084103e+09 6002114 1.035204e+09 6002113
1.722295e-06 1.05973e+09 6001114 1.056341e+09 6001113
1.238583e-06 1.060491e+09 6002113 1.074906e+09 6002113
2.627951e-06 1.079287e+09 6002113 1.08411e+09 6002113
3.128066e-06 1.087722e+09 6002113 1.074781e+09 6002113
2.88149e-06 1.05419e+09 6002114 1.073006e+09 6002113
2.898238e-06 1.059722e+09 6001113 1.072037e+09 6001113
2.703895e-06 1.093136e+09 6002114 1.059426e+09 6002113
2.83347e-06 1.093581e+09 6003113 1.097925e+09 6003113
2.876004e-06 1.06254e+09 6001113 1.052558e+09 6001113
4.439036e-06 1.047703e+09 6001113 1.052852e+09 6001113
3.223569e-06 1.056352e+09 6001113 1.055468e+09 6001113
3.134236e-06 1.034228e+09 6001113 1.061549e+09 6001113
3.17295e-06 1.057307e+09 6001113 1.063109e+09 6001113
3.139308e-07 1.09839e+09 6002113 1.093005e+09 6002113
2.583727e-06 1.085829e+09 6002113 1.070204e+09 6002113
2.669769e-06 1.120647e+09 6003114 1.098386e+09 6003113
2.88149e-06 1.069114e+09 6001114 1.057468e+09 6001113
2.627951e-06 1.041566e+09 6001113 1.069642e+09 6001113
2.661448e-06 1.042914e+09 6001113 1.060484e+09 6001113
2.627951e-06 1.075491e+09 6002113 1.079057e+09 6002113
2.997096e-06 1.050038e+09 6001113 1.070131e+09 6001113
2.266503e-06 9.905167e+08 6001113 1.045361e+09 6001113
2.619361e-07 1.061302e+09 6002114 1.091576e+09 6002113
1.670714e-07 1.085649e+09 6002114 1.077072e+09 6002113
2.661448e-06 1.068643e+09 6001114 1.05541e+09 6001113
3.019128e-06 1.126792e+09 6003113 1.097516e+09 6003113
3.019128e-06 1.09173e+09 6002113 1.091506e+09 6002113
1.174715e-06 1.065841e+09 6002113 1.087292e+09 6002113
3.596355e-06 1.07138e+09 6001114 1.058165e+09 6001113
2.876004e-06 1.11744e+09 6003113 1.059224e+09 6003113
3.223569e-06 1.073614e+09 6002114 1.079011e+09 6002113
4.352816e-06 1.074686e+09 6002114 1.089092e+09 6002113
3.214688e-06 1.058253e+09 6001113 1.042392e+09 6001113
3.109858e-06 1.058621e+09 6001113 1.057334e+09 6001113
1.14824e-06 1.062799e+09 6001114 1.057506e+09 6001113
3.791719e-06 1.101497e+09 6002114 1.058194e+09 6002113
4.439036e-06 1.056907e+09 6001113 1.053001e+09 6001113
1.467116e-06 1.022004e+09 6001113 1.058748e+09 6001113
3.167089e-06 1.054291e+09 6001114 1.069385e+09 6001113
3.153609e-06 1.068409e+09 6001113 1.064502e+09 6001113
2.483718e-06 1.041719e+09 6001114 1.02573e+09 6001113
2.629476e-06 1.065046e+09 6001113 1.037046e+09 6001113
3.167089e-06 1.044535e+09 6001114 1.065953e+09 6001113
3.17295e-06 1.043118e+09 6001114 1.051039e+09 6001113
3.730493e-06 1.075217e+09 6002114 1.075418e+09 6002113
1.174715e-06 1.053943e+09 6001114 1.044959e+09 6001113
3.019128e-06 1.109703e+09 6003113 1.058714e+09 6003113
2.68293e-06 1.092282e+09 6002114 1.077381e+09 6002113
2.688194e-06 1.092723e+09 6002113 1.068653e+09 6002113
1.391178e-06 1.024292e+09 6001114 1.055218e+09 6001113
3.669204e-06 1.056348e+09 6001113 1.041086e+09 6001113
3.104463e-06 1.070997e+09 6001113 1.049437e+09 6001113
3.030518e-06 1.076295e+09 6001113 1.051312e+09 6001113
2.951949e-06 1.058785e+09 6001113 1.052553e+09 6001113
3.072245e-06 1.082588e+09 6002113 1.087996e+09 6002113
1.467116e-06 1.035883e+09 6001113 1.063622e+09 6001113
2.876004e-06 1.076228e+09 6001113 1.050346e+09 6001113
3.101283e-06 1.068071e+09 6001113 1.054748e+09 6001113
2.890279e-06 1.082344e+09 6002113 1.099537e+09 6002113
1.828279e-06 1.020065e+09 6001114 1.048935e+09 6001113
2.641389e-06 1.083962e+09 6002114 1.060916e+09 6002113
1.086896e-06 1.058182e+09 6001113 1.065768e+09 6001113
2.866514e-06 1.056011e+09 6001113 1.046942e+09 6001113
2.866514e-06 1.088719e+09 6002113 1.079302e+09 6002113
2.790132e-07 1.045535e+09 6001113 1.050304e+09 6001113
3.287396e-06 1.063326e+09 6001113 1.065943e+09 6001113
3.019444e-06 1.063778e+09 6001113 1.066023e+09 6001113
2.495108e-06 1.039383e+09 6001114 1.049812e+09 6001113
3.019128e-06 1.094145e+09 6002114 1.074386e+09 6002113
3.014703e-06 1.070547e+09 6002113 1.085644e+09 6002113
3.61539e-08 1.078294e+09 6002113 1.100016e+09 6002113
7.2218e-07 1.074114e+09 6001114 1.06217e+09 6001113
1.906118e-07 1.045656e+09 6001113 1.019091e+09 6001113
6.567901e-07 1.076408e+09 6002113 1.043909e+09 6002113
2.733229e-06 1.041583e+09 6001114 1.049925e+09 6001113
3.144905e-06 1.045152e+09 6001113 1.06199e+09 6001113
3.079964e-06 1.017857e+09 6001113 1.033609e+09 6001113
3.730493e-06 1.060254e+09 6001113 1.069526e+09 6001113
2.641389e-06 1.024587e+09 6001113 1.074468e+09 6001113
3.000502e-06 1.080624e+09 6002114 1.032881e+09 6002113
4.227447e-06 1.064739e+09 6001113 1.04887e+09 6001113
2.866514e-06 1.042796e+09 6001114 1.024427e+09 6001113
2.68293e-06 1.073808e+09 6002113 1.091243e+09 6002113
1.490145e-06 1.078031e+09 6002114 1.092068e+09 6002113
3.088688e-06 1.054385e+09 6001113 1.042718e+09 6001113
2.836006e-06 1.072059e+09 6001113 1.062355e+09 6001113
1.218823e-08 1.084968e+09 6002113 1.077027e+09 6002113
2.876004e-06 1.084489e+09 6002113 1.065375e+09 6002113
2.724356e-06 1.074512e+09 6001113 1.062619e+09 6001113
2.919503e-06 1.055564e+09 6001113 1.051791e+09 6001113
1.670714e-07 1.031853e+09 6001113 1.068258e+09 6001113
3.109858e-06 1.016615e+09 6001113 1.067902e+09 6001113
2.495108e-06 1.042544e+09 6001114 1.051662e+09 6001113
2.670429e-06 1.058586e+09 6001113 1.04638e+09 6001113
3.101283e-06 1.027808e+09 6001113 1.068588e+09 6001113
3.173551e-06 1.082556e+09 6002114 1.051097e+09 6002113
2.652001e-06 1.011307e+09 6001113 1.057621e+09 6001113
3.019128e-06 1.082846e+09 6002113 1.052912e+09 6002113
2.780985e-06 1.078699e+09 6002113 1.085989e+09 6002113
2.652001e-06 1.060654e+09 6001113 1.048067e+09 6001113
3.109858e-06 1.041447e+09 6001113 1.053281e+09 6001113
3.088688e-06 1.067303e+09 6001113 1.039641e+09 6001113
4.085018e-06 1.070167e+09 6001113 1.067655e+09 6001113
1.391178e-06 1.058445e+09 6001113 1.062213e+09 6001113
1.981159e-06 1.043869e+09 6001113 1.064089e+09 6001113
3.072245e-06 1.088718e+09 6002113 1.053578e+09 6002113
2.739134e-06 1.033502e+09 6001114 1.043627e+09 6001113
3.19244e-06 9.991608e+08 6001114 1.057472e+09 6001113
3.851474e-06 1.059822e+09 6001113 1.076922e+09 6001113
3.851474e-06 1.053909e+09 6001114 1.060149e+09 6001113
3.173551e-06 1.050667e+09 6001113 1.063253e+09 6001113
2.866514e-06 1.092087e+09 6002113 1.092313e+09 6002113
1.811741e-06 1.044215e+09 6001113 1.057107e+09 6001113
2.688194e-06 1.047403e+09 6001113 1.03397e+09 6001113
3.730493e-06 1.066637e+09 6001114 1.049103e+09 6001113
2.739134e-06 1.04232e+09 6001113 1.061802e+09 6001113
2.750273e-06 1.097051e+09 6002114 1.080254e+09 6002113
3.144905e-06 1.074324e+09 6001113 1.041161e+09 6001113
3.214688e-06 1.082472e+09 6002113 1.057868e+09 6002113
2.896965e-06 1.07687e+09 6002113 1.099782e+09 6002113
3.730493e-06 1.063751e+09 6001113 1.049792e+09 6001113
3.167089e-06 1.058489e+09 6002113 1.085869e+09 6002113
2.739134e-06 1.061272e+09 6001113 1.045004e+09 6001113
8.6791e-07 1.030399e+09 6001114 1.057632e+09 6001113
2.83347e-06 1.062027e+09 6001114 1.036783e+09 6001113
3.079964e-06 1.09254e+09 6002113 1.089897e+09 6002113
3.730493e-06 1.130214e+09 6003114 1.094737e+09 6003113
3.019128e-06 1.061327e+09 6002113 1.09062e+09 6002113
2.048948e-06 1.05915e+09 6001113 1.053997e+09 6001113
2.739134e-06 1.032704e+09 6001113 1.059946e+09 6001113
4.227447e-06 1.069581e+09 6001114 1.066046e+09 6001113
2.883827e-06 1.08912e+09 6002113 1.084307e+09 6002113
2.83347e-06 1.066099e+09 6002113 1.089676e+09 6002113
3.196386e-06 1.070076e+09 6001113 1.046077e+09 6001113
