5.712219e-07 1.128471e+09 6003113 1.096081e+09 6003113
2.896965e-06 1.10863e+09 6003113 1.102508e+09 6003113
4.165421e-07 1.084363e+09 6002113 1.097447e+09 6002113
2.896965e-06 1.1013e+09 6002113 1.089662e+09 6002113
1.467116e-06 1.084042e+09 6002114 1.093043e+09 6002113
2.739134e-06 1.115805e+09 6003113 1.099995e+09 6003113
4.165421e-07 1.091905e+09 6002114 1.105603e+09 6002113
3.196386e-06 1.09066e+09 6002113 1.090812e+09 6002113
3.19131e-06 1.080815e+09 6003114 1.100001e+09 6003113
2.266503e-06 1.086159e+09 6002114 1.099512e+09 6002113
3.791719e-06 1.104463e+09 6002113 1.101106e+09 6002113
3.666067e-06 1.119139e+09 6003114 1.103022e+09 6003113
2.703895e-06 1.099823e+09 6002113 1.108965e+09 6002113
3.851474e-06 1.099873e+09 6002113 1.100843e+09 6002113
2.670429e-06 1.091561e+09 6003113 1.103714e+09 6003113
4.165421e-07 1.099496e+09 6002113 1.057074e+09 6002113
3.330819e-06 1.090474e+09 6002113 1.096515e+09 6002113
2.661448e-06 1.091592e+09 6002113 1.090136e+09 6002113
8.6791e-07 1.10744e+09 6003113 1.08351e+09 6003113
2.483718e-06 1.09074e+09 6002113 1.090414e+09 6002113
2.883827e-06 1.0574e+09 6002113 1.102527e+09 6002113
2.780985e-06 1.101992e+09 6002113 1.097992e+09 6002113
1.086896e-06 1.099503e+09 6003113 1.118947e+09 6003113
2.68293e-06 1.093237e+09 6002113 1.096488e+09 6002113
2.898238e-06 1.053464e+09 6002114 1.100858e+09 6002113
1.490145e-06 1.112847e+09 6003114 1.099322e+09 6003113
2.739134e-06 1.091023e+09 6002113 1.070867e+09 6002113
3.088688e-06 1.081938e+09 6002113 1.097801e+09 6002113
