8.046025e-07 1.10063e+09 6003113 1.113015e+09 6003113
5.620314e-08 1.064936e+09 6002113 1.091199e+09 6002113
1.394164e-06 1.101944e+09 6002113 1.04887e+09 6002113
1.581855e-06 1.130056e+09 6003113 1.104233e+09 6003113
1.357515e-06 1.10319e+09 6003113 1.112769e+09 6003113
9.232652e-07 1.084243e+09 6002113 1.105648e+09 6002113
1.452358e-06 1.114882e+09 6003113 1.106191e+09 6003113
1.530386e-06 1.100266e+09 6002113 1.09315e+09 6002113
6.399919e-07 1.089891e+09 6002113 1.100244e+09 6002113
5.488733e-07 1.108905e+09 6003113 1.124877e+09 6003113
1.383239e-06 1.100554e+09 6002113 1.108848e+09 6002113
1.582763e-06 1.132016e+09 6003113 1.106132e+09 6003113
1.092346e-06 1.127728e+09 6003113 1.110023e+09 6003113
1.462023e-06 1.103004e+09 6003113 1.123454e+09 6003113
1.388864e-06 1.09935e+09 6003113 1.055174e+09 6003113
1.365444e-06 1.091628e+09 6002113 1.091138e+09 6002113
1.660107e-06 1.10122e+09 6003113 1.092409e+09 6003113
1.462023e-06 1.107887e+09 6002113 1.099596e+09 6002113
1.524634e-06 1.09967e+09 6002113 1.065792e+09 6002113
1.000469e-06 1.114575e+09 6002113 1.091203e+09 6002113
1.040988e-06 1.101213e+09 6003113 1.111628e+09 6003113
1.203521e-06 1.106268e+09 6003113 1.11804e+09 6003113
4.140703e-07 1.081292e+09 6002113 1.099937e+09 6002113
3.607428e-09 1.096177e+09 6003113 1.12159e+09 6003113
1.094923e-06 1.102661e+09 6003113 1.109886e+09 6003113
1.322755e-07 1.099786e+09 6002113 1.093336e+09 6002113
1.582763e-06 1.091009e+09 6003113 1.119856e+09 6003113
1.463586e-06 1.103753e+09 6003113 1.087398e+09 6003113
5.620314e-08 1.10817e+09 6003113 1.117831e+09 6003113
1.456308e-06 1.121718e+09 6003113 1.106398e+09 6003113
1.456308e-06 1.104264e+09 6002113 1.081417e+09 6002113
1.583381e-06 1.0954e+09 6002113 1.099933e+09 6002113
1.455128e-06 1.085268e+09 6003113 1.101642e+09 6003113
1.963302e-06 1.121988e+09 6003113 1.105597e+09 6003113
1.513508e-06 1.090821e+09 6002113 1.103434e+09 6002113
2.680534e-08 1.102324e+09 6003113 1.134769e+09 6003113
2.198135e-06 1.092197e+09 6002113 1.097357e+09 6002113
1.455128e-06 1.094164e+09 6003113 1.106653e+09 6003113
1.515228e-06 1.097335e+09 6002113 1.103901e+09 6002113
1.530386e-06 1.07752e+09 6002113 1.105594e+09 6002113
1.816128e-06 1.091799e+09 6002113 1.078751e+09 6002113
1.394164e-06 1.107557e+09 6003113 1.108951e+09 6003113
1.825741e-08 1.076398e+09 6002113 1.088827e+09 6002113
1.581855e-06 1.099005e+09 6002113 1.089051e+09 6002113
1.432159e-06 1.111693e+09 6003113 1.090338e+09 6003113
6.399919e-07 1.107933e+09 6003113 1.091685e+09 6003113
1.365444e-06 1.110028e+09 6003113 1.1091e+09 6003113
1.383239e-06 1.079332e+09 6002113 1.10002e+09 6002113
1.333879e-06 1.135348e+09 6003113 1.103378e+09 6003113
1.380257e-06 1.102824e+09 6003113 1.108271e+09 6003113
1.555356e-06 1.050702e+09 6001113 1.053316e+09 6001113
1.447565e-06 1.104754e+09 6002113 1.101137e+09 6002113
1.432159e-06 1.107799e+09 6003113 1.118822e+09 6003113
1.344009e-06 1.125744e+09 6003113 1.106372e+09 6003113
3.191417e-07 1.04973e+09 6001113 1.079368e+09 6001113
1.524634e-06 1.088212e+09 6003113 1.104728e+09 6003113
1.570452e-06 1.080345e+09 6002113 1.104905e+09 6002113
1.404374e-06 1.096856e+09 6002113 1.096874e+09 6002113
1.530386e-06 1.099738e+09 6002113 1.081581e+09 6002113
1.570452e-06 1.070208e+09 6002113 1.09739e+09 6002113
1.583381e-06 1.090613e+09 6002113 1.100793e+09 6002113
1.583381e-06 1.090613e+09 6002113 1.100793e+09 6002113
1.535709e-06 1.104353e+09 6003113 1.101991e+09 6003113
1.490709e-06 1.108794e+09 6002113 1.096212e+09 6002113
1.30476e-06 1.105039e+09 6003113 1.099768e+09 6003113
1.535709e-06 1.102395e+09 6002113 1.07619e+09 6002113
1.592546e-06 1.088505e+09 6002113 1.094189e+09 6002113
1.614148e-06 1.107408e+09 6003113 1.122038e+09 6003113
6.145093e-07 1.09096e+09 6002113 1.091432e+09 6002113
1.524634e-06 1.130756e+09 6003113 1.106634e+09 6003113
1.602616e-06 1.128264e+09 6003113 1.108173e+09 6003113
1.394164e-06 1.093567e+09 6002113 1.076563e+09 6002113
1.58815e-06 1.094047e+09 6002113 1.094757e+09 6002113
1.462943e-06 1.09705e+09 6002113 1.082176e+09 6002113
1.387142e-06 1.105636e+09 6003113 1.100747e+09 6003113
1.883867e-06 1.103168e+09 6002113 1.091305e+09 6002113
2.229841e-07 1.094462e+09 6002113 1.108077e+09 6002113
1.149522e-06 1.107757e+09 6003113 1.078168e+09 6003113
1.20461e-06 1.094228e+09 6003113 1.108832e+09 6003113
1.357515e-06 1.091484e+09 6002113 1.107969e+09 6002113
2.253875e-06 1.103244e+09 6003113 1.11728e+09 6003113
1.040988e-06 1.114913e+09 6003113 1.102784e+09 6003113
1.354857e-06 1.101577e+09 6003113 1.107299e+09 6003113
1.354857e-06 1.101577e+09 6003113 1.107299e+09 6003113
1.239793e-08 1.110549e+09 6003113 1.1066e+09 6003113
7.408811e-07 1.121009e+09 6003113 1.106102e+09 6003113
1.566122e-06 1.103314e+09 6003113 1.130636e+09 6003113
1.383239e-06 1.090744e+09 6002113 1.101411e+09 6002113
1.348211e-06 1.101894e+09 6003113 1.11733e+09 6003113
4.382872e-07 1.105415e+09 6003113 1.107753e+09 6003113
1.36515e-06 1.102414e+09 6003113 1.116217e+09 6003113
1.635933e-06 1.105767e+09 6002113 1.050674e+09 6002113
1.567727e-06 1.101834e+09 6003113 1.082494e+09 6003113
1.566122e-06 1.075527e+09 6002113 1.091269e+09 6002113
8.587592e-07 1.099035e+09 6002113 1.092726e+09 6002113
1.555356e-06 1.10661e+09 6003113 1.08272e+09 6003113
1.58815e-06 1.1002e+09 6003113 1.119817e+09 6003113
3.316734e-07 1.12415e+09 6003113 1.101522e+09 6003113
1.452358e-06 1.10537e+09 6003113 1.083008e+09 6003113
1.380257e-06 1.107694e+09 6003113 1.092493e+09 6003113
1.587343e-06 1.094115e+09 6002113 1.081768e+09 6002113
5.488733e-07 1.086584e+09 6002113 1.107836e+09 6002113
1.579647e-06 1.071724e+09 6002113 1.105426e+09 6002113
1.432159e-06 1.099454e+09 6003113 1.104382e+09 6003113
2.10649e-06 1.09612e+09 6002113 1.057246e+09 6002113
1.338428e-06 1.10277e+09 6003113 1.120884e+09 6003113
1.474324e-06 1.07819e+09 6002113 1.10088e+09 6002113
1.611585e-06 1.101288e+09 6002113 1.092877e+09 6002113
8.587592e-07 1.124825e+09 6003113 1.094448e+09 6003113
1.581855e-06 1.097954e+09 6003113 1.121468e+09 6003113
1.563346e-06 1.109861e+09 6003113 1.101237e+09 6003113
1.348211e-06 1.135694e+09 6003113 1.109087e+09 6003113
7.525104e-07 1.106239e+09 6003113 1.115769e+09 6003113
1.260008e-06 1.100178e+09 6002113 1.068815e+09 6002113
1.524634e-06 1.111929e+09 6003113 1.100418e+09 6003113
4.382872e-07 1.100865e+09 6003113 1.117846e+09 6003113
7.408811e-07 1.03595e+09 6002113 1.099823e+09 6002113
1.816128e-06 1.114896e+09 6003113 1.10579e+09 6003113
1.462943e-06 1.118511e+09 6003113 1.108682e+09 6003113
1.579647e-06 1.097345e+09 6003113 1.101515e+09 6003113
1.981681e-06 1.100366e+09 6002113 1.096206e+09 6002113
1.385436e-06 1.032505e+09 6002113 1.095773e+09 6002113
4.517176e-07 1.104114e+09 6002113 1.098426e+09 6002113
1.094923e-06 1.106552e+09 6003113 1.108972e+09 6003113
2.253875e-06 1.100182e+09 6003113 1.104907e+09 6003113
1.779995e-07 1.099999e+09 6002113 1.067366e+09 6002113
1.944962e-06 1.10461e+09 6002113 1.071347e+09 6002113
5.345378e-07 1.115984e+09 6003113 1.100716e+09 6003113
6.254737e-07 1.079329e+09 6003113 1.106845e+09 6003113
6.399919e-07 1.102621e+09 6003113 1.103808e+09 6003113
1.524634e-06 1.107946e+09 6003113 1.108786e+09 6003113
1.322755e-07 1.095205e+09 6003113 1.099698e+09 6003113
1.094923e-06 1.116696e+09 6003113 1.110064e+09 6003113
1.357515e-06 1.068633e+09 6002113 1.101338e+09 6002113
1.535709e-06 1.060277e+09 6002113 1.101599e+09 6002113
1.627875e-06 1.104078e+09 6003113 1.11759e+09 6003113
1.627875e-06 1.096572e+09 6002113 1.102119e+09 6002113
1.149522e-06 1.130543e+09 6003113 1.106879e+09 6003113
1.365444e-06 1.085497e+09 6003113 1.101721e+09 6003113
2.366678e-06 1.089549e+09 6002113 1.09186e+09 6002113
1.385436e-06 1.102811e+09 6002113 1.100631e+09 6002113
1.602616e-06 1.104748e+09 6003113 1.099258e+09 6003113
9.232652e-07 1.10196e+09 6002113 1.113674e+09 6002113
6.399919e-07 1.073826e+09 6002113 1.093593e+09 6002113
1.327093e-06 1.108571e+09 6003113 1.098644e+09 6003113
1.034701e-06 1.052712e+09 6002113 1.109405e+09 6002113
1.575391e-06 1.099961e+09 6002113 1.103465e+09 6002113
1.386755e-06 1.129623e+09 6003113 1.10639e+09 6003113
1.030032e-07 1.096149e+09 6002113 1.074124e+09 6002113
2.253875e-06 1.113378e+09 6003113 1.092496e+09 6003113
1.432159e-06 1.100292e+09 6002113 1.071312e+09 6002113
1.612155e-06 1.093207e+09 6002113 1.08527e+09 6002113
1.387142e-06 1.094912e+09 6002113 1.079045e+09 6002113
2.198135e-06 1.101766e+09 6003113 1.107871e+09 6003113
1.602313e-06 1.091815e+09 6003113 1.111606e+09 6003113
4.382872e-07 1.119067e+09 6003113 1.10747e+09 6003113
6.892089e-07 1.104182e+09 6002113 1.075566e+09 6002113
1.327863e-06 1.101269e+09 6002113 1.082909e+09 6002113
1.034701e-06 1.103023e+09 6003113 1.116207e+09 6003113
1.380257e-06 1.104342e+09 6003113 1.096828e+09 6003113
2.518176e-09 1.053706e+09 6002113 1.101434e+09 6002113
1.583381e-06 1.092182e+09 6003113 1.10221e+09 6003113
1.530386e-06 1.111826e+09 6003113 1.109278e+09 6003113
1.524793e-06 1.101094e+09 6003113 1.095599e+09 6003113
1.515228e-06 1.077443e+09 6002113 1.10214e+09 6002113
1.000469e-06 1.092333e+09 6002113 1.103336e+09 6002113
1.456308e-06 1.089565e+09 6002113 1.098918e+09 6002113
1.914786e-06 1.107452e+09 6003113 1.117295e+09 6003113
2.134825e-06 1.084016e+09 6002113 1.091843e+09 6002113
1.348211e-06 1.046213e+09 6002113 1.09241e+09 6002113
1.660107e-06 1.088076e+09 6002113 1.09843e+09 6002113
1.585324e-07 1.121298e+09 6003113 1.108746e+09 6003113
1.559761e-06 1.095139e+09 6002113 1.096442e+09 6002113
1.944962e-06 1.092647e+09 6002113 1.092818e+09 6002113
1.388864e-06 1.094272e+09 6002113 1.097413e+09 6002113
2.198135e-06 1.09943e+09 6002113 1.085395e+09 6002113
1.203521e-06 1.080244e+09 6002113 1.10197e+09 6002113
5.488733e-07 1.092483e+09 6002113 1.096534e+09 6002113
1.040988e-06 1.127039e+09 6003113 1.10477e+09 6003113
1.459566e-06 1.124153e+09 6003113 1.102666e+09 6003113
1.462023e-06 1.100013e+09 6003113 1.100798e+09 6003113
1.575391e-06 1.089441e+09 6002113 1.100998e+09 6002113
6.145093e-07 1.115032e+09 6003113 1.103229e+09 6003113
4.918489e-07 1.105697e+09 6003113 1.093036e+09 6003113
3.905015e-08 1.078022e+09 6002113 1.094793e+09 6002113
1.447565e-06 1.093207e+09 6002113 1.089809e+09 6002113
1.914786e-06 1.07913e+09 6003113 1.107928e+09 6003113
1.599353e-06 1.100251e+09 6002113 1.079126e+09 6002113
1.524793e-06 1.099613e+09 6002113 1.084013e+09 6002113
1.413014e-06 1.110103e+09 6003113 1.055986e+09 6003113
1.627875e-06 1.116676e+09 6003113 1.096457e+09 6003113
1.462023e-06 1.10423e+09 6002113 1.060246e+09 6002113
1.529421e-06 1.117299e+09 6003113 1.091109e+09 6003113
1.815183e-06 1.100078e+09 6002113 1.092099e+09 6002113
1.62339e-06 1.10074e+09 6003113 1.126077e+09 6003113
1.338428e-06 1.096807e+09 6003113 1.117808e+09 6003113
1.570452e-06 1.084096e+09 6003113 1.099954e+09 6003113
1.570452e-06 1.084096e+09 6003113 1.099954e+09 6003113
1.611585e-06 1.101312e+09 6002113 1.100538e+09 6002113
1.344581e-06 1.100513e+09 6002113 1.04577e+09 6002113
1.627875e-06 1.081593e+09 6002113 1.100834e+09 6002113
1.575391e-06 1.112742e+09 6003113 1.105141e+09 6003113
1.447565e-06 1.106261e+09 6002113 1.093737e+09 6002113
8.587592e-07 1.105949e+09 6003113 1.096893e+09 6003113
1.587343e-06 1.093888e+09 6002113 1.086915e+09 6002113
1.583381e-06 1.093913e+09 6002113 1.089562e+09 6002113
2.031656e-06 1.100529e+09 6003113 1.109956e+09 6003113
1.518512e-06 1.09593e+09 6002113 1.092368e+09 6002113
1.612155e-06 1.090093e+09 6002113 1.105268e+09 6002113
1.385436e-06 1.09979e+09 6003113 1.093026e+09 6003113
2.198135e-06 1.096138e+09 6002113 1.027898e+09 6002113
1.557296e-06 1.097497e+09 6003113 1.114661e+09 6003113
5.798514e-07 1.100419e+09 6003113 1.129761e+09 6003113
1.592546e-06 1.094426e+09 6002113 1.086727e+09 6002113
1.348211e-06 1.078587e+09 6002113 1.103705e+09 6002113
1.357515e-06 1.097307e+09 6003113 1.10889e+09 6003113
5.978616e-08 1.09422e+09 6002113 1.065827e+09 6002113
1.365444e-06 1.128041e+09 6003113 1.105522e+09 6003113
1.380257e-06 1.107603e+09 6003113 1.115623e+09 6003113
1.100995e-06 1.107393e+09 6003113 1.11403e+09 6003113
1.408993e-07 1.083055e+09 6002113 1.104633e+09 6002113
4.140703e-07 1.091566e+09 6002113 1.103887e+09 6002113
1.455128e-06 1.036486e+09 6002113 1.099044e+09 6002113
1.614148e-06 1.101663e+09 6003113 1.124571e+09 6003113
4.517176e-07 1.100722e+09 6003113 1.113635e+09 6003113
1.432159e-06 1.119349e+09 6003113 1.105476e+09 6003113
1.530386e-06 1.094315e+09 6002113 1.046375e+09 6002113
1.348211e-06 1.087157e+09 6002113 1.093215e+09 6002113
9.062583e-08 1.096342e+09 6003113 1.115738e+09 6003113
1.599353e-06 1.09962e+09 6003113 1.109989e+09 6003113
1.459566e-06 1.110815e+09 6003113 1.100038e+09 6003113
1.040988e-06 1.117743e+09 6003113 1.119777e+09 6003113
1.463586e-06 1.088751e+09 6002113 1.093582e+09 6002113
1.566122e-06 1.107929e+09 6002113 1.071577e+09 6002113
1.20461e-06 1.095975e+09 6003113 1.09046e+09 6003113
1.144565e-06 1.105247e+09 6002113 1.104645e+09 6002113
1.386755e-06 1.099206e+09 6002113 1.086584e+09 6002113
1.602313e-06 1.087662e+09 6002113 1.099471e+09 6002113
1.529421e-06 1.105426e+09 6003113 1.10239e+09 6003113
1.529421e-06 1.122222e+09 6003113 1.101897e+09 6003113
1.357515e-06 1.054268e+09 6002113 1.104253e+09 6002113
1.559761e-06 1.092469e+09 6003113 1.09382e+09 6003113
1.333879e-06 1.077765e+09 6002113 1.103753e+09 6002113
7.205922e-09 1.091793e+09 6002113 1.093245e+09 6002113
1.000469e-06 1.130349e+09 6003113 1.108377e+09 6003113
1.456308e-06 1.110916e+09 6003113 1.107784e+09 6003113
1.20461e-06 1.069554e+09 6003113 1.105288e+09 6003113
1.557296e-06 1.117782e+09 6003113 1.103082e+09 6003113
1.327093e-06 1.099833e+09 6002113 1.077031e+09 6002113
1.463586e-06 1.09609e+09 6003113 1.100157e+09 6003113
1.462023e-06 1.067227e+09 6002113 1.087008e+09 6002113
1.914786e-06 1.094806e+09 6002113 1.094702e+09 6002113
4.140703e-07 1.10841e+09 6003113 1.099195e+09 6003113
4.140703e-07 1.105226e+09 6003113 1.099479e+09 6003113
1.579647e-06 1.108548e+09 6002113 1.080302e+09 6002113
1.380257e-06 1.109946e+09 6003113 1.10302e+09 6003113
1.385436e-06 1.099624e+09 6003113 1.106453e+09 6003113
1.459566e-06 1.103043e+09 6003113 1.123072e+09 6003113
1.030032e-07 1.105506e+09 6002113 1.093714e+09 6002113
1.327863e-06 1.104184e+09 6003113 1.109433e+09 6003113
1.344581e-06 1.106649e+09 6003113 1.100275e+09 6003113
5.488733e-07 1.062441e+09 6002113 1.095047e+09 6002113
1.581855e-06 1.105612e+09 6003113 1.141125e+09 6003113
1.566122e-06 1.113338e+09 6003113 1.100736e+09 6003113
1.357515e-06 1.118563e+09 6003113 1.097252e+09 6003113
1.582763e-06 1.109818e+09 6003113 1.107809e+09 6003113
6.446548e-08 1.075714e+09 6002113 1.101477e+09 6002113
2.307317e-08 1.107309e+09 6003113 1.126009e+09 6003113
1.254257e-06 1.116203e+09 6003113 1.114406e+09 6003113
1.682035e-06 1.097342e+09 6003113 1.12059e+09 6003113
