1.123679e-06 1.108545e+09 6002113 1.114959e+09 6002113
1.219538e-06 1.074687e+09 6001113 1.072576e+09 6001113
1.54395e-06 1.078409e+09 6001113 1.079917e+09 6001113
1.332667e-06 1.082924e+09 6001113 1.082421e+09 6001113
1.620647e-06 1.075806e+09 6001114 1.100859e+09 6001113
1.304977e-06 1.084703e+09 6001114 1.063804e+09 6001113
1.318843e-06 1.065017e+09 6001113 1.073441e+09 6001113
1.318087e-06 1.094457e+09 6002113 1.126626e+09 6002113
3.334668e-07 1.060564e+09 6001113 1.075663e+09 6001113
1.157277e-06 1.091939e+09 6002113 1.088367e+09 6002113
1.292758e-06 1.094548e+09 6002113 1.110828e+09 6002113
7.155643e-07 1.084564e+09 6001113 1.091832e+09 6001113
1.120377e-06 1.102815e+09 6002114 1.101469e+09 6002113
1.296006e-06 1.07413e+09 6001113 1.088035e+09 6001113
1.265306e-06 1.112494e+09 6002114 1.100749e+09 6002113
1.32266e-06 1.058262e+09 6001114 1.086643e+09 6001113
1.137761e-06 1.114849e+09 6002113 1.0576e+09 6002113
1.306315e-06 1.055624e+09 6001113 1.040768e+09 6001113
3.334668e-07 1.076373e+09 6001114 1.049989e+09 6001113
1.155519e-06 1.061118e+09 6001113 1.066993e+09 6001113
9.102017e-07 1.074089e+09 6001114 1.062139e+09 6001113
1.867885e-06 1.073237e+09 6001114 1.049196e+09 6001113
1.299677e-06 1.089107e+09 6001113 1.054921e+09 6001113
4.573508e-07 1.097716e+09 6002114 1.08383e+09 6002113
1.778851e-06 1.085622e+09 6001113 1.084093e+09 6001113
1.105805e-06 1.083088e+09 6001113 1.068929e+09 6001113
1.157277e-06 1.067572e+09 6001113 1.077257e+09 6001113
1.259936e-06 1.07422e+09 6001113 1.075657e+09 6001113
1.146371e-06 1.098566e+09 6002113 1.11175e+09 6002113
2.403622e-07 1.105317e+09 6002113 1.058551e+09 6002113
1.131155e-06 1.110617e+09 6002113 1.096378e+09 6002113
1.15442e-06 1.094787e+09 6001114 1.088756e+09 6001113
1.262569e-06 1.076339e+09 6001113 1.061798e+09 6001113
1.045114e-06 1.083187e+09 6001114 1.088541e+09 6001113
1.332667e-06 1.103837e+09 6001114 1.066155e+09 6001113
1.363147e-06 1.115273e+09 6002113 1.098282e+09 6002113
1.318843e-06 1.089328e+09 6001114 1.084363e+09 6001113
1.212491e-06 1.085575e+09 6001113 1.086947e+09 6001113
1.157277e-06 1.087786e+09 6001113 1.049146e+09 6001113
1.342859e-06 1.091752e+09 6001113 1.087978e+09 6001113
1.335133e-06 1.076883e+09 6001113 1.07403e+09 6001113
1.152589e-06 1.081775e+09 6001113 1.051612e+09 6001113
1.12894e-06 1.143678e+09 6003113 1.105929e+09 6003113
1.177399e-06 1.070747e+09 6001113 1.093504e+09 6001113
1.216189e-06 1.103736e+09 6003113 1.133876e+09 6003113
1.299677e-06 1.096955e+09 6001114 1.075554e+09 6001113
1.651243e-06 1.050182e+09 6001113 1.100666e+09 6001113
1.326995e-06 1.058491e+09 6001113 1.071985e+09 6001113
1.332667e-06 1.087232e+09 6001113 1.095414e+09 6001113
8.169266e-07 1.087616e+09 6001113 1.100348e+09 6001113
1.228486e-06 1.10556e+09 6002114 1.091768e+09 6002113
1.335133e-06 1.045904e+09 6001113 1.062415e+09 6001113
1.049907e-06 1.084636e+09 6001113 1.080408e+09 6001113
1.38329e-06 1.039765e+09 6001113 1.075338e+09 6001113
1.212491e-06 1.078322e+09 6002113 1.110734e+09 6002113
5.853884e-07 1.076812e+09 6002114 1.106066e+09 6002113
5.853884e-07 1.082296e+09 6001113 1.095427e+09 6001113
1.219538e-06 1.087206e+09 6001113 1.067881e+09 6001113
1.279636e-06 1.103457e+09 6002113 1.098574e+09 6002113
1.192285e-06 1.037174e+09 6001114 1.092313e+09 6001113
3.038833e-07 1.068085e+09 6001113 1.082908e+09 6001113
1.11146e-06 1.105183e+09 6002113 1.104854e+09 6002113
1.213474e-06 1.073552e+09 6001113 1.081257e+09 6001113
1.332667e-06 1.081116e+09 6001113 1.082572e+09 6001113
1.219003e-06 1.089469e+09 6001113 1.073897e+09 6001113
1.045114e-06 1.073569e+09 6001113 1.086269e+09 6001113
1.335386e-06 1.069474e+09 6001114 1.089124e+09 6001113
1.106447e-06 1.108943e+09 6002113 1.0877e+09 6002113
1.265306e-06 1.120042e+09 6002114 1.087285e+09 6002113
1.718919e-06 1.054384e+09 6001113 1.070935e+09 6001113
1.12894e-06 1.062984e+09 6001114 1.063831e+09 6001113
1.002838e-06 1.08479e+09 6001113 1.066785e+09 6001113
1.265306e-06 1.084272e+09 6002113 1.124568e+09 6002113
1.3127e-06 1.038808e+09 6001114 1.094769e+09 6001113
1.193352e-06 1.059925e+09 6001113 1.09257e+09 6001113
1.212491e-06 1.059352e+09 6001113 1.019495e+09 6001113
1.332667e-06 1.096356e+09 6002113 1.08658e+09 6002113
1.219003e-06 1.083543e+09 6003113 1.131899e+09 6003113
1.120377e-06 1.10016e+09 6001113 1.083505e+09 6001113
1.56974e-06 1.077307e+09 6001113 1.068059e+09 6001113
1.003746e-06 1.078529e+09 6001114 1.051413e+09 6001113
6.17342e-07 1.067763e+09 6001113 1.09385e+09 6001113
1.332667e-06 1.083946e+09 6002113 1.113333e+09 6002113
1.319358e-06 1.109079e+09 6002113 1.088445e+09 6002113
1.15442e-06 1.066764e+09 6001113 1.065574e+09 6001113
1.161692e-06 1.096354e+09 6002113 1.065717e+09 6002113
1.56974e-06 1.08877e+09 6002113 1.098616e+09 6002113
1.123402e-06 1.086361e+09 6002113 1.091526e+09 6002113
1.363147e-06 1.077871e+09 6001113 1.083295e+09 6001113
1.177399e-06 1.097718e+09 6001113 1.036404e+09 6001113
1.123679e-06 1.067254e+09 6001113 1.057012e+09 6001113
3.763954e-07 1.08937e+09 6001114 1.090654e+09 6001113
1.858024e-07 1.067426e+09 6001113 1.058995e+09 6001113
1.274396e-06 1.066449e+09 6001113 1.087523e+09 6001113
1.123679e-06 1.053983e+09 6001113 1.084954e+09 6001113
1.304977e-06 1.088355e+09 6002114 1.078867e+09 6002113
4.943035e-07 1.066618e+09 6001114 1.089545e+09 6001113
1.242139e-06 1.085262e+09 6001113 1.082755e+09 6001113
1.210183e-06 1.095751e+09 6001113 1.089096e+09 6001113
1.279636e-06 1.070459e+09 6001114 1.074884e+09 6001113
3.763954e-07 1.110221e+09 6002114 1.084522e+09 6002113
1.483187e-07 1.104983e+09 6002113 1.069381e+09 6002113
1.155842e-06 1.101032e+09 6001113 1.097931e+09 6001113
8.582777e-08 1.079698e+09 6002113 1.11139e+09 6002113
1.123402e-06 1.069419e+09 6001114 1.076622e+09 6001113
1.003746e-06 1.085846e+09 6001113 1.076094e+09 6001113
1.27054e-06 1.075448e+09 6001113 1.072181e+09 6001113
1.192285e-06 1.07394e+09 6001113 1.051417e+09 6001113
4.454057e-07 1.075761e+09 6001113 1.082793e+09 6001113
1.318087e-06 1.067266e+09 6001113 1.091975e+09 6001113
1.326995e-06 1.078118e+09 6001114 1.102935e+09 6001113
1.318087e-06 1.106022e+09 6002113 1.107112e+09 6002113
1.150104e-06 1.068953e+09 6002113 1.110629e+09 6002113
1.972043e-06 1.09135e+09 6001113 1.088839e+09 6001113
3.450257e-07 1.070455e+09 6002114 1.102081e+09 6002113
1.54263e-06 1.077352e+09 6001114 1.08362e+09 6001113
1.105805e-06 1.093413e+09 6002113 1.101829e+09 6002113
1.755241e-06 1.084825e+09 6001113 1.060799e+09 6001113
1.343334e-06 1.07573e+09 6001113 1.04834e+09 6001113
1.279636e-06 1.091421e+09 6001113 1.090194e+09 6001113
1.216189e-06 1.090686e+09 6001113 1.070787e+09 6001113
1.38329e-06 1.061487e+09 6001113 1.076748e+09 6001113
1.319358e-06 1.096205e+09 6001113 1.086247e+09 6001113
1.344995e-06 1.07862e+09 6001113 1.089492e+09 6001113
1.326995e-06 1.086904e+09 6002113 1.10747e+09 6002113
1.1199e-06 1.121042e+09 6002114 1.059723e+09 6002113
1.335386e-06 1.098131e+09 6001113 1.072244e+09 6001113
1.177399e-06 1.0494e+09 6001114 1.074932e+09 6001113
8.674074e-07 1.104131e+09 6002113 1.095915e+09 6002113
1.323332e-06 1.091786e+09 6001114 1.082661e+09 6001113
1.11146e-06 1.090756e+09 6001113 1.052411e+09 6001113
1.304467e-08 1.099705e+09 6002113 1.088685e+09 6002113
1.2752e-06 1.072686e+09 6001114 1.065845e+09 6001113
1.56974e-06 1.081968e+09 6001113 1.070303e+09 6001113
1.245255e-07 1.083512e+09 6001114 1.081452e+09 6001113
1.15442e-06 1.083019e+09 6001113 1.095207e+09 6001113
1.045114e-06 1.078062e+09 6001113 1.083734e+09 6001113
1.344995e-06 1.082258e+09 6001114 1.086275e+09 6001113
1.297623e-06 1.055234e+09 6002113 1.096203e+09 6002113
3.652044e-07 1.085967e+09 6001113 1.09554e+09 6001113
1.651243e-06 1.082486e+09 6001113 1.086154e+09 6001113
1.595503e-06 1.071169e+09 6001114 1.082689e+09 6001113
1.161692e-06 1.10699e+09 6002114 1.086363e+09 6002113
1.002838e-06 1.07024e+09 6001114 1.079571e+09 6001113
1.12894e-06 1.093165e+09 6001113 1.056506e+09 6001113
1.152589e-06 1.137012e+09 6003114 1.099939e+09 6003113
7.155643e-07 1.091294e+09 6001113 1.081478e+09 6001113
4.831634e-07 1.084389e+09 6001113 1.080102e+09 6001113
1.595503e-06 1.079109e+09 6001114 1.037334e+09 6001113
1.12894e-06 1.032593e+09 6001114 1.024848e+09 6001113
1.1702e-06 1.07866e+09 6001114 1.058001e+09 6001113
1.023691e-06 1.080029e+09 6001114 1.088199e+09 6001113
1.335386e-06 1.090741e+09 6001113 1.086288e+09 6001113
1.1199e-06 1.102796e+09 6001113 1.082537e+09 6001113
1.344995e-06 1.065598e+09 6001114 1.081299e+09 6001113
1.595503e-06 1.098779e+09 6002113 1.110912e+09 6002113
1.343334e-06 1.091785e+09 6001113 1.077177e+09 6001113
1.206189e-06 1.075693e+09 6001114 1.055886e+09 6001113
1.343334e-06 1.11376e+09 6002114 1.072777e+09 6002113
1.131155e-06 1.087538e+09 6001113 1.076059e+09 6001113
1.483187e-07 1.08257e+09 6001113 1.098682e+09 6001113
1.15442e-06 1.089946e+09 6001113 1.093495e+09 6001113
1.219003e-06 1.103176e+09 6002113 1.050271e+09 6002113
2.508338e-07 1.071711e+09 6001114 1.048827e+09 6001113
1.206189e-06 1.088374e+09 6001114 1.092042e+09 6001113
1.483187e-07 1.070021e+09 6001113 1.074915e+09 6001113
1.106447e-06 1.111945e+09 6002114 1.064418e+09 6002113
1.297623e-06 1.083217e+09 6001113 1.083336e+09 6001113
4.573508e-07 1.088272e+09 6001113 1.076603e+09 6001113
1.11525e-06 1.044632e+09 6001113 1.076659e+09 6001113
8.674074e-07 1.074563e+09 6001114 1.090874e+09 6001113
1.152589e-06 1.049105e+09 6001113 1.074941e+09 6001113
1.326995e-06 1.078817e+09 6001113 1.084092e+09 6001113
1.105805e-06 1.10643e+09 6002114 1.096852e+09 6002113
1.155519e-06 1.077023e+09 6001113 1.074159e+09 6001113
1.270407e-06 1.057291e+09 6001113 1.067263e+09 6001113
1.137517e-06 1.047609e+09 6002113 1.119044e+09 6002113
4.943035e-07 1.099566e+09 6002113 1.122152e+09 6002113
1.620647e-06 1.07686e+09 6002113 1.092416e+09 6002113
1.265306e-06 1.0751e+09 6001113 1.083341e+09 6001113
1.146371e-06 1.0797e+09 6001113 1.071217e+09 6001113
5.853884e-07 1.093654e+09 6001113 1.074168e+09 6001113
4.683148e-08 1.081916e+09 6002113 1.1139e+09 6002113
1.483187e-07 1.110088e+09 6002114 1.088082e+09 6002113
1.54263e-06 1.053071e+09 6001113 1.08243e+09 6001113
1.123402e-06 1.076029e+09 6001113 1.080202e+09 6001113
5.853884e-07 1.074872e+09 6001114 1.08635e+09 6001113
1.319358e-06 1.072985e+09 6001113 1.082925e+09 6001113
9.578434e-07 1.124845e+09 6002114 1.065389e+09 6002113
1.120377e-06 1.093016e+09 6001113 1.036972e+09 6001113
1.150104e-06 1.080263e+09 6001113 1.090054e+09 6001113
1.123402e-06 1.108336e+09 6002113 1.068666e+09 6002113
3.334668e-07 1.074013e+09 6001113 1.096075e+09 6001113
1.270407e-06 1.082841e+09 6002113 1.117696e+09 6002113
1.296006e-06 1.043374e+09 6001113 1.059187e+09 6001113
1.344995e-06 1.094741e+09 6001114 1.066777e+09 6001113
1.123402e-06 1.119018e+09 6002113 1.092459e+09 6002113
1.595503e-06 1.12076e+09 6002114 1.084636e+09 6002113
1.137761e-06 1.065692e+09 6001113 1.063966e+09 6001113
2.403622e-07 1.081025e+09 6001113 1.103904e+09 6001113
1.342859e-06 1.155634e+09 6003113 1.092422e+09 6003113
9.578434e-07 1.083133e+09 6001114 1.084727e+09 6001113
1.54395e-06 1.076525e+09 6001114 1.079354e+09 6001113
1.318087e-06 1.066706e+09 6001114 1.057499e+09 6001113
1.155842e-06 1.076484e+09 6001114 1.055196e+09 6001113
1.352696e-06 1.0762e+09 6001113 1.081054e+09 6001113
3.038833e-07 1.095887e+09 6001113 1.077035e+09 6001113
1.152589e-06 1.085601e+09 6001113 1.073771e+09 6001113
1.595503e-06 1.101145e+09 6001113 1.066112e+09 6001113
1.105805e-06 1.0825e+09 6001113 1.077584e+09 6001113
6.216344e-07 1.0827e+09 6001113 1.068312e+09 6001113
1.12894e-06 1.085735e+09 6001114 1.07446e+09 6001113
8.151663e-07 1.088281e+09 6001113 1.079131e+09 6001113
1.620647e-06 1.075256e+09 6001113 1.080396e+09 6001113
1.003746e-06 1.096408e+09 6002114 1.093865e+09 6002113
1.270407e-06 1.092379e+09 6001113 1.083998e+09 6001113
1.152589e-06 1.081358e+09 6002113 1.108018e+09 6002113
1.105805e-06 1.090247e+09 6002113 1.083256e+09 6002113
1.279636e-06 1.075423e+09 6001113 1.075254e+09 6001113
1.161692e-06 1.097735e+09 6001113 1.088379e+09 6001113
1.155519e-06 1.091988e+09 6001113 1.079794e+09 6001113
1.344995e-06 1.07675e+09 6001113 1.057373e+09 6001113
1.344995e-06 1.11884e+09 6002113 1.09165e+09 6002113
1.279636e-06 1.07504e+09 6001113 1.093261e+09 6001113
5.120422e-07 1.072189e+09 6001113 1.044071e+09 6001113
4.831634e-07 1.089984e+09 6001113 1.084758e+09 6001113
1.161692e-06 1.090988e+09 6001114 1.062787e+09 6001113
3.450257e-07 1.103974e+09 6001113 1.083139e+09 6001113
6.704381e-07 1.079426e+09 6001113 1.017385e+09 6001113
1.219003e-06 1.100458e+09 6001113 1.057963e+09 6001113
1.595503e-06 1.085143e+09 6001113 1.027238e+09 6001113
1.123402e-06 1.090947e+09 6001114 1.070214e+09 6001113
1.242139e-06 1.065617e+09 6001113 1.066714e+09 6001113
1.292758e-06 1.07594e+09 6001114 1.07459e+09 6001113
1.343334e-06 1.13214e+09 6003113 1.04603e+09 6003113
1.306315e-06 1.097241e+09 6001113 1.047492e+09 6001113
1.344995e-06 1.098826e+09 6002113 1.12155e+09 6002113
1.2752e-06 1.035514e+09 6001113 1.056814e+09 6001113
1.045114e-06 1.096035e+09 6001114 1.0795e+09 6001113
1.150104e-06 1.062172e+09 6001113 1.050921e+09 6001113
8.151663e-07 1.085789e+09 6001113 1.084262e+09 6001113
9.102017e-07 1.048844e+09 6001113 1.075681e+09 6001113
1.831604e-06 1.129534e+09 6003114 1.03846e+09 6003113
1.242139e-06 1.066327e+09 6001114 1.05259e+09 6001113
1.332667e-06 1.086801e+09 6001114 1.05922e+09 6001113
1.155842e-06 1.07716e+09 6002113 1.11048e+09 6002113
1.318843e-06 1.086398e+09 6001114 1.043179e+09 6001113
1.324443e-09 1.094999e+09 6002114 1.101205e+09 6002113
1.2752e-06 1.061188e+09 6001114 1.069257e+09 6001113
8.621686e-07 1.069942e+09 6001113 1.087534e+09 6001113
1.137761e-06 1.074656e+09 6001114 1.079337e+09 6001113
1.2752e-06 1.129743e+09 6002113 1.044216e+09 6002113
1.32266e-06 1.083355e+09 6002113 1.118401e+09 6002113
1.206189e-06 1.072774e+09 6001114 1.091745e+09 6001113
1.326995e-06 1.080458e+09 6001114 1.08618e+09 6001113
1.867885e-06 1.082575e+09 6001114 1.078952e+09 6001113
1.106447e-06 1.094821e+09 6001114 1.075557e+09 6001113
1.302664e-06 1.09318e+09 6001113 1.076945e+09 6001113
1.123402e-06 1.10533e+09 6002113 1.095501e+09 6002113
1.155519e-06 1.075648e+09 6001113 1.090601e+09 6001113
1.38329e-06 1.088436e+09 6001114 1.084306e+09 6001113
1.219538e-06 1.086285e+09 6001113 1.070723e+09 6001113
1.279636e-06 1.082185e+09 6001113 1.065266e+09 6001113
3.742069e-09 1.077733e+09 6001114 1.046974e+09 6001113
1.193352e-06 1.129686e+09 6002114 1.085496e+09 6002113
9.174079e-07 1.089425e+09 6001113 1.091003e+09 6001113
1.87805e-06 1.095089e+09 6001113 1.09499e+09 6001113
1.137761e-06 1.075921e+09 6001114 1.075153e+09 6001113
1.216189e-06 1.073988e+09 6001113 1.059641e+09 6001113
1.32266e-06 1.07719e+09 6001113 1.060185e+09 6001113
1.56974e-06 1.095988e+09 6001114 1.086355e+09 6001113
4.831634e-07 1.064151e+09 6001114 1.059594e+09 6001113
1.620647e-06 1.085697e+09 6001113 1.082998e+09 6001113
3.763954e-07 1.066045e+09 6001113 1.064066e+09 6001113
1.323332e-06 1.090849e+09 6001113 1.076989e+09 6001113
1.292758e-06 1.10415e+09 6001114 1.096668e+09 6001113
1.363147e-06 1.077356e+09 6001114 1.060105e+09 6001113
7.488365e-07 1.065391e+09 6001113 1.083255e+09 6001113
1.216189e-06 1.066991e+09 6001113 1.086011e+09 6001113
1.304977e-06 1.117664e+09 6002113 1.074296e+09 6002113
1.155519e-06 1.072867e+09 6001114 1.088533e+09 6001113
1.270407e-06 1.083963e+09 6001113 1.051799e+09 6001113
1.155519e-06 1.089549e+09 6001113 1.086719e+09 6001113
1.002838e-06 1.099078e+09 6002113 1.107657e+09 6002113
9.102017e-07 1.082927e+09 6001113 1.08335e+09 6001113
1.343334e-06 1.132611e+09 6003113 1.108225e+09 6003113
1.265306e-06 1.08176e+09 6001114 1.056325e+09 6001113
9.102017e-07 1.086828e+09 6001114 1.084383e+09 6001113
9.102017e-07 1.070446e+09 6001113 1.076481e+09 6001113
1.123679e-06 1.100985e+09 6002113 1.095501e+09 6002113
1.152589e-06 1.086093e+09 6001113 1.0762e+09 6001113
1.344995e-06 1.100815e+09 6002114 1.102758e+09 6002113
1.270407e-06 1.074279e+09 6001113 1.078294e+09 6001113
1.2752e-06 1.057393e+09 6001113 1.069756e+09 6001113
1.152589e-06 1.079976e+09 6002113 1.120366e+09 6002113
1.115925e-06 1.067041e+09 6001114 1.059267e+09 6001113
1.262569e-06 1.141545e+09 6003114 1.093094e+09 6003113
7.551432e-08 1.083972e+09 6001113 1.081465e+09 6001113
1.3127e-06 1.084516e+09 6002113 1.088282e+09 6002113
1.352696e-06 1.137184e+09 6003114 1.061694e+09 6003113
1.3127e-06 1.041915e+09 6001114 1.060951e+09 6001113
4.683148e-08 1.059021e+09 6001114 1.077454e+09 6001113
1.308585e-06 1.069806e+09 6001113 1.083479e+09 6001113
1.304977e-06 1.094152e+09 6001113 1.066974e+09 6001113
1.228486e-06 1.118854e+09 6002114 1.088382e+09 6002113
1.95142e-07 1.084051e+09 6001114 1.100251e+09 6001113
1.245255e-07 1.082786e+09 6001113 1.098585e+09 6001113
1.11146e-06 1.069911e+09 6001114 1.097569e+09 6001113
1.27054e-06 1.09427e+09 6001114 1.045015e+09 6001113
9.123486e-07 1.063623e+09 6001113 1.088938e+09 6001113
1.318843e-06 1.09899e+09 6001114 1.056597e+09 6001113
1.318087e-06 1.091129e+09 6001113 1.102759e+09 6001113
1.259936e-06 1.042437e+09 6001114 1.083017e+09 6001113
9.102017e-07 1.130419e+09 6002113 1.09804e+09 6002113
1.304977e-06 1.067213e+09 6001113 1.058253e+09 6001113
1.15442e-06 1.080693e+09 6001113 1.081107e+09 6001113
1.259936e-06 1.075393e+09 6001113 1.073527e+09 6001113
7.623555e-07 1.068299e+09 6001113 1.07882e+09 6001113
1.620647e-06 1.080425e+09 6001114 1.071765e+09 6001113
9.102017e-07 1.103543e+09 6002113 1.124183e+09 6002113
1.299677e-06 1.090143e+09 6001113 1.068249e+09 6001113
1.115925e-06 1.092406e+09 6002113 1.079984e+09 6002113
1.335133e-06 1.077108e+09 6001113 1.062839e+09 6001113
1.157277e-06 1.03865e+09 6001113 1.103458e+09 6001113
3.389919e-07 1.073566e+09 6001113 1.091671e+09 6001113
1.11525e-06 1.051351e+09 6001114 1.039179e+09 6001113
1.344995e-06 1.088958e+09 6001113 1.093915e+09 6001113
1.206189e-06 1.104442e+09 6002113 1.113796e+09 6002113
5.853884e-07 1.091481e+09 6002113 1.104079e+09 6002113
6.17342e-07 1.128303e+09 6002114 1.07832e+09 6002113
1.304977e-06 1.064606e+09 6001113 1.092592e+09 6001113
1.595503e-06 1.080796e+09 6001113 1.094468e+09 6001113
1.177399e-06 1.074114e+09 6001113 1.081148e+09 6001113
1.219538e-06 1.055001e+09 6001114 1.073645e+09 6001113
1.661814e-07 1.03504e+09 6001113 1.069096e+09 6001113
1.106447e-06 1.078436e+09 6001114 1.059746e+09 6001113
7.155643e-07 1.073858e+09 6001114 1.078844e+09 6001113
1.105805e-06 1.088602e+09 6001114 1.065719e+09 6001113
1.131155e-06 1.072099e+09 6001114 1.05713e+09 6001113
1.262569e-06 1.083276e+09 6001114 1.076022e+09 6001113
8.674074e-07 1.085533e+09 6002113 1.111496e+09 6002113
1.867885e-06 1.103704e+09 6001113 1.091597e+09 6001113
3.763954e-07 1.040019e+09 6001113 1.091775e+09 6001113
1.344995e-06 1.086949e+09 6001114 1.078985e+09 6001113
1.304977e-06 1.082676e+09 6001113 1.083655e+09 6001113
1.262569e-06 1.085517e+09 6001114 1.081071e+09 6001113
1.319358e-06 1.086292e+09 6001113 1.074664e+09 6001113
8.151663e-07 1.090431e+09 6001113 1.075218e+09 6001113
1.11146e-06 1.090777e+09 6001113 1.079441e+09 6001113
1.653117e-08 1.049724e+09 6001114 1.08537e+09 6001113
4.831634e-07 1.079495e+09 6001113 1.082783e+09 6001113
2.168027e-07 1.070055e+09 6001113 1.088726e+09 6001113
1.15442e-06 1.067101e+09 6001113 1.071171e+09 6001113
1.192285e-06 1.060673e+09 6001114 1.085572e+09 6001113
5.74286e-07 1.098352e+09 6002113 1.100712e+09 6002113
1.87805e-06 1.058187e+09 6001113 1.097619e+09 6001113
1.292758e-06 1.073972e+09 6001113 1.091458e+09 6001113
1.1702e-06 1.105276e+09 6002114 1.026935e+09 6002113
1.002838e-06 1.083004e+09 6002113 1.115377e+09 6002113
1.155519e-06 1.077035e+09 6001113 1.057029e+09 6001113
1.319358e-06 1.041502e+09 6001114 1.08277e+09 6001113
1.318843e-06 1.103584e+09 6001113 1.093506e+09 6001113
1.087196e-06 1.074925e+09 6001113 1.057014e+09 6001113
1.106447e-06 1.077017e+09 6001113 1.03107e+09 6001113
1.11525e-06 1.068645e+09 6001113 1.096094e+09 6001113
1.316247e-06 1.092566e+09 6002113 1.116251e+09 6002113
1.27054e-06 1.091852e+09 6001113 1.07819e+09 6001113
1.131155e-06 1.084932e+09 6002113 1.092176e+09 6002113
1.302664e-06 1.073172e+09 6001113 1.082736e+09 6001113
2.168027e-07 1.111847e+09 6002114 1.095121e+09 6002113
1.297623e-06 1.084808e+09 6001113 1.079276e+09 6001113
8.151663e-07 1.126711e+09 6002113 1.094657e+09 6002113
1.595503e-06 1.083441e+09 6002114 1.103123e+09 6002113
1.752751e-07 1.066423e+09 6002114 1.084458e+09 6002113
1.245255e-07 1.075909e+09 6001113 1.062866e+09 6001113
1.308585e-06 1.089848e+09 6001113 1.094514e+09 6001113
1.265306e-06 1.057754e+09 6001114 1.073592e+09 6001113
1.304977e-06 1.088651e+09 6001113 1.09498e+09 6001113
1.105805e-06 1.083192e+09 6001114 1.066511e+09 6001113
1.213474e-06 1.124257e+09 6002114 1.070375e+09 6002113
1.262569e-06 1.113753e+09 6002114 1.083729e+09 6002113
1.192285e-06 1.081704e+09 6001113 1.058766e+09 6001113
1.12894e-06 1.130952e+09 6002113 1.085248e+09 6002113
2.403622e-07 1.128407e+09 6003113 1.061782e+09 6003113
2.590628e-10 1.108146e+09 6002113 1.099516e+09 6002113
1.155842e-06 1.068309e+09 6001113 1.07434e+09 6001113
1.123679e-06 1.116645e+09 6002114 1.10956e+09 6002113
1.513296e-06 1.0775e+09 6001114 1.083909e+09 6001113
6.17342e-07 1.094693e+09 6001114 1.090037e+09 6001113
3.038833e-07 1.074081e+09 6001113 1.085998e+09 6001113
1.161692e-06 1.083678e+09 6001114 1.080981e+09 6001113
1.131155e-06 1.06938e+09 6001113 1.091227e+09 6001113
4.454057e-07 1.08477e+09 6002113 1.090897e+09 6002113
1.219538e-06 1.069051e+09 6001114 1.075148e+09 6001113
1.2752e-06 1.091714e+09 6001114 1.087698e+09 6001113
1.3127e-06 1.07951e+09 6001114 1.08308e+09 6001113
1.319358e-06 1.077477e+09 6001113 1.082867e+09 6001113
2.403622e-07 1.099263e+09 6001113 1.06815e+09 6001113
1.268545e-06 1.144515e+09 6003113 1.094633e+09 6003113
1.363147e-06 1.099212e+09 6002113 1.072231e+09 6002113
1.2752e-06 1.089752e+09 6001113 1.082103e+09 6001113
1.15442e-06 1.093119e+09 6002113 1.11251e+09 6002113
1.174049e-07 1.076437e+09 6001113 1.09913e+09 6001113
1.87805e-06 1.072762e+09 6001113 1.09469e+09 6001113
1.343334e-06 1.086023e+09 6001113 1.087726e+09 6001113
1.105805e-06 1.056293e+09 6001113 1.068133e+09 6001113
