1.038023e-06 1.098906e+09 6002113 1.119732e+09 6002113
1.045868e-06 1.1236e+09 6002113 1.094937e+09 6002113
1.251858e-06 1.128498e+09 6003113 1.146448e+09 6003113
9.772041e-07 1.134985e+09 6003113 1.109263e+09 6003113
1.231696e-06 1.112719e+09 6002113 1.118068e+09 6002113
3.211338e-07 1.089881e+09 6002113 1.112179e+09 6002113
8.491714e-07 1.106943e+09 6002113 1.123633e+09 6002113
1.508422e-06 1.093435e+09 6002113 1.118284e+09 6002113
6.034579e-07 1.122757e+09 6003113 1.111594e+09 6003113
1.072776e-06 1.116291e+09 6002113 1.073291e+09 6002113
1.029232e-06 1.097183e+09 6002113 1.078205e+09 6002113
1.522646e-06 1.092052e+09 6002113 1.100862e+09 6002113
1.212459e-06 1.125349e+09 6002113 1.103568e+09 6002113
1.235105e-06 1.100834e+09 6002113 1.112673e+09 6002113
1.077139e-06 1.101742e+09 6002113 1.075773e+09 6002113
1.034495e-06 1.118258e+09 6002113 1.110717e+09 6002113
1.135089e-06 1.085475e+09 6002113 1.11409e+09 6002113
1.156125e-06 1.123853e+09 6003113 1.115697e+09 6003113
1.231696e-06 1.109675e+09 6002113 1.086184e+09 6002113
1.029232e-06 1.11948e+09 6002113 1.114292e+09 6002113
1.081249e-06 1.124232e+09 6002113 1.120469e+09 6002113
3.895798e-07 1.112713e+09 6002113 1.119512e+09 6002113
3.895798e-07 1.112713e+09 6002113 1.119512e+09 6002113
1.206262e-06 1.1193e+09 6002113 1.094559e+09 6002113
1.227517e-06 1.107876e+09 6002113 1.113189e+09 6002113
1.070463e-06 1.092227e+09 6002113 1.123759e+09 6002113
1.226814e-06 1.119189e+09 6002113 1.088485e+09 6002113
1.259026e-06 1.105827e+09 6002113 1.112667e+09 6002113
1.21797e-06 1.112126e+09 6002113 1.114027e+09 6002113
1.508422e-06 1.107971e+09 6002113 1.11372e+09 6002113
1.546739e-07 1.134414e+09 6003113 1.119948e+09 6003113
1.134591e-06 1.137293e+09 6003113 1.113489e+09 6003113
1.075803e-06 1.116483e+09 6002113 1.103593e+09 6002113
1.231696e-06 1.112325e+09 6002113 1.117604e+09 6002113
1.109723e-06 1.086398e+09 6002113 1.112386e+09 6002113
1.81629e-07 1.098768e+09 6002113 1.108807e+09 6002113
9.727433e-07 1.092869e+09 6002113 1.099551e+09 6002113
1.034495e-06 1.112829e+09 6002113 1.102199e+09 6002113
1.21797e-06 1.105651e+09 6002113 1.119611e+09 6002113
1.522646e-06 1.111233e+09 6002113 1.111164e+09 6002113
1.522646e-06 1.111233e+09 6002113 1.111164e+09 6002113
1.227997e-06 1.101277e+09 6002113 1.078385e+09 6002113
1.029829e-06 1.106036e+09 6003113 1.133031e+09 6003113
1.143417e-06 1.1084e+09 6002113 1.093767e+09 6002113
1.209678e-06 1.118657e+09 6002113 1.126299e+09 6002113
1.186896e-06 1.158021e+09 6003113 1.10746e+09 6003113
1.156125e-06 1.084379e+09 6002113 1.107502e+09 6002113
1.209678e-06 1.123395e+09 6002113 1.125651e+09 6002113
1.038651e-06 1.103567e+09 6002113 1.111428e+09 6002113
1.089167e-06 1.138919e+09 6003113 1.115353e+09 6003113
1.126381e-06 1.112712e+09 6002113 1.098749e+09 6002113
1.075803e-06 1.109459e+09 6002113 1.11261e+09 6002113
1.042351e-06 1.11832e+09 6002113 1.085101e+09 6002113
1.081249e-06 1.117422e+09 6002113 1.117264e+09 6002113
4.765849e-07 1.1076e+09 6002113 1.088723e+09 6002113
7.587186e-07 1.106201e+09 6002113 1.107601e+09 6002113
1.5369e-06 1.123854e+09 6003113 1.11964e+09 6003113
1.225101e-06 1.110351e+09 6002113 1.117762e+09 6002113
1.058747e-06 1.118515e+09 6003113 1.141222e+09 6003113
4.963481e-07 1.122262e+09 6003113 1.123357e+09 6003113
1.029829e-06 1.115739e+09 6002113 1.11428e+09 6002113
1.5369e-06 1.132632e+09 6003113 1.11806e+09 6003113
1.134591e-06 1.105312e+09 6002113 1.112777e+09 6002113
4.600746e-07 1.103105e+09 6002113 1.110127e+09 6002113
5.448522e-07 1.107882e+09 6002113 1.08739e+09 6002113
9.727433e-07 1.116626e+09 6002113 1.067875e+09 6002113
1.207767e-06 1.111563e+09 6002113 1.116234e+09 6002113
1.242915e-06 1.106412e+09 6002113 1.11186e+09 6002113
5.836122e-07 1.10813e+09 6002113 1.119736e+09 6002113
3.503312e-07 1.113148e+09 6002113 1.116608e+09 6002113
1.042351e-06 1.098878e+09 6002113 1.106667e+09 6002113
1.407772e-06 1.105343e+09 6002113 1.108564e+09 6002113
1.038651e-06 1.102818e+09 6002113 1.111636e+09 6002113
1.81629e-07 1.110476e+09 6002113 1.099902e+09 6002113
8.223573e-09 1.130237e+09 6003113 1.11123e+09 6003113
1.045868e-06 1.109282e+09 6003113 1.131685e+09 6003113
7.465274e-08 1.115809e+09 6003113 1.142115e+09 6003113
8.471732e-07 1.120931e+09 6002113 1.111169e+09 6002113
8.471732e-07 1.120931e+09 6002113 1.111169e+09 6002113
1.182559e-06 1.103635e+09 6002113 1.11644e+09 6002113
1.182559e-06 1.103635e+09 6002113 1.11644e+09 6002113
4.600746e-07 1.109979e+09 6002113 1.108418e+09 6002113
1.126381e-06 1.103073e+09 6002113 1.110536e+09 6002113
1.050764e-06 1.11697e+09 6002113 1.100154e+09 6002113
1.182435e-06 1.113471e+09 6002113 1.116483e+09 6002113
4.145628e-07 1.080545e+09 6002113 1.118241e+09 6002113
1.250313e-06 1.139293e+09 6003113 1.11637e+09 6003113
1.485019e-06 1.115208e+09 6003113 1.114784e+09 6003113
1.131972e-06 1.109424e+09 6002113 1.111812e+09 6002113
1.038651e-06 1.070043e+09 6002113 1.107296e+09 6002113
1.081249e-06 1.107479e+09 6003113 1.13679e+09 6003113
1.110716e-06 1.115876e+09 6002113 1.115889e+09 6002113
1.050764e-06 1.128818e+09 6003113 1.154778e+09 6003113
1.042351e-06 1.128476e+09 6002113 1.07901e+09 6002113
1.186148e-06 1.118197e+09 6002113 1.061232e+09 6002113
3.653461e-10 1.124878e+09 6003113 1.107429e+09 6003113
9.615263e-09 1.111467e+09 6002113 1.108774e+09 6002113
1.508422e-06 1.122745e+09 6003113 1.12475e+09 6003113
2.017898e-07 1.132545e+09 6003113 1.1206e+09 6003113
1.029829e-06 1.109077e+09 6002113 1.115667e+09 6002113
1.029829e-06 1.109077e+09 6002113 1.115667e+09 6002113
1.075503e-06 1.110307e+09 6002113 1.124044e+09 6002113
1.075503e-06 1.110307e+09 6002113 1.124044e+09 6002113
6.240124e-07 1.105285e+09 6003113 1.111173e+09 6003113
1.135089e-06 1.106042e+09 6002113 1.119964e+09 6002113
1.110716e-06 1.103551e+09 6002113 1.110307e+09 6002113
1.034495e-06 1.118944e+09 6002113 1.115039e+09 6002113
1.034495e-06 1.118944e+09 6002113 1.115039e+09 6002113
1.126381e-06 1.151071e+09 6003113 1.117362e+09 6003113
8.073423e-07 1.117092e+09 6002113 1.102052e+09 6002113
1.226814e-06 1.083781e+09 6002113 1.122693e+09 6002113
1.242915e-06 1.09964e+09 6002113 1.078334e+09 6002113
1.156125e-06 1.122289e+09 6002113 1.114328e+09 6002113
1.095868e-06 1.094466e+09 6002113 1.111359e+09 6002113
3.211338e-07 1.116689e+09 6002113 1.113217e+09 6002113
1.134591e-06 1.109357e+09 6002113 1.085478e+09 6002113
1.186148e-06 1.125432e+09 6002113 1.111726e+09 6002113
8.024662e-07 1.116505e+09 6002113 1.115094e+09 6002113
1.182559e-06 1.093256e+09 6002113 1.103436e+09 6002113
1.156125e-06 1.115838e+09 6002113 1.069652e+09 6002113
1.209678e-06 1.109029e+09 6002113 1.094813e+09 6002113
3.503312e-07 1.11321e+09 6002113 1.106165e+09 6002113
1.122664e-06 1.090028e+09 6002113 1.118029e+09 6002113
1.2218e-06 1.091377e+09 6003113 1.142125e+09 6003113
1.058975e-06 1.126188e+09 6003113 1.094742e+09 6003113
1.135089e-06 1.109879e+09 6002113 1.107492e+09 6002113
1.485019e-06 1.114035e+09 6003113 1.142009e+09 6003113
4.256807e-07 1.109719e+09 6002113 1.120627e+09 6002113
2.828404e-07 1.132625e+09 6003113 1.116374e+09 6003113
1.131972e-06 1.112625e+09 6002113 1.112364e+09 6002113
1.203239e-06 1.146169e+09 6003113 1.119554e+09 6003113
1.175141e-06 1.114949e+09 6002113 1.108889e+09 6002113
1.259026e-06 1.103713e+09 6002113 1.120507e+09 6002113
3.503312e-07 1.101191e+09 6002113 1.111846e+09 6002113
1.649937e-08 1.110886e+09 6003113 1.141649e+09 6003113
1.215857e-06 1.107455e+09 6003113 1.112675e+09 6003113
1.131972e-06 1.117786e+09 6003113 1.117031e+09 6003113
1.042351e-06 1.10021e+09 6002113 1.117986e+09 6002113
1.110716e-06 1.117398e+09 6002113 1.119137e+09 6002113
1.250313e-06 1.140623e+09 6003113 1.125231e+09 6003113
8.024662e-07 1.099439e+09 6002113 1.111141e+09 6002113
1.287502e-06 1.109787e+09 6003113 1.11118e+09 6003113
7.160418e-07 1.115956e+09 6002113 1.116161e+09 6002113
7.160418e-07 1.115956e+09 6002113 1.116161e+09 6002113
1.522646e-06 1.123115e+09 6002113 1.11637e+09 6002113
1.655671e-06 1.11834e+09 6003113 1.116925e+09 6003113
2.237179e-07 1.099713e+09 6002113 1.102975e+09 6002113
2.237179e-07 1.099713e+09 6002113 1.102975e+09 6002113
1.268754e-06 1.122253e+09 6002113 1.099827e+09 6002113
1.227997e-06 1.145407e+09 6003113 1.120556e+09 6003113
1.242915e-06 1.091899e+09 6002113 1.11237e+09 6002113
1.287502e-06 1.116676e+09 6002113 1.110851e+09 6002113
1.268754e-06 1.123203e+09 6003113 1.099212e+09 6003113
5.133091e-09 1.10262e+09 6002113 1.093769e+09 6002113
4.600746e-07 1.130449e+09 6002113 1.102267e+09 6002113
1.186896e-06 1.116957e+09 6002113 1.124682e+09 6002113
1.225101e-06 1.120521e+09 6002113 1.082553e+09 6002113
1.262504e-06 1.138706e+09 6003113 1.120548e+09 6003113
1.077139e-06 1.103791e+09 6002113 1.112126e+09 6002113
1.029232e-06 1.125707e+09 6002113 1.093425e+09 6002113
1.704772e-06 1.108517e+09 6002113 1.1112e+09 6002113
1.225101e-06 1.063628e+09 6003113 1.109574e+09 6003113
1.262504e-06 1.129084e+09 6003113 1.123667e+09 6003113
1.058975e-06 1.120888e+09 6002113 1.099467e+09 6002113
1.186896e-06 1.112071e+09 6002113 1.114601e+09 6002113
1.186896e-06 1.112071e+09 6002113 1.114601e+09 6002113
1.835486e-06 1.110295e+09 6002113 1.099329e+09 6002113
1.21797e-06 1.116499e+09 6002113 1.104468e+09 6002113
7.75917e-07 1.139228e+09 6003113 1.117453e+09 6003113
7.60357e-07 1.101338e+09 6002113 1.10857e+09 6002113
1.029232e-06 1.097037e+09 6002113 1.111043e+09 6002113
1.131972e-06 1.134133e+09 6003113 1.122728e+09 6003113
4.358855e-08 1.112708e+09 6003113 1.115238e+09 6003113
7.988447e-08 1.116104e+09 6002113 1.108979e+09 6002113
1.46104e-06 1.121934e+09 6002113 1.117139e+09 6002113
1.24987e-06 1.107392e+09 6001113 1.082439e+09 6001113
1.075503e-06 1.124916e+09 6002113 1.121875e+09 6002113
1.034495e-06 1.081963e+09 6001113 1.0793e+09 6001113
1.191025e-06 1.118556e+09 6002113 1.110383e+09 6002113
1.04561e-06 1.113746e+09 6002113 1.103209e+09 6002113
1.109723e-06 1.123895e+09 6003113 1.108417e+09 6003113
9.772041e-07 1.120781e+09 6003113 1.113692e+09 6003113
1.182435e-06 1.102529e+09 6002113 1.12124e+09 6002113
1.182435e-06 1.102529e+09 6002113 1.12124e+09 6002113
1.186148e-06 1.113503e+09 6002113 1.099632e+09 6002113
1.143417e-06 1.118115e+09 6002113 1.117245e+09 6002113
1.575658e-06 1.108853e+09 6002113 1.097168e+09 6002113
1.24987e-06 1.10444e+09 6003113 1.118908e+09 6003113
1.73854e-06 1.118391e+09 6002113 1.093841e+09 6002113
1.089167e-06 1.106079e+09 6002113 1.116465e+09 6002113
1.203239e-06 1.117733e+09 6002113 1.111833e+09 6002113
6.008027e-09 1.11149e+09 6003113 1.138698e+09 6003113
1.182435e-06 1.109632e+09 6002113 1.111444e+09 6002113
1.242915e-06 1.081346e+09 6003113 1.111647e+09 6003113
1.135089e-06 1.117647e+09 6003113 1.130354e+09 6003113
6.745332e-07 1.085034e+09 6002113 1.100603e+09 6002113
1.250313e-06 1.119045e+09 6002113 1.10935e+09 6002113
1.159025e-07 1.12847e+09 6003113 1.108714e+09 6003113
9.727433e-07 1.100678e+09 6002113 1.113557e+09 6002113
8.024662e-07 1.114899e+09 6002113 1.1272e+09 6002113
1.081249e-06 1.118932e+09 6003113 1.108902e+09 6003113
1.182435e-06 1.067754e+09 6001113 1.099999e+09 6001113
7.028519e-08 1.141447e+09 6003113 1.124719e+09 6003113
1.522646e-06 1.095327e+09 6002113 1.10872e+09 6002113
1.575658e-06 1.153135e+09 6003113 1.121569e+09 6003113
1.052826e-06 1.059422e+09 6001113 1.098831e+09 6001113
1.250313e-06 1.089092e+09 6003113 1.11384e+09 6003113
5.836122e-07 1.090971e+09 6002113 1.115669e+09 6002113
1.835486e-06 1.116911e+09 6003113 1.111161e+09 6003113
1.075803e-06 1.120672e+09 6003113 1.138273e+09 6003113
1.095868e-06 1.125091e+09 6002113 1.086472e+09 6002113
4.613481e-07 1.092392e+09 6002113 1.1109e+09 6002113
1.46104e-06 1.119907e+09 6003113 1.153907e+09 6003113
9.342401e-07 1.104172e+09 6002113 1.101816e+09 6002113
1.408505e-06 1.114901e+09 6002113 1.084781e+09 6002113
1.748001e-06 1.113807e+09 6003113 1.152565e+09 6003113
1.034495e-06 1.123272e+09 6003113 1.100615e+09 6003113
1.287502e-06 1.099657e+09 6002113 1.116123e+09 6002113
1.206262e-06 1.089145e+09 6002113 1.111272e+09 6002113
1.287502e-06 1.108941e+09 6002113 1.070785e+09 6002113
7.60357e-07 1.100615e+09 6002113 1.110943e+09 6002113
1.126381e-06 1.107499e+09 6002113 1.115852e+09 6002113
1.143417e-06 1.092547e+09 6002113 1.11616e+09 6002113
1.143417e-06 1.121125e+09 6002113 1.092072e+09 6002113
1.052826e-06 1.119853e+09 6002113 1.115343e+09 6002113
1.052826e-06 1.119853e+09 6002113 1.115343e+09 6002113
4.497059e-07 1.143721e+09 6003113 1.110032e+09 6003113
1.182559e-06 1.107468e+09 6002113 1.078019e+09 6002113
1.262504e-06 1.113406e+09 6002113 1.102202e+09 6002113
1.262504e-06 1.118996e+09 6002113 1.117574e+09 6002113
8.073423e-07 1.075104e+09 6002113 1.109924e+09 6002113
1.077139e-06 1.116719e+09 6002113 1.120727e+09 6002113
2.828404e-07 1.09991e+09 6001113 1.093568e+09 6001113
8.223573e-09 1.113422e+09 6002113 1.09877e+09 6002113
1.508422e-06 1.101686e+09 6002113 1.111676e+09 6002113
1.07448e-06 1.094575e+09 6002113 1.097708e+09 6002113
1.075503e-06 1.102921e+09 6002113 1.115158e+09 6002113
1.186148e-06 1.121353e+09 6002113 1.050904e+09 6002113
1.259026e-06 1.15569e+09 6003113 1.110247e+09 6003113
4.999644e-08 1.113979e+09 6003113 1.122961e+09 6003113
1.5369e-06 1.111594e+09 6002113 1.086295e+09 6002113
1.235105e-06 1.11466e+09 6002113 1.110459e+09 6002113
1.134591e-06 1.09542e+09 6002113 1.114927e+09 6002113
1.070463e-06 1.114921e+09 6003113 1.115383e+09 6003113
1.268754e-06 1.08505e+09 6002113 1.109651e+09 6002113
1.04561e-06 1.123629e+09 6002113 1.114144e+09 6002113
1.268754e-06 1.076642e+09 6002113 1.114601e+09 6002113
4.765849e-07 1.114194e+09 6002113 1.127548e+09 6002113
1.038651e-06 1.117768e+09 6002113 1.103141e+09 6002113
1.46104e-06 1.125092e+09 6002113 1.124216e+09 6002113
1.173807e-06 1.093596e+09 6001113 1.080431e+09 6001113
1.206262e-06 1.092079e+09 6002113 1.11366e+09 6002113
1.135089e-06 1.117486e+09 6002113 1.11888e+09 6002113
1.206262e-06 1.113393e+09 6002113 1.101537e+09 6002113
6.708072e-07 1.084364e+09 6002113 1.107887e+09 6002113
1.215857e-06 1.086355e+09 6002113 1.112639e+09 6002113
1.156125e-06 1.124799e+09 6003113 1.109721e+09 6003113
3.399152e-07 1.122506e+09 6002113 1.11524e+09 6002113
1.129445e-06 1.111481e+09 6002113 1.09075e+09 6002113
1.73854e-06 1.112399e+09 6002113 1.058078e+09 6002113
1.186148e-06 1.107781e+09 6002113 1.110067e+09 6002113
1.240384e-06 1.111342e+09 6003113 1.136063e+09 6003113
1.268754e-06 1.118402e+09 6002113 1.105543e+09 6002113
1.24987e-06 1.110584e+09 6003113 1.126157e+09 6003113
1.227517e-06 1.113631e+09 6002113 1.099104e+09 6002113
1.126381e-06 1.138474e+09 6003113 1.122056e+09 6003113
1.072776e-06 1.111982e+09 6002113 1.101125e+09 6002113
1.072776e-06 1.098525e+09 6002113 1.117422e+09 6002113
1.072776e-06 1.107213e+09 6002113 1.097996e+09 6002113
1.175141e-06 1.130301e+09 6003113 1.121277e+09 6003113
1.011912e-06 1.114206e+09 6002113 1.099756e+09 6002113
1.212459e-06 1.094658e+09 6002113 1.118062e+09 6002113
1.214611e-06 1.127723e+09 6003113 1.127185e+09 6003113
1.042795e-06 1.117639e+09 6002113 1.122056e+09 6002113
2.828404e-07 1.112806e+09 6002113 1.118817e+09 6002113
1.226814e-06 1.117801e+09 6003113 1.118549e+09 6003113
5.735005e-07 1.088746e+09 6002113 1.116167e+09 6002113
8.915158e-07 1.107775e+09 6002113 1.10832e+09 6002113
1.075503e-06 1.12185e+09 6003113 1.114988e+09 6003113
1.175141e-06 1.106886e+09 6002113 1.112092e+09 6002113
1.186896e-06 1.109217e+09 6002113 1.111389e+09 6002113
1.12853e-06 1.086587e+09 6002113 1.118795e+09 6002113
1.21797e-06 1.126529e+09 6003113 1.127914e+09 6003113
1.227997e-06 1.116675e+09 6002113 1.101632e+09 6002113
9.33395e-07 1.110712e+09 6002113 1.083544e+09 6002113
1.04561e-06 1.109886e+09 6003113 1.135657e+09 6003113
1.287502e-06 1.095007e+09 6003113 1.119089e+09 6003113
5.836122e-07 1.107556e+09 6002113 1.107299e+09 6002113
1.287502e-06 1.108194e+09 6003113 1.11111e+09 6003113
1.066989e-06 1.077487e+09 6002113 1.109177e+09 6002113
1.122664e-06 1.119795e+09 6002113 1.088052e+09 6002113
1.029232e-06 1.051806e+09 6002113 1.115191e+09 6002113
5.735005e-07 1.141932e+09 6003113 1.117091e+09 6003113
1.24987e-06 1.110912e+09 6002113 1.108108e+09 6002113
1.134591e-06 1.124724e+09 6003113 1.151454e+09 6003113
1.227997e-06 1.120284e+09 6002113 1.07366e+09 6002113
1.109723e-06 1.108377e+09 6002113 1.100789e+09 6002113
3.503312e-07 1.130727e+09 6003113 1.117726e+09 6003113
3.211338e-07 1.104756e+09 6002113 1.105974e+09 6002113
1.2218e-06 1.054752e+09 6002113 1.118286e+09 6002113
1.052826e-06 1.158349e+09 6003113 1.120658e+09 6003113
1.052826e-06 1.144726e+09 6003113 1.110514e+09 6003113
4.358855e-08 1.128641e+09 6003113 1.126138e+09 6003113
1.704772e-06 1.107301e+09 6002113 1.108851e+09 6002113
1.133878e-06 1.112077e+09 6002113 1.104013e+09 6002113
1.095868e-06 1.115429e+09 6002113 1.103214e+09 6002113
2.475115e-07 1.083289e+09 6002113 1.112878e+09 6002113
1.011912e-06 1.119101e+09 6003113 1.132803e+09 6003113
1.075503e-06 1.089214e+09 6002113 1.120131e+09 6002113
1.599889e-06 1.114048e+09 6003113 1.128181e+09 6003113
1.729362e-07 1.080323e+09 6002113 1.116147e+09 6002113
8.471732e-07 1.110232e+09 6003113 1.158073e+09 6003113
1.081249e-06 1.11733e+09 6003113 1.135063e+09 6003113
6.745332e-07 1.110899e+09 6002113 1.110138e+09 6002113
1.029829e-06 1.110621e+09 6002113 1.109125e+09 6002113
1.227997e-06 1.09734e+09 6003113 1.141981e+09 6003113
9.772041e-07 1.110904e+09 6002113 1.087413e+09 6002113
1.232729e-09 1.124078e+09 6002113 1.113273e+09 6002113
1.177688e-06 1.115098e+09 6002113 1.110759e+09 6002113
1.04561e-06 1.118478e+09 6002113 1.108366e+09 6002113
8.491714e-07 1.118116e+09 6002113 1.101099e+09 6002113
1.089167e-06 1.147481e+09 6003113 1.128347e+09 6003113
1.109723e-06 1.125363e+09 6003113 1.094705e+09 6003113
1.038651e-06 1.105462e+09 6002113 1.106963e+09 6002113
1.038651e-06 1.105462e+09 6002113 1.106963e+09 6002113
1.225101e-06 1.097007e+09 6001113 1.056781e+09 6001113
1.235105e-06 1.112608e+09 6003113 1.13665e+09 6003113
1.038651e-06 1.141168e+09 6003113 1.122348e+09 6003113
1.225101e-06 1.106306e+09 6002113 1.113656e+09 6002113
1.227997e-06 1.091673e+09 6002113 1.114242e+09 6002113
2.828404e-07 1.120161e+09 6003113 1.131202e+09 6003113
1.287502e-06 1.119591e+09 6003113 1.119603e+09 6003113
1.050764e-06 1.119766e+09 6003113 1.119459e+09 6003113
3.814553e-07 1.103796e+09 6002113 1.120986e+09 6002113
1.134591e-06 1.139644e+09 6003113 1.115964e+09 6003113
1.436028e-09 1.102138e+09 6002113 1.105685e+09 6002113
1.182435e-06 1.110709e+09 6002113 1.114526e+09 6002113
1.182435e-06 1.110709e+09 6002113 1.114526e+09 6002113
2.572305e-07 1.112813e+09 6002113 1.099353e+09 6002113
1.522646e-06 1.12591e+09 6003113 1.107031e+09 6003113
4.145628e-07 1.134368e+09 6003113 1.13298e+09 6003113
7.095649e-07 1.110876e+09 6002113 1.109507e+09 6002113
1.072776e-06 1.113264e+09 6003113 1.121694e+09 6003113
1.235105e-06 1.119677e+09 6002113 1.103516e+09 6002113
1.066989e-06 1.138005e+09 6003113 1.113747e+09 6003113
7.692569e-07 1.120736e+09 6003113 1.143611e+09 6003113
1.042351e-06 1.107359e+09 6002113 1.095978e+09 6002113
1.240384e-06 1.115105e+09 6002113 1.10669e+09 6002113
2.619991e-08 1.121012e+09 6002113 1.097412e+09 6002113
1.268754e-06 1.109583e+09 6002113 1.09295e+09 6002113
8.915158e-07 1.087522e+09 6002113 1.107537e+09 6002113
1.131972e-06 1.110382e+09 6002113 1.12436e+09 6002113
1.075503e-06 1.093303e+09 6002113 1.119265e+09 6002113
2.475115e-07 1.117489e+09 6002113 1.115232e+09 6002113
1.251858e-06 1.099564e+09 6002113 1.123871e+09 6002113
7.095649e-07 1.100458e+09 6002113 1.109499e+09 6002113
1.07448e-06 1.11676e+09 6002113 1.108867e+09 6002113
1.07448e-06 1.11676e+09 6002113 1.108867e+09 6002113
1.143417e-06 1.134585e+09 6003113 1.112475e+09 6003113
1.12853e-06 1.124679e+09 6002113 1.109609e+09 6002113
1.73854e-06 1.117898e+09 6002113 1.113665e+09 6002113
1.126381e-06 1.115323e+09 6002113 1.094598e+09 6002113
1.038651e-06 1.094184e+09 6003113 1.117357e+09 6003113
3.211338e-07 1.125561e+09 6002113 1.107465e+09 6002113
9.727433e-07 1.101288e+09 6002113 1.119747e+09 6002113
9.727433e-07 1.101288e+09 6002113 1.119747e+09 6002113
1.045868e-06 1.097105e+09 6002113 1.109323e+09 6002113
2.334643e-07 1.11944e+09 6003113 1.125084e+09 6003113
2.017898e-07 1.108011e+09 6002113 1.10931e+09 6002113
1.089167e-06 1.10223e+09 6002113 1.109935e+09 6002113
1.050764e-06 1.113747e+09 6003113 1.125081e+09 6003113
1.110716e-06 1.082622e+09 6002113 1.122728e+09 6002113
1.5369e-06 1.133771e+09 6003113 1.12527e+09 6003113
1.182435e-06 1.121873e+09 6002113 1.110053e+09 6002113
1.143417e-06 1.113539e+09 6002113 1.1158e+09 6002113
5.448522e-07 1.136042e+09 6003113 1.114809e+09 6003113
1.029829e-06 1.119481e+09 6003113 1.131737e+09 6003113
7.465274e-08 1.102423e+09 6002113 1.102399e+09 6002113
1.215857e-06 1.118206e+09 6002113 1.091889e+09 6002113
1.24987e-06 1.124663e+09 6003113 1.108583e+09 6003113
1.209678e-06 1.112724e+09 6003113 1.125163e+09 6003113
1.070463e-06 1.124784e+09 6002113 1.096228e+09 6002113
9.772041e-07 1.143097e+09 6003113 1.120824e+09 6003113
4.358855e-08 1.123131e+09 6003113 1.124525e+09 6003113
3.399152e-07 1.118081e+09 6003113 1.101119e+09 6003113
1.835486e-06 1.151168e+09 6003113 1.118992e+09 6003113
1.17269e-06 1.110179e+09 6003113 1.127691e+09 6003113
4.999644e-08 1.098967e+09 6002113 1.102367e+09 6002113
5.448522e-07 1.130535e+09 6002113 1.119049e+09 6002113
1.235105e-06 1.110079e+09 6003113 1.128155e+09 6003113
5.745931e-07 1.109955e+09 6003113 1.121951e+09 6003113
1.250313e-06 1.126076e+09 6002113 1.095614e+09 6002113
1.156125e-06 1.088699e+09 6002113 1.115917e+09 6002113
1.04561e-06 1.123265e+09 6003113 1.104325e+09 6003113
1.173807e-06 1.114389e+09 6002113 1.112907e+09 6002113
1.173807e-06 1.114389e+09 6002113 1.112907e+09 6002113
1.259026e-06 1.106395e+09 6002113 1.099768e+09 6002113
1.209678e-06 1.114636e+09 6002113 1.086599e+09 6002113
1.122664e-06 1.109113e+09 6003113 1.11751e+09 6003113
9.33395e-07 1.108577e+09 6002113 1.111418e+09 6002113
1.191025e-06 1.124678e+09 6003113 1.125982e+09 6003113
1.191025e-06 1.124678e+09 6003113 1.125982e+09 6003113
1.259026e-06 1.135176e+09 6003113 1.093124e+09 6003113
1.655671e-06 1.1099e+09 6002113 1.071878e+09 6002113
1.131972e-06 1.111193e+09 6002113 1.103236e+09 6002113
1.2218e-06 1.118467e+09 6002113 1.108153e+09 6002113
8.073423e-07 1.096436e+09 6002113 1.106074e+09 6002113
1.173807e-06 1.119797e+09 6003113 1.116229e+09 6003113
6.543317e-08 1.118058e+09 6003113 1.112304e+09 6003113
1.07448e-06 1.126648e+09 6002113 1.109698e+09 6002113
1.242915e-06 1.117171e+09 6002113 1.063882e+09 6002113
1.250313e-06 1.086308e+09 6002113 1.107744e+09 6002113
1.259026e-06 1.116169e+09 6003113 1.109207e+09 6003113
1.07448e-06 1.066775e+09 6002113 1.109925e+09 6002113
1.952981e-09 1.133727e+09 6003113 1.123596e+09 6003113
1.058975e-06 1.092913e+09 6002113 1.113091e+09 6002113
1.24987e-06 1.099058e+09 6002113 1.111615e+09 6002113
1.251858e-06 1.10557e+09 6003113 1.131265e+09 6003113
1.226814e-06 1.11201e+09 6003113 1.118762e+09 6003113
1.24987e-06 1.099765e+09 6002113 1.116814e+09 6002113
9.615263e-09 1.099005e+09 6002113 1.114133e+09 6002113
1.209678e-06 1.101225e+09 6002113 1.08202e+09 6002113
1.029829e-06 1.117604e+09 6002113 1.127684e+09 6002113
1.186896e-06 1.115735e+09 6002113 1.109817e+09 6002113
1.2218e-06 1.125363e+09 6002113 1.101744e+09 6002113
1.092749e-07 1.114093e+09 6002113 1.115035e+09 6002113
2.828404e-07 1.099848e+09 6002113 1.117072e+09 6002113
1.052826e-06 1.154744e+09 6003113 1.102379e+09 6003113
1.182559e-06 1.100967e+09 6002113 1.110196e+09 6002113
9.342401e-07 1.114411e+09 6002113 1.096562e+09 6002113
9.342401e-07 1.114411e+09 6002113 1.096562e+09 6002113
1.23107e-06 1.116924e+09 6003113 1.097188e+09 6003113
5.345185e-07 1.084402e+09 6002113 1.111611e+09 6002113
4.145628e-07 1.10955e+09 6003113 1.123366e+09 6003113
9.33395e-07 1.118681e+09 6002113 1.09072e+09 6002113
1.058747e-06 1.118108e+09 6003113 1.134441e+09 6003113
1.126381e-06 1.108034e+09 6003113 1.125288e+09 6003113
1.109723e-06 1.116896e+09 6002113 1.115904e+09 6002113
1.109723e-06 1.116896e+09 6002113 1.115904e+09 6002113
1.227517e-06 1.126821e+09 6002113 1.114335e+09 6002113
1.227517e-06 1.126821e+09 6002113 1.114335e+09 6002113
1.485019e-06 1.119489e+09 6002113 1.11443e+09 6002113
1.485019e-06 1.119489e+09 6002113 1.11443e+09 6002113
1.215857e-06 1.120098e+09 6003113 1.128193e+09 6003113
1.109723e-06 1.100289e+09 6002113 1.108333e+09 6002113
5.448522e-07 1.108157e+09 6002113 1.114494e+09 6002113
1.134591e-06 1.107809e+09 6002113 1.108806e+09 6002113
1.070463e-06 1.153281e+09 6003113 1.118336e+09 6003113
1.203239e-06 1.100894e+09 6003113 1.149132e+09 6003113
1.227997e-06 1.13532e+09 6003113 1.111315e+09 6003113
4.963481e-07 1.106331e+09 6002113 1.109085e+09 6002113
1.23107e-06 1.090287e+09 6001113 1.101636e+09 6001113
1.029829e-06 1.097908e+09 6002113 1.106955e+09 6002113
1.235105e-06 1.12288e+09 6003113 1.124319e+09 6003113
1.633696e-06 1.119408e+09 6002113 1.104124e+09 6002113
1.212459e-06 1.110884e+09 6002113 1.103982e+09 6002113
1.058975e-06 1.120823e+09 6003113 1.131047e+09 6003113
1.242679e-06 1.110031e+09 6002113 1.115219e+09 6002113
1.034495e-06 1.124616e+09 6003113 1.124505e+09 6003113
1.287502e-06 1.11158e+09 6002113 1.11825e+09 6002113
1.092749e-07 1.12294e+09 6003113 1.120588e+09 6003113
1.092749e-07 1.12294e+09 6003113 1.120588e+09 6003113
4.600746e-07 1.11859e+09 6002113 1.107545e+09 6002113
1.203239e-06 1.134389e+09 6003113 1.112624e+09 6003113
1.052826e-06 1.117727e+09 6003113 1.152908e+09 6003113
1.034495e-06 1.109392e+09 6002113 1.112738e+09 6002113
1.186896e-06 1.114249e+09 6002113 1.106449e+09 6002113
2.017898e-07 1.085254e+09 6002113 1.116215e+09 6002113
1.135089e-06 1.117798e+09 6002113 1.101078e+09 6002113
1.408505e-06 1.144507e+09 6003113 1.108269e+09 6003113
1.029829e-06 1.114686e+09 6003113 1.125531e+09 6003113
9.33395e-07 1.112251e+09 6002113 1.108708e+09 6002113
1.159025e-07 1.109593e+09 6002113 1.1139e+09 6002113
4.145628e-07 1.133386e+09 6003113 1.110525e+09 6003113
1.207767e-06 1.116869e+09 6002113 1.082409e+09 6002113
4.613481e-07 1.131611e+09 6003113 1.117443e+09 6003113
1.17269e-06 1.117523e+09 6002113 1.099831e+09 6002113
1.748001e-06 1.115261e+09 6003113 1.148691e+09 6003113
1.050764e-06 1.114495e+09 6002113 1.088332e+09 6002113
1.089167e-06 1.118912e+09 6002113 1.075454e+09 6002113
1.225101e-06 1.091733e+09 6002113 1.108199e+09 6002113
1.029232e-06 1.116977e+09 6002113 1.109586e+09 6002113
1.206262e-06 1.112957e+09 6002113 1.123111e+09 6002113
1.206262e-06 1.112957e+09 6002113 1.123111e+09 6002113
1.259026e-06 1.114201e+09 6003113 1.150804e+09 6003113
1.045868e-06 1.095242e+09 6002113 1.116371e+09 6002113
1.73854e-06 1.109341e+09 6002113 1.110835e+09 6002113
9.727433e-07 1.121859e+09 6002113 1.114582e+09 6002113
5.448522e-07 1.117857e+09 6003113 1.124193e+09 6003113
3.503312e-07 1.107784e+09 6002113 1.110779e+09 6002113
1.058975e-06 1.113414e+09 6003113 1.136326e+09 6003113
1.095868e-06 1.106303e+09 6002113 1.110204e+09 6002113
1.259026e-06 1.10061e+09 6002113 1.105738e+09 6002113
1.250313e-06 1.119453e+09 6003113 1.12976e+09 6003113
1.508422e-06 1.108214e+09 6003113 1.11173e+09 6003113
1.135089e-06 1.109415e+09 6002113 1.117004e+09 6002113
1.227517e-06 1.143443e+09 6003113 1.112305e+09 6003113
1.180702e-06 1.126666e+09 6003113 1.123581e+09 6003113
1.081249e-06 1.100533e+09 6002113 1.083172e+09 6002113
4.963481e-07 1.11393e+09 6002113 1.113203e+09 6002113
1.122664e-06 1.111866e+09 6003113 1.152434e+09 6003113
1.17269e-06 1.102848e+09 6002113 1.120223e+09 6002113
1.729362e-07 1.10927e+09 6003113 1.124305e+09 6003113
1.729362e-07 1.10927e+09 6003113 1.124305e+09 6003113
1.129445e-06 1.117179e+09 6002113 1.117051e+09 6002113
7.095649e-07 1.1185e+09 6002113 1.099445e+09 6002113
8.024662e-07 1.11166e+09 6002113 1.124745e+09 6002113
1.203239e-06 1.07753e+09 6002113 1.115786e+09 6002113
7.095649e-07 1.10114e+09 6002113 1.115117e+09 6002113
1.109723e-06 1.144855e+09 6003113 1.115299e+09 6003113
1.042351e-06 1.109493e+09 6002113 1.108889e+09 6002113
6.240124e-07 1.107927e+09 6002113 1.119345e+09 6002113
1.304509e-06 1.087718e+09 6002113 1.118408e+09 6002113
1.12853e-06 1.141282e+09 6003113 1.111907e+09 6003113
1.215857e-06 1.101032e+09 6003113 1.117303e+09 6003113
5.836122e-07 1.101835e+09 6002113 1.110371e+09 6002113
1.235105e-06 1.112032e+09 6002113 1.114442e+09 6002113
3.211338e-07 1.102401e+09 6003113 1.111613e+09 6003113
1.177688e-06 1.118934e+09 6002113 1.124843e+09 6002113
1.227997e-06 1.115672e+09 6002113 1.103836e+09 6002113
1.129445e-06 1.116081e+09 6002113 1.111376e+09 6002113
1.133878e-06 1.105958e+09 6003113 1.147542e+09 6003113
7.095649e-07 1.103887e+09 6002113 1.116661e+09 6002113
6.543317e-08 1.144997e+09 6003113 1.117742e+09 6003113
4.029199e-08 1.107514e+09 6002113 1.109778e+09 6002113
1.207767e-06 1.106195e+09 6002113 1.1022e+09 6002113
3.833621e-11 1.116066e+09 6002113 1.117954e+09 6002113
2.572305e-07 1.102498e+09 6001113 1.076145e+09 6001113
3.653461e-10 1.112666e+09 6002113 1.109964e+09 6002113
1.209678e-06 1.124386e+09 6003113 1.136287e+09 6003113
7.095649e-07 1.116272e+09 6003113 1.069047e+09 6003113
1.058975e-06 1.104276e+09 6002113 1.116621e+09 6002113
1.242679e-06 1.0992e+09 6002113 1.092994e+09 6002113
9.727433e-07 1.116363e+09 6002113 1.104616e+09 6002113
9.727433e-07 1.11732e+09 6002113 1.117467e+09 6002113
1.186148e-06 1.124927e+09 6003113 1.155082e+09 6003113
8.024662e-07 1.116127e+09 6002113 1.090537e+09 6002113
1.177688e-06 1.118605e+09 6003113 1.151809e+09 6003113
1.21797e-06 1.102331e+09 6002113 1.076972e+09 6002113
1.042351e-06 1.104379e+09 6002113 1.101425e+09 6002113
1.072776e-06 1.121025e+09 6003113 1.138439e+09 6003113
1.110716e-06 1.148271e+09 6003113 1.129487e+09 6003113
1.226814e-06 1.117878e+09 6003113 1.091513e+09 6003113
1.227517e-06 1.11077e+09 6002113 1.11528e+09 6002113
1.07448e-06 1.114332e+09 6002113 1.100223e+09 6002113
1.042795e-06 1.109797e+09 6002113 1.11461e+09 6002113
1.242679e-06 1.083673e+09 6002113 1.095705e+09 6002113
1.704772e-06 1.145078e+09 6003113 1.119215e+09 6003113
1.508422e-06 1.102497e+09 6003113 1.104785e+09 6003113
4.497059e-07 1.102976e+09 6002113 1.101423e+09 6002113
1.075803e-06 1.110417e+09 6002113 1.099545e+09 6002113
1.075803e-06 1.110417e+09 6002113 1.099545e+09 6002113
1.07448e-06 1.110154e+09 6002113 1.115688e+09 6002113
1.748001e-06 1.106752e+09 6002113 1.099584e+09 6002113
4.256807e-07 1.108543e+09 6002113 1.114831e+09 6002113
1.186896e-06 1.119168e+09 6003113 1.130745e+09 6003113
1.259026e-06 1.115962e+09 6002113 1.11883e+09 6002113
1.050764e-06 1.114396e+09 6002113 1.121292e+09 6002113
1.191025e-06 1.100981e+09 6003113 1.092086e+09 6003113
1.227517e-06 1.106784e+09 6002113 1.10289e+09 6002113
2.017898e-07 1.136756e+09 6003113 1.123238e+09 6003113
1.126381e-06 1.119869e+09 6002113 1.111813e+09 6002113
1.045868e-06 1.110631e+09 6003113 1.134637e+09 6003113
1.435808e-06 1.107904e+09 6002113 1.100598e+09 6002113
1.042351e-06 1.111932e+09 6002113 1.111535e+09 6002113
1.042351e-06 1.111932e+09 6002113 1.111535e+09 6002113
3.503312e-07 1.115233e+09 6002113 1.119237e+09 6002113
1.485019e-06 1.112127e+09 6002113 1.090139e+09 6002113
1.203239e-06 1.087363e+09 6002113 1.120193e+09 6002113
1.485019e-06 1.110876e+09 6002113 1.120714e+09 6002113
1.485019e-06 1.110876e+09 6002113 1.120714e+09 6002113
1.109723e-06 1.107626e+09 6002113 1.082636e+09 6002113
1.156125e-06 1.126149e+09 6002113 1.105399e+09 6002113
1.215857e-06 1.120066e+09 6003113 1.136514e+09 6003113
1.075503e-06 1.117061e+09 6002113 1.11546e+09 6002113
1.538644e-08 1.110303e+09 6002113 1.102106e+09 6002113
1.508422e-06 1.094413e+09 6002113 1.112764e+09 6002113
1.212459e-06 1.133895e+09 6003113 1.11825e+09 6003113
1.058975e-06 1.112842e+09 6002113 1.110417e+09 6002113
1.135089e-06 1.11633e+09 6002113 1.111435e+09 6002113
5.345185e-07 1.127749e+09 6003113 1.089565e+09 6003113
1.186896e-06 1.100927e+09 6002113 1.108462e+09 6002113
1.133878e-06 1.108059e+09 6003113 1.128731e+09 6003113
1.12853e-06 1.107657e+09 6003113 1.123249e+09 6003113
1.225101e-06 1.077828e+09 6002113 1.111185e+09 6002113
7.160418e-07 1.145104e+09 6003113 1.108297e+09 6003113
1.052826e-06 1.084436e+09 6001113 1.100046e+09 6001113
1.226814e-06 1.102839e+09 6002113 1.107107e+09 6002113
1.12853e-06 1.129239e+09 6002113 1.11691e+09 6002113
1.126381e-06 1.141115e+09 6003113 1.11908e+09 6003113
1.081249e-06 1.122522e+09 6003113 1.15063e+09 6003113
1.227517e-06 1.096334e+09 6002113 1.118568e+09 6002113
1.052826e-06 1.118742e+09 6003113 1.104692e+09 6003113
1.12853e-06 1.122854e+09 6002113 1.089397e+09 6002113
1.050764e-06 1.123415e+09 6003113 1.137702e+09 6003113
1.251858e-06 1.126592e+09 6003113 1.109803e+09 6003113
1.042351e-06 1.11598e+09 6002113 1.110725e+09 6002113
1.182435e-06 1.091208e+09 6002113 1.104216e+09 6002113
1.07448e-06 1.119675e+09 6003113 1.133085e+09 6003113
1.2218e-06 1.121195e+09 6002113 1.117078e+09 6002113
1.206262e-06 1.094752e+09 6002113 1.12015e+09 6002113
1.240384e-06 1.132654e+09 6003113 1.121807e+09 6003113
1.251858e-06 1.117264e+09 6002113 1.110483e+09 6002113
1.173807e-06 1.054449e+09 6002113 1.115838e+09 6002113
9.772041e-07 1.13402e+09 6003113 1.117289e+09 6003113
5.345185e-07 1.100316e+09 6002113 1.108195e+09 6002113
1.21797e-06 1.122214e+09 6003113 1.11601e+09 6003113
4.636738e-08 1.113052e+09 6003113 1.132112e+09 6003113
4.963481e-07 1.109452e+09 6002113 1.074261e+09 6002113
6.96982e-07 1.098279e+09 6003113 1.127421e+09 6003113
1.226814e-06 1.083267e+09 6002113 1.107767e+09 6002113
7.587186e-07 1.112973e+09 6002113 1.125293e+09 6002113
6.745332e-07 1.115779e+09 6003113 1.109658e+09 6003113
7.028519e-08 1.116731e+09 6002113 1.112509e+09 6002113
1.235105e-06 1.112983e+09 6003113 1.139174e+09 6003113
1.546739e-07 1.112924e+09 6002113 1.0702e+09 6002113
1.268754e-06 1.135824e+09 6003113 1.111969e+09 6003113
1.029232e-06 1.111615e+09 6002113 1.114695e+09 6002113
1.050764e-06 1.123223e+09 6003113 1.109038e+09 6003113
1.214611e-06 1.104414e+09 6002113 1.115948e+09 6002113
1.437036e-06 1.100105e+09 6002113 1.105091e+09 6002113
1.380481e-07 1.122095e+09 6003113 1.140906e+09 6003113
1.73854e-06 1.137985e+09 6003113 1.103022e+09 6003113
1.011912e-06 1.104804e+09 6002113 1.107462e+09 6002113
1.251858e-06 1.117738e+09 6002113 1.102688e+09 6002113
1.251858e-06 1.117738e+09 6002113 1.102688e+09 6002113
1.072776e-06 1.141743e+09 6003113 1.117308e+09 6003113
1.04561e-06 1.098944e+09 6002113 1.118494e+09 6002113
1.186896e-06 1.104448e+09 6002113 1.108106e+09 6002113
1.240384e-06 1.117955e+09 6002113 1.103281e+09 6002113
4.256807e-07 1.117812e+09 6003113 1.144046e+09 6003113
1.109723e-06 1.113023e+09 6002113 1.021744e+09 6002113
1.135089e-06 1.082132e+09 6002113 1.113768e+09 6002113
1.122664e-06 1.131226e+09 6002113 1.119213e+09 6002113
1.095868e-06 1.121624e+09 6003113 1.126363e+09 6003113
2.828404e-07 1.135703e+09 6003113 1.113423e+09 6003113
1.251858e-06 1.096296e+09 6002113 1.101954e+09 6002113
1.133878e-06 1.119826e+09 6003113 1.111272e+09 6003113
1.029232e-06 1.108466e+09 6003113 1.128509e+09 6003113
1.126381e-06 1.11331e+09 6002113 1.104444e+09 6002113
1.546739e-07 1.125094e+09 6003113 1.149751e+09 6003113
1.191025e-06 1.113463e+09 6002113 1.111449e+09 6002113
1.599889e-06 1.113281e+09 6002113 1.105026e+09 6002113
1.225101e-06 1.10717e+09 6002113 1.112396e+09 6002113
1.075503e-06 1.110195e+09 6002113 1.12159e+09 6002113
1.042351e-06 1.118728e+09 6002113 1.111954e+09 6002113
1.789448e-08 1.110327e+09 6002113 1.117857e+09 6002113
1.095868e-06 1.131156e+09 6003113 1.120154e+09 6003113
1.23107e-06 1.116216e+09 6002113 1.116011e+09 6002113
1.227517e-06 1.124412e+09 6002113 1.116776e+09 6002113
1.081249e-06 1.118456e+09 6002113 1.09125e+09 6002113
1.177688e-06 1.116964e+09 6002113 1.120912e+09 6002113
1.177688e-06 1.116964e+09 6002113 1.120912e+09 6002113
1.182435e-06 1.131881e+09 6003113 1.124344e+09 6003113
1.058975e-06 1.119011e+09 6002113 1.10545e+09 6002113
1.058975e-06 1.100935e+09 6002113 1.108503e+09 6002113
1.250313e-06 1.132955e+09 6003113 1.126639e+09 6003113
1.050764e-06 1.110141e+09 6002113 1.114196e+09 6002113
1.050764e-06 1.110141e+09 6002113 1.114196e+09 6002113
1.203239e-06 1.113575e+09 6002113 1.101458e+09 6002113
1.46104e-06 1.120246e+09 6003113 1.099431e+09 6003113
1.135089e-06 1.092996e+09 6002113 1.119235e+09 6002113
1.212459e-06 1.117993e+09 6002113 1.115646e+09 6002113
1.212459e-06 1.117993e+09 6002113 1.115646e+09 6002113
2.828404e-07 1.112439e+09 6002113 1.113819e+09 6002113
2.828404e-07 1.112439e+09 6002113 1.113819e+09 6002113
1.177688e-06 1.111105e+09 6002113 1.112384e+09 6002113
1.177688e-06 1.107818e+09 6002113 1.082264e+09 6002113
3.503312e-07 1.119953e+09 6002113 1.109256e+09 6002113
1.17269e-06 1.086688e+09 6002113 1.105069e+09 6002113
1.240384e-06 1.133683e+09 6003113 1.10404e+09 6003113
8.471732e-07 1.117915e+09 6002113 1.117417e+09 6002113
1.215857e-06 1.103822e+09 6002113 1.106731e+09 6002113
1.203239e-06 1.090422e+09 6002113 1.105179e+09 6002113
1.81629e-07 1.112526e+09 6003113 1.099141e+09 6003113
8.024662e-07 1.126017e+09 6003113 1.142555e+09 6003113
1.191025e-06 1.119272e+09 6003113 1.134556e+09 6003113
1.259026e-06 1.124069e+09 6003113 1.125479e+09 6003113
1.040282e-08 1.109872e+09 6002113 1.107535e+09 6002113
1.268754e-06 1.096947e+09 6002113 1.11227e+09 6002113
1.262504e-06 1.119363e+09 6003113 1.117734e+09 6003113
1.24987e-06 1.113323e+09 6002113 1.076097e+09 6002113
1.177688e-06 1.100779e+09 6002113 1.113722e+09 6002113
1.268754e-06 1.122917e+09 6003113 1.129675e+09 6003113
1.075803e-06 1.100141e+09 6002113 1.108713e+09 6002113
1.135089e-06 1.12366e+09 6002113 1.093603e+09 6002113
1.092749e-07 1.121235e+09 6003113 1.153193e+09 6003113
7.095649e-07 1.108774e+09 6002113 1.106064e+09 6002113
1.214136e-08 1.105773e+09 6003113 1.123521e+09 6003113
1.46104e-06 1.121266e+09 6003113 1.140717e+09 6003113
1.131972e-06 1.10909e+09 6002113 1.120656e+09 6002113
1.038023e-06 1.13314e+09 6003113 1.122757e+09 6003113
1.129445e-06 1.11472e+09 6002113 1.106939e+09 6002113
1.227517e-06 1.119886e+09 6002113 1.119838e+09 6002113
1.538644e-08 1.115355e+09 6002113 1.116711e+09 6002113
1.242679e-06 1.090532e+09 6002113 1.107943e+09 6002113
1.122664e-06 1.116559e+09 6003113 1.139673e+09 6003113
1.159025e-07 1.112009e+09 6002113 1.11973e+09 6002113
6.96982e-07 1.108723e+09 6002113 1.118749e+09 6002113
1.538644e-08 1.105289e+09 6003113 1.120702e+09 6003113
1.268754e-06 1.111082e+09 6003113 1.149602e+09 6003113
1.07448e-06 1.118771e+09 6003113 1.133562e+09 6003113
1.251858e-06 1.107422e+09 6003113 1.143193e+09 6003113
7.095649e-07 1.118826e+09 6002113 1.09139e+09 6002113
1.04561e-06 1.110649e+09 6002113 1.115938e+09 6002113
1.04561e-06 1.110649e+09 6002113 1.115938e+09 6002113
1.029829e-06 1.119105e+09 6002113 1.089987e+09 6002113
8.471732e-07 1.095621e+09 6002113 1.110819e+09 6002113
1.042351e-06 1.111233e+09 6002113 1.105557e+09 6002113
1.182559e-06 1.120505e+09 6002113 1.102687e+09 6002113
5.448522e-07 1.1068e+09 6002113 1.121858e+09 6002113
1.235105e-06 1.110486e+09 6002113 1.065764e+09 6002113
9.772041e-07 1.110599e+09 6003113 1.116794e+09 6003113
1.235105e-06 1.11907e+09 6003113 1.129092e+09 6003113
1.077139e-06 1.112745e+09 6003113 1.114775e+09 6003113
1.21797e-06 1.131158e+09 6003113 1.115189e+09 6003113
1.070463e-06 1.108422e+09 6002113 1.113754e+09 6002113
1.089167e-06 1.101269e+09 6002113 1.106579e+09 6002113
1.038023e-06 1.118901e+09 6002113 1.11436e+09 6002113
1.04561e-06 1.157911e+09 6003113 1.121678e+09 6003113
1.227517e-06 1.121047e+09 6002113 1.087657e+09 6002113
1.231696e-06 1.097552e+09 6002113 1.112921e+09 6002113
3.503312e-07 1.113219e+09 6002113 1.118321e+09 6002113
2.828404e-07 1.103413e+09 6002113 1.116858e+09 6002113
1.186148e-06 1.118152e+09 6002113 1.105604e+09 6002113
2.828404e-07 1.111702e+09 6003113 1.133263e+09 6003113
9.33395e-07 1.086136e+09 6002113 1.106854e+09 6002113
1.242915e-06 1.103346e+09 6002113 1.117879e+09 6002113
1.231696e-06 1.116917e+09 6003113 1.141328e+09 6003113
1.182559e-06 1.130861e+09 6003113 1.122429e+09 6003113
4.029199e-08 1.115351e+09 6002113 1.109026e+09 6002113
1.242679e-06 1.128742e+09 6003113 1.113224e+09 6003113
1.182435e-06 1.137794e+09 6003113 1.108839e+09 6003113
1.226814e-06 1.153872e+09 6003113 1.130258e+09 6003113
1.029829e-06 1.141271e+09 6003113 1.118771e+09 6003113
1.268754e-06 1.132721e+09 6003113 1.125532e+09 6003113
1.131972e-06 1.101747e+09 6002113 1.1001e+09 6002113
1.304509e-06 1.139766e+09 6003113 1.112687e+09 6003113
1.287502e-06 1.071232e+09 6001113 1.093874e+09 6001113
1.231696e-06 1.099247e+09 6002113 1.118554e+09 6002113
1.075803e-06 1.109745e+09 6002113 1.118744e+09 6002113
1.191025e-06 1.122929e+09 6002113 1.116679e+09 6002113
3.211338e-07 1.1281e+09 6002113 1.111181e+09 6002113
1.075803e-06 1.100537e+09 6002113 1.078709e+09 6002113
1.143417e-06 1.10973e+09 6002113 1.118299e+09 6002113
5.345185e-07 1.109909e+09 6002113 1.099637e+09 6002113
1.24987e-06 1.076294e+09 6001113 1.101126e+09 6001113
4.600746e-07 1.099092e+09 6002113 1.109329e+09 6002113
1.072776e-06 1.121248e+09 6003113 1.1426e+09 6003113
4.256807e-07 1.09223e+09 6002113 1.115128e+09 6002113
1.075803e-06 1.117253e+09 6003113 1.125493e+09 6003113
8.491714e-07 1.107881e+09 6002113 1.112824e+09 6002113
8.491714e-07 1.107881e+09 6002113 1.112824e+09 6002113
3.399152e-07 1.116933e+09 6002113 1.076586e+09 6002113
1.175141e-06 1.103707e+09 6002113 1.10925e+09 6002113
1.050764e-06 1.107624e+09 6003113 1.100316e+09 6003113
5.836122e-07 1.098612e+09 6002113 1.113353e+09 6002113
5.836122e-07 1.098612e+09 6002113 1.113353e+09 6002113
1.122664e-06 1.126288e+09 6003113 1.115115e+09 6003113
1.133878e-06 1.130993e+09 6003113 1.12722e+09 6003113
1.135089e-06 1.121168e+09 6002113 1.096835e+09 6002113
1.029829e-06 1.124244e+09 6002113 1.117406e+09 6002113
1.066989e-06 1.122676e+09 6003113 1.118149e+09 6003113
9.061706e-08 1.113858e+09 6002113 1.117137e+09 6002113
1.07448e-06 1.09032e+09 6002113 1.115094e+09 6002113
1.235105e-06 1.107868e+09 6002113 1.076806e+09 6002113
1.231696e-06 1.101372e+09 6003113 1.127738e+09 6003113
8.915158e-07 1.08856e+09 6002113 1.110403e+09 6002113
1.186896e-06 1.122708e+09 6003113 1.100701e+09 6003113
1.029232e-06 1.143117e+09 6003113 1.111399e+09 6003113
1.235105e-06 1.138218e+09 6003113 1.117228e+09 6003113
1.214611e-06 1.135143e+09 6003113 1.128815e+09 6003113
1.134591e-06 1.126807e+09 6003113 1.117522e+09 6003113
1.134591e-06 1.126807e+09 6003113 1.117522e+09 6003113
1.226814e-06 1.108579e+09 6002113 1.093483e+09 6002113
4.963481e-07 1.110319e+09 6002113 1.097691e+09 6002113
1.214611e-06 1.118531e+09 6002113 1.097346e+09 6002113
1.251858e-06 1.119963e+09 6003113 1.124622e+09 6003113
1.522646e-06 1.119735e+09 6002113 1.097482e+09 6002113
1.109723e-06 1.115886e+09 6002113 1.101563e+09 6002113
2.475115e-07 1.112816e+09 6002113 1.111111e+09 6002113
1.655671e-06 1.119272e+09 6002113 1.108466e+09 6002113
4.600746e-07 1.108711e+09 6002113 1.108026e+09 6002113
4.600746e-07 1.108711e+09 6002113 1.108026e+09 6002113
9.342401e-07 1.11507e+09 6003113 1.124932e+09 6003113
9.772041e-07 1.133002e+09 6003113 1.116595e+09 6003113
1.034495e-06 1.107834e+09 6002113 1.107986e+09 6002113
1.508422e-06 1.117788e+09 6003113 1.117245e+09 6003113
1.435808e-06 1.057675e+09 6002113 1.103639e+09 6002113
1.226814e-06 1.13762e+09 6003113 1.112481e+09 6003113
1.045868e-06 1.117142e+09 6002113 1.104754e+09 6002113
1.058975e-06 1.111367e+09 6002113 1.111223e+09 6002113
1.05902e-09 1.110048e+09 6002113 1.119752e+09 6002113
1.089167e-06 1.107443e+09 6002113 1.104158e+09 6002113
1.242915e-06 1.118587e+09 6002113 1.090595e+09 6002113
1.029232e-06 1.084399e+09 6002113 1.116377e+09 6002113
3.49583e-08 1.116877e+09 6002113 1.098418e+09 6002113
3.49583e-08 1.116877e+09 6002113 1.098418e+09 6002113
6.96982e-07 1.110116e+09 6002113 1.119002e+09 6002113
6.96982e-07 1.110116e+09 6002113 1.119002e+09 6002113
1.052826e-06 1.096212e+09 6002113 1.125347e+09 6002113
1.240384e-06 1.103441e+09 6002113 1.12495e+09 6002113
1.73854e-06 1.144278e+09 6003113 1.119306e+09 6003113
1.789448e-08 1.115416e+09 6002113 1.119305e+09 6002113
1.251858e-06 1.143696e+09 6003113 1.121057e+09 6003113
1.242679e-06 1.141324e+09 6003113 1.113817e+09 6003113
8.073423e-07 1.103013e+09 6003113 1.121472e+09 6003113
1.191025e-06 1.150313e+09 6003113 1.116765e+09 6003113
1.038651e-06 1.098582e+09 6002113 1.105832e+09 6002113
1.268754e-06 1.100538e+09 6002113 1.095643e+09 6002113
6.543317e-08 1.101577e+09 6002113 1.117599e+09 6002113
1.203239e-06 1.095904e+09 6002113 1.119583e+09 6002113
1.075803e-06 1.11324e+09 6002113 1.107767e+09 6002113
1.242915e-06 1.105696e+09 6002113 1.102932e+09 6002113
1.575658e-06 1.12553e+09 6002113 1.112231e+09 6002113
1.045868e-06 1.132555e+09 6003113 1.118334e+09 6003113
7.988447e-08 1.078154e+09 6002113 1.117688e+09 6002113
1.038023e-06 1.117036e+09 6002113 1.112324e+09 6002113
1.038023e-06 1.117036e+09 6002113 1.112324e+09 6002113
1.177688e-06 1.107201e+09 6002113 1.100513e+09 6002113
5.588579e-09 1.116843e+09 6002113 1.129138e+09 6002113
8.491714e-07 1.10751e+09 6002113 1.099759e+09 6002113
1.133878e-06 1.1177e+09 6003113 1.143724e+09 6003113
1.259026e-06 1.120144e+09 6002113 1.098806e+09 6002113
1.209678e-06 1.122963e+09 6003113 1.13417e+09 6003113
1.029829e-06 1.112953e+09 6002113 1.099119e+09 6002113
1.259026e-06 1.120211e+09 6002113 1.106718e+09 6002113
1.789448e-08 1.108466e+09 6002113 1.110878e+09 6002113
1.177688e-06 1.116987e+09 6002113 1.110127e+09 6002113
1.203239e-06 1.130149e+09 6003113 1.109391e+09 6003113
1.242915e-06 1.109325e+09 6002113 1.118017e+09 6002113
1.24987e-06 1.128734e+09 6003113 1.116098e+09 6003113
1.122664e-06 1.111601e+09 6002113 1.076164e+09 6002113
7.160418e-07 1.117476e+09 6002113 1.105923e+09 6002113
1.2218e-06 1.118737e+09 6002113 1.11273e+09 6002113
4.999644e-08 1.107336e+09 6003113 1.127181e+09 6003113
1.242679e-06 1.109545e+09 6002113 1.109042e+09 6002113
1.242679e-06 1.109545e+09 6002113 1.109042e+09 6002113
5.836122e-07 1.127323e+09 6003113 1.1256e+09 6003113
1.408505e-06 1.107517e+09 6002113 1.079011e+09 6002113
1.12853e-06 1.112507e+09 6002113 1.088698e+09 6002113
1.070463e-06 1.107976e+09 6002113 1.104782e+09 6002113
4.497059e-07 1.124038e+09 6003113 1.128748e+09 6003113
1.227517e-06 1.090404e+09 6002113 1.117354e+09 6002113
9.727433e-07 1.119199e+09 6003113 1.135664e+09 6003113
8.073423e-07 1.108655e+09 6002113 1.067771e+09 6002113
1.212459e-06 1.116414e+09 6003113 1.117259e+09 6003113
1.24987e-06 1.109979e+09 6002113 1.111423e+09 6002113
1.24987e-06 1.124946e+09 6002113 1.090778e+09 6002113
2.828404e-07 1.113808e+09 6002113 1.104568e+09 6002113
1.109723e-06 1.138432e+09 6003113 1.115612e+09 6003113
1.156125e-06 1.122812e+09 6003113 1.127582e+09 6003113
1.156125e-06 1.122812e+09 6003113 1.127582e+09 6003113
1.050764e-06 1.092723e+09 6002113 1.106799e+09 6002113
1.41596e-08 1.106503e+09 6002113 1.104633e+09 6002113
1.41596e-08 1.106503e+09 6002113 1.104633e+09 6002113
1.21797e-06 1.090652e+09 6003113 1.107778e+09 6003113
1.81629e-07 1.118876e+09 6002113 1.10719e+09 6002113
1.231696e-06 1.118436e+09 6002113 1.117017e+09 6002113
1.2218e-06 1.11294e+09 6002113 1.110316e+09 6002113
1.042351e-06 1.122389e+09 6002113 1.108253e+09 6002113
1.186148e-06 1.101493e+09 6002113 1.110635e+09 6002113
1.089167e-06 1.114898e+09 6003113 1.112951e+09 6003113
1.070463e-06 1.132464e+09 6003113 1.124339e+09 6003113
1.135089e-06 1.116551e+09 6002113 1.120117e+09 6002113
1.134591e-06 1.112915e+09 6002113 1.083233e+09 6002113
8.073423e-07 1.13184e+09 6002113 1.098924e+09 6002113
1.21797e-06 1.116888e+09 6002113 1.117128e+09 6002113
9.528038e-07 1.105181e+09 6002113 1.111749e+09 6002113
9.528038e-07 1.105181e+09 6002113 1.111749e+09 6002113
1.748001e-06 1.126546e+09 6002113 1.116078e+09 6002113
2.017898e-07 1.115917e+09 6002113 1.06913e+09 6002113
1.077139e-06 1.104868e+09 6002113 1.106035e+09 6002113
1.182435e-06 1.106878e+09 6002113 1.047574e+09 6002113
8.024662e-07 1.107783e+09 6002113 1.065258e+09 6002113
1.042351e-06 1.098242e+09 6002113 1.117399e+09 6002113
7.160418e-07 1.099767e+09 6003113 1.111432e+09 6003113
1.126381e-06 1.116017e+09 6002113 1.105404e+09 6002113
1.095868e-06 1.116687e+09 6002113 1.108866e+09 6002113
1.095868e-06 1.116687e+09 6002113 1.108866e+09 6002113
5.448522e-07 1.103636e+09 6002113 1.107429e+09 6002113
1.029232e-06 1.116144e+09 6002113 1.082967e+09 6002113
7.095649e-07 1.112896e+09 6003113 1.107602e+09 6003113
7.095649e-07 1.112896e+09 6003113 1.107602e+09 6003113
1.250313e-06 1.120472e+09 6002113 1.063863e+09 6002113
1.408505e-06 1.113803e+09 6002113 1.109495e+09 6002113
1.748001e-06 1.074934e+09 6002113 1.106565e+09 6002113
1.508422e-06 1.101219e+09 6002113 1.117923e+09 6002113
1.250313e-06 1.11045e+09 6002113 1.118776e+09 6002113
1.177688e-06 1.119513e+09 6002113 1.106891e+09 6002113
1.5369e-06 1.118498e+09 6003113 1.141143e+09 6003113
8.073423e-07 1.107287e+09 6002113 1.120805e+09 6002113
1.287502e-06 1.10352e+09 6003113 1.140597e+09 6003113
1.242915e-06 1.11865e+09 6003113 1.100999e+09 6003113
1.081249e-06 1.10247e+09 6002113 1.109047e+09 6002113
2.619991e-08 1.113923e+09 6002113 1.116105e+09 6002113
1.508422e-06 1.108462e+09 6003113 1.149043e+09 6003113
4.358855e-08 1.116368e+09 6002113 1.10192e+09 6002113
1.072776e-06 1.108342e+09 6003113 1.117856e+09 6003113
1.011912e-06 1.112765e+09 6002113 1.113748e+09 6002113
1.072776e-06 1.124145e+09 6002113 1.082383e+09 6002113
1.075803e-06 1.112641e+09 6002113 1.121101e+09 6002113
1.077139e-06 1.105961e+09 6002113 1.111032e+09 6002113
1.186896e-06 1.1266e+09 6003113 1.139703e+09 6003113
7.75917e-07 1.103265e+09 6002113 1.12179e+09 6002113
1.23107e-06 1.085838e+09 6002113 1.107162e+09 6002113
1.259026e-06 1.106118e+09 6002113 1.108419e+09 6002113
1.21797e-06 1.108591e+09 6002113 1.110809e+09 6002113
1.081249e-06 1.118044e+09 6003113 1.112765e+09 6003113
1.12853e-06 1.116958e+09 6002113 1.068968e+09 6002113
1.304509e-06 1.113411e+09 6003113 1.135278e+09 6003113
1.21797e-06 1.113651e+09 6002113 1.108875e+09 6002113
1.508422e-06 1.105274e+09 6002113 1.10046e+09 6002113
4.256807e-07 1.107032e+09 6002113 1.114759e+09 6002113
1.186896e-06 1.112513e+09 6003113 1.14311e+09 6003113
1.21797e-06 1.112513e+09 6002113 1.117898e+09 6002113
1.042795e-06 1.108086e+09 6002113 1.100367e+09 6002113
1.17269e-06 1.111765e+09 6002113 1.120343e+09 6002113
1.203239e-06 1.119562e+09 6003113 1.100043e+09 6003113
1.075503e-06 1.110468e+09 6002113 1.11366e+09 6002113
8.073423e-07 1.114245e+09 6002113 1.124113e+09 6002113
1.12853e-06 1.062579e+09 6001113 1.099484e+09 6001113
1.182435e-06 1.123293e+09 6003113 1.091007e+09 6003113
1.835486e-06 1.102499e+09 6002113 1.081172e+09 6002113
1.633696e-06 1.130778e+09 6003113 1.11553e+09 6003113
1.122664e-06 1.107551e+09 6002113 1.108505e+09 6002113
1.075503e-06 1.131888e+09 6003113 1.133311e+09 6003113
1.508422e-06 1.12501e+09 6003113 1.12117e+09 6003113
1.045868e-06 1.134486e+09 6003113 1.103855e+09 6003113
1.122664e-06 1.148638e+09 6003113 1.11693e+09 6003113
1.5369e-06 1.103288e+09 6002113 1.103915e+09 6002113
8.915158e-07 1.09348e+09 6002113 1.098919e+09 6002113
1.029232e-06 1.093565e+09 6002113 1.11883e+09 6002113
1.089167e-06 1.087265e+09 6002113 1.109915e+09 6002113
1.052826e-06 1.107644e+09 6002113 1.110001e+09 6002113
1.052826e-06 1.107644e+09 6002113 1.110001e+09 6002113
1.259026e-06 1.111014e+09 6002113 1.121378e+09 6002113
1.599889e-06 1.109584e+09 6003113 1.123878e+09 6003113
8.223573e-09 1.112717e+09 6002113 1.117391e+09 6002113
8.223573e-09 1.112717e+09 6002113 1.117391e+09 6002113
1.029829e-06 1.117843e+09 6002113 1.127144e+09 6002113
4.497059e-07 1.121647e+09 6003113 1.135341e+09 6003113
4.963481e-07 1.116753e+09 6002113 1.12388e+09 6002113
1.250313e-06 1.131495e+09 6003113 1.124356e+09 6003113
3.399152e-07 1.110074e+09 6002113 1.076272e+09 6002113
1.143417e-06 1.120644e+09 6003113 1.075676e+09 6003113
1.2218e-06 1.108668e+09 6002113 1.108222e+09 6002113
1.156125e-06 1.123991e+09 6002113 1.111904e+09 6002113
1.655671e-06 1.11616e+09 6003113 1.142497e+09 6003113
1.226814e-06 1.135545e+09 6003113 1.115991e+09 6003113
1.599889e-06 1.107822e+09 6002113 1.099236e+09 6002113
1.207767e-06 1.117404e+09 6002113 1.124756e+09 6002113
1.058975e-06 1.12418e+09 6003113 1.113898e+09 6003113
2.334643e-07 1.105732e+09 6003113 1.150533e+09 6003113
3.103753e-07 1.108014e+09 6002113 1.125736e+09 6002113
1.135089e-06 1.115087e+09 6002113 1.121754e+09 6002113
1.214611e-06 1.128881e+09 6003113 1.101438e+09 6003113
1.227517e-06 1.074794e+09 6002113 1.11894e+09 6002113
8.024662e-07 1.126879e+09 6002113 1.115927e+09 6002113
8.024662e-07 1.095352e+09 6001113 1.067787e+09 6001113
1.227997e-06 1.101809e+09 6002113 1.115158e+09 6002113
1.23107e-06 1.116955e+09 6002113 1.125066e+09 6002113
1.206262e-06 1.102199e+09 6001113 1.083211e+09 6001113
1.2218e-06 1.117197e+09 6003113 1.13517e+09 6003113
1.058975e-06 1.11163e+09 6003113 1.147469e+09 6003113
1.038023e-06 1.076666e+09 6002113 1.11994e+09 6002113
1.070463e-06 1.098277e+09 6002113 1.112353e+09 6002113
8.491714e-07 1.117088e+09 6002113 1.110356e+09 6002113
1.380481e-07 1.110731e+09 6002113 1.116448e+09 6002113
1.042795e-06 1.105691e+09 6002113 1.09448e+09 6002113
1.226814e-06 1.113179e+09 6002113 1.101683e+09 6002113
1.156125e-06 1.105785e+09 6002113 1.120701e+09 6002113
1.182435e-06 1.120126e+09 6003113 1.143208e+09 6003113
1.095868e-06 1.079127e+09 6003113 1.112809e+09 6003113
1.052826e-06 1.114787e+09 6002113 1.111157e+09 6002113
1.129445e-06 1.11497e+09 6002113 1.124373e+09 6002113
2.828404e-07 1.109943e+09 6002113 1.119755e+09 6002113
2.828404e-07 1.109943e+09 6002113 1.119755e+09 6002113
7.095649e-07 1.116097e+09 6002113 1.078776e+09 6002113
9.772041e-07 1.10439e+09 6002113 1.100166e+09 6002113
1.175141e-06 1.109869e+09 6002113 1.113752e+09 6002113
1.186896e-06 1.058568e+09 6002113 1.108481e+09 6002113
