1.205687e-06 1.049058e+09 6001113 1.073982e+09 6001113
1.117927e-06 1.048574e+09 6001113 1.070702e+09 6001113
1.485173e-06 1.023053e+09 6001113 1.044776e+09 6001113
1.052665e-06 1.065475e+09 6001113 1.041182e+09 6001113
1.116102e-06 1.052244e+09 6001113 1.07579e+09 6001113
7.905144e-07 1.075448e+09 6002113 1.098229e+09 6002113
1.517574e-06 1.080749e+09 6001113 1.075847e+09 6001113
1.306278e-06 1.084809e+09 6001113 1.068928e+09 6001113
1.320948e-06 1.063421e+09 6001113 1.061855e+09 6001113
1.202615e-06 1.074392e+09 6001113 1.079258e+09 6001113
1.023851e-06 1.051422e+09 6002113 1.059197e+09 6002113
1.023851e-06 1.051422e+09 6002113 1.059197e+09 6002113
1.117927e-06 1.057316e+09 6001113 1.058142e+09 6001113
1.109715e-06 1.083094e+09 6001113 1.061007e+09 6001113
1.019017e-06 1.074737e+09 6001113 1.072121e+09 6001113
1.290945e-06 1.049688e+09 6001113 1.07962e+09 6001113
1.049207e-06 1.059475e+09 6001113 1.06349e+09 6001113
1.187818e-06 1.083864e+09 6001113 1.047973e+09 6001113
1.052787e-06 1.109336e+09 6002113 1.094827e+09 6002113
1.055765e-06 1.081703e+09 6002113 1.068419e+09 6002113
1.206461e-06 1.07602e+09 6001113 1.068073e+09 6001113
9.823002e-07 1.068814e+09 6001113 1.050621e+09 6001113
1.290945e-06 1.088989e+09 6002113 1.065559e+09 6002113
1.846305e-06 1.077344e+09 6001113 1.071633e+09 6001113
1.202615e-06 1.063003e+09 6001113 1.06076e+09 6001113
9.453024e-07 1.057419e+09 6001113 1.070304e+09 6001113
1.027491e-06 1.070368e+09 6001113 1.068622e+09 6001113
1.126123e-06 1.041738e+09 6001113 1.041461e+09 6001113
1.00969e-06 1.064432e+09 6001113 1.070145e+09 6001113
1.230589e-06 1.105968e+09 6002113 1.086826e+09 6002113
4.703966e-09 1.074971e+09 6001113 1.075498e+09 6001113
1.053345e-06 1.084039e+09 6001113 1.061359e+09 6001113
1.354467e-09 1.0578e+09 6001113 1.080654e+09 6001113
1.116102e-06 1.103831e+09 6002113 1.077307e+09 6002113
1.111031e-06 1.068919e+09 6001113 1.064057e+09 6001113
1.025832e-06 1.070743e+09 6001113 1.075405e+09 6001113
1.196771e-06 1.081195e+09 6001113 1.083845e+09 6001113
1.027491e-06 1.052255e+09 6001113 1.06542e+09 6001113
8.70685e-07 1.102733e+09 6002113 1.08265e+09 6002113
3.196454e-07 1.075309e+09 6001113 1.0675e+09 6001113
1.030045e-06 1.074119e+09 6001113 1.050191e+09 6001113
1.798906e-06 1.069701e+09 6001113 1.059586e+09 6001113
8.305553e-07 1.08607e+09 6002113 1.118177e+09 6002113
1.028885e-06 1.06763e+09 6002113 1.075881e+09 6002113
7.323058e-07 1.074718e+09 6001113 1.069173e+09 6001113
7.044471e-07 1.074536e+09 6001113 1.083373e+09 6001113
7.444628e-08 1.065405e+09 6001113 1.053766e+09 6001113
1.219266e-06 1.075199e+09 6002113 1.097749e+09 6002113
1.153957e-06 1.075643e+09 6001113 1.058445e+09 6001113
1.053722e-06 1.059198e+09 6001113 1.077363e+09 6001113
1.053345e-06 1.082754e+09 6001113 1.076424e+09 6001113
1.135286e-06 1.059848e+09 6001113 1.070866e+09 6001113
1.683192e-06 1.066445e+09 6001113 1.073932e+09 6001113
1.042338e-06 1.047416e+09 6001113 1.081588e+09 6001113
8.451144e-07 1.075004e+09 6001113 1.07913e+09 6001113
1.306278e-06 1.068362e+09 6001113 1.074161e+09 6001113
1.053722e-06 1.085598e+09 6002113 1.050631e+09 6002113
1.180204e-06 1.088936e+09 6002113 1.068846e+09 6002113
1.039933e-06 1.059153e+09 6001113 1.063362e+09 6001113
1.222766e-06 1.067548e+09 6001113 1.057537e+09 6001113
1.053345e-06 1.082616e+09 6002113 1.091506e+09 6002113
1.274978e-06 1.080301e+09 6001113 1.066133e+09 6001113
1.162729e-06 1.074359e+09 6001113 1.068536e+09 6001113
1.149032e-06 1.057199e+09 6001113 1.071185e+09 6001113
1.023851e-06 1.066533e+09 6001113 1.066158e+09 6001113
2.598041e-08 1.083886e+09 6001113 1.060039e+09 6001113
6.571935e-07 1.094365e+09 6002113 1.099811e+09 6002113
1.205687e-06 1.048968e+09 6001113 1.057574e+09 6001113
1.306278e-06 1.073383e+09 6001113 1.074904e+09 6001113
3.451706e-09 1.022037e+09 6001113 1.05705e+09 6001113
1.33487e-06 1.04719e+09 6001113 1.08178e+09 6001113
1.488555e-06 1.055558e+09 6001113 1.07391e+09 6001113
9.519204e-07 1.08669e+09 6002113 1.07044e+09 6002113
1.192175e-06 1.027926e+09 6001113 1.065984e+09 6001113
1.053746e-06 1.07903e+09 6001113 1.054332e+09 6001113
1.166522e-06 1.068481e+09 6001113 1.059953e+09 6001113
1.102929e-06 1.077164e+09 6001113 1.079022e+09 6001113
1.102929e-06 1.077164e+09 6001113 1.079022e+09 6001113
3.485387e-07 1.074445e+09 6002113 1.105496e+09 6002113
3.485387e-07 1.060466e+09 6001113 1.06238e+09 6001113
1.149032e-06 1.095844e+09 6002113 1.080721e+09 6002113
1.049207e-06 1.063413e+09 6001113 1.067112e+09 6001113
1.074364e-06 1.0738e+09 6001113 1.08968e+09 6001113
1.197557e-06 1.094517e+09 6001113 1.084315e+09 6001113
1.116102e-06 1.067058e+09 6001113 1.05767e+09 6001113
6.99508e-07 1.071128e+09 6001113 1.060897e+09 6001113
3.485387e-07 1.075404e+09 6001113 1.058551e+09 6001113
1.37854e-07 1.076006e+09 6001113 1.074924e+09 6001113
1.055765e-06 1.064942e+09 6001113 1.085934e+09 6001113
1.053722e-06 1.069999e+09 6002113 1.06432e+09 6002113
1.188072e-06 1.061388e+09 6001113 1.066282e+09 6001113
1.485173e-06 1.082132e+09 6001113 1.070604e+09 6001113
2.469176e-07 1.072028e+09 6001113 1.064206e+09 6001113
8.304064e-07 1.076867e+09 6001113 1.075092e+09 6001113
5.307687e-07 1.050913e+09 6001113 1.07913e+09 6001113
1.044945e-06 1.081881e+09 6001113 1.068908e+09 6001113
1.044945e-06 1.081881e+09 6001113 1.068908e+09 6001113
1.214846e-06 1.056988e+09 6001113 1.059471e+09 6001113
1.567444e-06 1.020336e+09 6001113 1.082387e+09 6001113
9.823002e-07 1.053426e+09 6001113 1.03537e+09 6001113
1.816466e-06 1.084279e+09 6003113 1.119994e+09 6003113
8.70685e-07 1.107334e+09 6002113 1.081201e+09 6002113
1.105656e-06 1.090387e+09 6001113 1.073049e+09 6001113
1.117927e-06 1.057759e+09 6001113 1.065716e+09 6001113
1.053746e-06 1.081189e+09 6002113 1.064792e+09 6002113
1.702247e-06 1.093017e+09 6001113 1.073858e+09 6001113
1.143751e-06 1.087202e+09 6002113 1.08256e+09 6002113
1.153957e-06 1.077621e+09 6001113 1.076042e+09 6001113
4.920798e-07 1.053763e+09 6001113 1.076013e+09 6001113
1.027491e-06 1.076236e+09 6001113 1.075066e+09 6001113
1.188072e-06 1.094766e+09 6002113 1.105081e+09 6002113
1.190611e-06 1.084269e+09 6001113 1.066771e+09 6001113
1.153957e-06 1.071488e+09 6001113 1.060497e+09 6001113
1.053722e-06 1.057907e+09 6002113 1.108878e+09 6002113
5.411741e-07 1.087949e+09 6002113 1.086798e+09 6002113
1.028885e-06 1.055116e+09 6001113 1.078444e+09 6001113
1.346822e-06 1.057165e+09 6001113 1.08638e+09 6001113
1.207139e-06 1.030514e+09 6001113 1.087141e+09 6001113
1.517574e-06 1.071385e+09 6001113 1.058902e+09 6001113
6.007408e-10 1.061432e+09 6001113 1.079837e+09 6001113
8.70685e-07 1.074728e+09 6001113 1.053325e+09 6001113
6.254912e-07 1.085114e+09 6001113 1.080407e+09 6001113
1.053722e-06 1.097292e+09 6002113 1.055259e+09 6002113
1.150908e-06 1.038858e+09 6001113 1.070409e+09 6001113
2.328365e-07 1.080946e+09 6002113 1.101194e+09 6002113
1.091117e-06 1.077976e+09 6002113 1.099558e+09 6002113
1.518241e-08 1.061208e+09 6001113 1.0406e+09 6001113
