1.137514e-06 1.065876e+09 6002113 1.095072e+09 6002113
1.137514e-06 1.065876e+09 6002113 1.095072e+09 6002113
1.957253e-07 1.076075e+09 6001113 1.095521e+09 6001113
8.533571e-07 1.088733e+09 6001113 1.077218e+09 6001113
1.28526e-06 1.109769e+09 6002113 1.088431e+09 6002113
1.107382e-06 1.087958e+09 6002113 1.074663e+09 6002113
1.132615e-06 1.056873e+09 6001113 1.088226e+09 6001113
4.347969e-09 1.125762e+09 6002113 1.059599e+09 6002113
1.139695e-06 1.068524e+09 6001113 1.080659e+09 6001113
1.215646e-06 1.095203e+09 6002113 1.100424e+09 6002113
1.301534e-06 1.076669e+09 6001113 1.078174e+09 6001113
