1.883512e-06 1.035151e+09 6001113 1.02623e+09 6001113
2.932936e-06 1.063603e+09 6002113 1.045344e+09 6002113
1.699674e-06 1.048845e+09 6002113 1.055821e+09 6002113
6.124458e-07 1.060447e+09 6001113 1.044462e+09 6001113
1.922406e-06 1.039919e+09 6001113 1.054173e+09 6001113
1.922406e-06 1.039919e+09 6001113 1.054173e+09 6001113
1.526322e-06 1.048722e+09 6001113 1.046132e+09 6001113
1.340806e-06 1.057958e+09 6001113 1.051098e+09 6001113
1.968674e-06 9.8073e+08 6001113 1.051595e+09 6001113
1.788894e-06 1.052371e+09 6001113 1.043756e+09 6001113
1.886737e-06 1.039454e+09 6002113 1.044126e+09 6002113
1.982384e-07 1.065982e+09 6002113 1.04276e+09 6002113
2.356505e-06 1.040978e+09 6003113 1.108395e+09 6003113
1.973789e-06 1.065003e+09 6002113 1.032362e+09 6002113
1.973789e-06 1.032657e+09 6002113 1.041367e+09 6002113
1.137427e-06 1.059697e+09 6002113 1.042368e+09 6002113
1.83454e-06 1.033849e+09 6001113 1.049851e+09 6001113
1.973789e-06 1.036177e+09 6003113 1.091896e+09 6003113
1.466293e-06 1.04941e+09 6001113 1.043553e+09 6001113
1.933621e-06 1.046428e+09 6002113 1.033584e+09 6002113
1.687208e-06 1.036317e+09 6001113 1.041884e+09 6001113
1.70138e-06 1.064678e+09 6002113 1.067722e+09 6002113
1.69409e-06 1.030996e+09 6002113 1.039086e+09 6002113
3.915634e-09 1.050651e+09 6001113 1.041284e+09 6001113
3.915634e-09 1.050651e+09 6001113 1.041284e+09 6001113
1.202038e-07 1.042997e+09 6001113 1.042736e+09 6001113
7.212228e-07 1.005364e+09 6001113 1.038086e+09 6001113
1.928105e-06 1.053375e+09 6001113 1.047281e+09 6001113
1.271818e-06 1.04225e+09 6001113 1.041933e+09 6001113
1.271818e-06 1.04225e+09 6001113 1.041933e+09 6001113
1.968674e-06 1.053135e+09 6001113 1.046445e+09 6001113
1.949094e-06 1.051761e+09 6001113 1.045975e+09 6001113
1.932352e-06 1.045012e+09 6002113 1.061806e+09 6002113
1.69987e-06 1.04871e+09 6003113 1.059803e+09 6003113
5.465442e-07 1.057395e+09 6001113 1.047674e+09 6001113
1.785235e-06 1.029121e+09 6001113 1.023589e+09 6001113
2.450333e-06 1.04854e+09 6001113 1.051587e+09 6001113
1.928105e-06 1.049325e+09 6001113 1.045073e+09 6001113
2.17463e-06 1.042499e+09 6001113 1.031661e+09 6001113
1.933621e-06 1.053476e+09 6001113 1.042634e+09 6001113
2.530855e-06 1.026594e+09 6002113 1.035246e+09 6002113
1.932352e-06 1.039806e+09 6001113 1.048783e+09 6001113
1.932352e-06 1.039806e+09 6001113 1.048783e+09 6001113
1.405841e-06 1.077514e+09 6002113 1.024378e+09 6002113
1.870611e-06 1.058669e+09 6002113 1.068378e+09 6002113
1.917896e-06 1.03824e+09 6001113 1.037547e+09 6001113
1.917896e-06 1.03824e+09 6001113 1.037547e+09 6001113
1.922406e-06 1.060209e+09 6002113 1.067965e+09 6002113
1.69409e-06 1.024022e+09 6001113 1.055806e+09 6001113
1.73471e-06 1.053651e+09 6002113 1.076009e+09 6002113
9.210078e-08 1.049049e+09 6002113 1.051999e+09 6002113
1.340806e-06 1.062324e+09 6002113 1.060561e+09 6002113
1.877387e-06 1.052804e+09 6001113 1.047656e+09 6001113
1.793914e-06 1.001826e+09 6001113 1.035628e+09 6001113
9.950972e-07 1.049004e+09 6001113 1.045917e+09 6001113
1.524244e-08 1.032639e+09 6001113 1.037751e+09 6001113
2.717746e-06 1.066894e+09 6002113 1.049413e+09 6002113
1.630284e-06 1.01641e+09 6001113 1.016137e+09 6001113
1.630284e-06 1.01641e+09 6001113 1.016137e+09 6001113
1.785235e-06 1.075879e+09 6002113 1.073911e+09 6002113
1.679116e-06 1.026879e+09 6001113 1.044394e+09 6001113
1.973789e-06 1.073182e+09 6002113 1.083092e+09 6002113
1.701419e-06 1.045309e+09 6001113 1.036044e+09 6001113
2.155333e-06 1.024813e+09 6001113 1.044395e+09 6001113
2.566731e-06 1.041556e+09 6001113 1.054184e+09 6001113
1.886737e-06 1.051054e+09 6001113 1.04105e+09 6001113
1.877387e-06 1.025712e+09 6001113 1.05416e+09 6001113
6.035514e-07 1.041518e+09 6001113 1.040776e+09 6001113
7.447045e-08 1.034505e+09 6002113 1.06788e+09 6002113
1.405841e-06 1.040477e+09 6002113 1.062998e+09 6002113
1.69409e-06 1.048216e+09 6001113 1.027502e+09 6001113
1.785235e-06 1.039487e+09 6001113 1.041101e+09 6001113
2.398018e-06 1.068878e+09 6002113 1.076228e+09 6002113
5.465442e-07 1.074218e+09 6002113 1.065064e+09 6002113
1.661277e-06 1.059679e+09 6003113 1.111572e+09 6003113
1.69409e-06 1.068318e+09 6002113 1.084466e+09 6002113
1.932352e-06 1.027105e+09 6001113 1.026848e+09 6001113
1.932352e-06 1.027105e+09 6001113 1.026848e+09 6001113
2.08441e-06 1.081763e+09 6003113 1.068578e+09 6003113
1.791789e-06 1.044922e+09 6001113 1.052842e+09 6001113
2.225843e-07 1.071695e+09 6002113 1.057517e+09 6002113
1.645343e-06 1.083618e+09 6002113 1.063221e+09 6002113
2.748513e-06 1.093897e+09 6003113 1.066629e+09 6003113
1.70138e-06 1.023344e+09 6001113 1.042085e+09 6001113
1.911946e-06 1.046714e+09 6001113 1.039891e+09 6001113
1.73471e-06 1.031074e+09 6001113 1.036414e+09 6001113
3.604484e-07 1.020933e+09 6001113 1.050647e+09 6001113
5.465442e-07 1.049362e+09 6002113 1.060732e+09 6002113
1.863223e-06 1.038096e+09 6001113 1.025609e+09 6001113
2.132854e-06 1.042589e+09 6001113 1.044236e+09 6001113
1.771338e-06 1.068944e+09 6003113 1.095416e+09 6003113
1.287081e-07 1.058114e+09 6002113 1.07729e+09 6002113
1.659026e-06 1.018095e+09 6001113 1.037169e+09 6001113
1.791789e-06 1.055431e+09 6002113 1.072836e+09 6002113
1.653559e-07 1.074244e+09 6002113 1.014964e+09 6002113
1.932352e-06 1.058913e+09 6002113 1.030415e+09 6002113
1.932352e-06 1.058913e+09 6002113 1.030415e+09 6002113
1.928105e-06 1.045253e+09 6001113 1.0236e+09 6001113
1.928105e-06 1.045253e+09 6001113 1.0236e+09 6001113
2.109167e-06 1.057204e+09 6001113 1.042538e+09 6001113
2.17463e-06 1.07216e+09 6002113 1.077327e+09 6002113
1.699674e-06 1.07825e+09 6003113 1.056891e+09 6003113
4.992589e-07 1.05122e+09 6002113 1.08318e+09 6002113
5.161117e-07 1.087286e+09 6003113 1.072821e+09 6003113
1.917896e-06 1.090998e+09 6003113 1.067686e+09 6003113
1.466293e-06 1.065381e+09 6003113 1.103057e+09 6003113
1.805049e-06 1.019272e+09 6003113 1.089637e+09 6003113
1.656349e-06 1.01867e+09 6001113 1.029209e+09 6001113
2.904582e-06 1.035492e+09 6001113 1.027361e+09 6001113
8.702882e-07 1.029929e+09 6001113 1.049122e+09 6001113
2.632712e-06 1.032463e+09 6001113 1.02647e+09 6001113
7.235028e-07 1.025826e+09 6001113 1.019764e+09 6001113
1.704679e-06 1.061195e+09 6002113 1.049769e+09 6002113
8.738005e-07 1.000433e+09 6001113 1.022098e+09 6001113
1.887208e-06 1.04117e+09 6001113 1.039305e+09 6001113
1.974324e-06 1.040373e+09 6001113 1.024273e+09 6001113
5.606584e-08 1.033001e+09 6001113 1.045586e+09 6001113
1.66315e-06 1.067194e+09 6002113 1.056568e+09 6002113
1.287081e-07 1.043262e+09 6001113 1.02594e+09 6001113
1.69987e-06 1.042218e+09 6002113 1.06821e+09 6002113
1.341046e-06 1.03834e+09 6001113 1.034207e+09 6001113
1.58606e-06 1.041209e+09 6001113 1.036326e+09 6001113
1.58606e-06 1.041209e+09 6001113 1.036326e+09 6001113
5.573257e-09 1.050756e+09 6001113 1.036719e+09 6001113
1.83454e-06 9.985697e+08 6001113 1.053361e+09 6001113
1.526322e-06 1.040977e+09 6001113 1.047098e+09 6001113
2.132854e-06 1.073185e+09 6002113 1.048176e+09 6002113
1.659026e-06 1.090154e+09 6003113 1.075781e+09 6003113
7.212228e-07 1.01475e+09 6001113 9.954188e+08 6001113
1.137427e-06 1.056284e+09 6002113 1.050131e+09 6002113
1.76176e-06 1.027428e+09 6001113 1.040864e+09 6001113
1.69409e-06 1.040885e+09 6001113 1.026414e+09 6001113
1.863223e-06 1.047856e+09 6001113 1.040501e+09 6001113
1.973789e-06 1.048759e+09 6002113 1.065447e+09 6002113
1.687208e-06 1.074245e+09 6002113 1.066159e+09 6002113
2.08441e-06 1.013128e+09 6001113 1.020616e+09 6001113
3.318978e-08 1.047437e+09 6002113 1.069429e+09 6002113
3.318978e-08 1.047437e+09 6002113 1.069429e+09 6002113
1.846424e-06 1.069759e+09 6002113 1.044723e+09 6002113
1.791789e-06 1.073069e+09 6002113 1.076033e+09 6002113
1.66315e-06 1.033524e+09 6001113 1.044197e+09 6001113
1.785235e-06 1.027026e+09 6001113 9.764089e+08 6001113
1.682999e-06 1.048362e+09 6001113 1.015552e+09 6001113
7.212228e-07 1.075493e+09 6002113 1.070623e+09 6002113
7.212228e-07 1.075493e+09 6002113 1.070623e+09 6002113
1.701419e-06 1.065322e+09 6002113 1.067692e+09 6002113
2.566731e-06 1.057032e+09 6002113 1.078115e+09 6002113
5.627639e-07 1.042357e+09 6001113 1.054799e+09 6001113
6.466835e-08 1.06944e+09 6002113 1.060256e+09 6002113
1.203883e-06 1.061482e+09 6002113 1.063984e+09 6002113
1.918307e-06 1.043145e+09 6001113 1.029216e+09 6001113
1.855271e-06 1.033212e+09 6001113 1.032251e+09 6001113
2.058629e-06 1.037849e+09 6001113 1.056602e+09 6001113
1.802101e-06 1.052622e+09 6001113 1.043955e+09 6001113
1.630284e-06 1.068681e+09 6002113 1.028721e+09 6002113
1.788894e-06 1.0482e+09 6002113 1.045331e+09 6002113
1.704679e-06 1.051763e+09 6002113 1.042082e+09 6002113
3.104531e-06 1.057872e+09 6002113 1.076235e+09 6002113
1.69409e-06 1.06815e+09 6002113 1.064914e+09 6002113
1.805049e-06 1.045869e+09 6001113 1.038549e+09 6001113
1.855271e-06 1.029062e+09 6001113 1.034089e+09 6001113
1.06113e-06 1.082343e+09 6003113 1.065274e+09 6003113
1.735097e-06 1.053219e+09 6002113 1.066306e+09 6002113
1.66315e-06 1.003543e+09 6001113 1.041735e+09 6001113
1.947999e-06 1.046438e+09 6001113 1.061601e+09 6001113
2.626036e-08 1.01867e+09 6001113 1.057593e+09 6001113
2.626036e-08 1.01867e+09 6001113 1.057593e+09 6001113
3.986826e-07 1.030534e+09 6001113 1.027984e+09 6001113
1.947999e-06 1.020686e+09 6001113 1.05085e+09 6001113
1.846745e-06 1.04122e+09 6001113 1.03516e+09 6001113
2.530855e-06 1.049991e+09 6001113 1.042891e+09 6001113
1.58606e-06 1.056866e+09 6002113 1.053129e+09 6002113
1.911946e-06 1.085835e+09 6002113 1.049525e+09 6002113
2.566731e-06 1.044383e+09 6001113 9.953754e+08 6001113
1.870611e-06 1.05041e+09 6001113 1.030843e+09 6001113
1.818282e-06 1.10888e+09 6003113 1.066188e+09 6003113
1.863223e-06 1.039865e+09 6001113 1.035778e+09 6001113
6.466835e-08 1.027659e+09 6001113 1.042198e+09 6001113
1.704014e-06 1.042808e+09 6002113 1.05898e+09 6002113
5.627639e-07 1.010624e+09 6001113 1.028631e+09 6001113
1.933621e-06 1.047528e+09 6001113 1.041411e+09 6001113
1.700819e-06 1.030849e+09 6001113 1.054946e+09 6001113
2.605538e-06 1.024849e+09 6001113 1.017725e+09 6001113
1.072621e-06 1.057757e+09 6003113 1.075296e+09 6003113
1.858301e-06 1.025078e+09 6001113 1.04563e+09 6001113
1.630284e-06 1.065962e+09 6002113 1.065526e+09 6002113
1.946748e-06 1.066388e+09 6002113 1.082949e+09 6002113
1.682999e-06 1.018629e+09 6001113 1.049894e+09 6001113
1.271818e-06 1.040654e+09 6002113 1.066928e+09 6002113
1.526322e-06 1.011179e+09 6001113 1.050461e+09 6001113
2.058629e-06 1.027321e+09 6001113 1.029373e+09 6001113
1.900942e-06 1.06772e+09 6002113 1.075142e+09 6002113
1.537007e-06 1.000897e+09 6001113 1.049781e+09 6001113
1.941789e-06 1.079082e+09 6002113 1.061767e+09 6002113
2.748513e-06 1.053103e+09 6003113 1.09968e+09 6003113
1.656349e-06 1.029481e+09 6001113 9.709883e+08 6001113
1.918307e-06 1.070333e+09 6002113 1.067631e+09 6002113
1.009942e-06 1.057635e+09 6002113 1.066382e+09 6002113
2.155333e-06 1.02405e+09 6001113 1.038546e+09 6001113
1.932352e-06 1.05234e+09 6002113 1.083207e+09 6002113
1.933621e-06 1.042554e+09 6001113 1.03436e+09 6001113
1.933621e-06 1.042554e+09 6001113 1.03436e+09 6001113
3.986826e-07 1.067276e+09 6002113 1.060809e+09 6002113
3.986826e-07 1.067276e+09 6002113 1.060809e+09 6002113
1.661277e-06 1.058687e+09 6002113 1.047735e+09 6002113
1.846424e-06 1.050498e+09 6001113 1.050859e+09 6001113
1.37337e-06 1.058052e+09 6001113 1.040229e+09 6001113
1.973789e-06 1.062809e+09 6002113 1.074705e+09 6002113
1.933621e-06 1.016989e+09 6001113 1.013011e+09 6001113
1.924932e-06 1.027264e+09 6001113 1.003407e+09 6001113
1.986956e-06 1.060242e+09 6002113 1.087734e+09 6002113
1.917896e-06 1.058317e+09 6001113 1.031364e+09 6001113
4.140829e-07 1.043978e+09 6001113 1.0233e+09 6001113
1.544144e-06 1.027138e+09 6002113 1.056808e+09 6002113
2.08441e-06 1.075875e+09 6002113 1.066882e+09 6002113
1.973789e-06 1.053109e+09 6002113 1.075045e+09 6002113
1.699674e-06 1.089909e+09 6003113 1.052397e+09 6003113
1.788894e-06 1.034103e+09 6001113 1.032353e+09 6001113
1.645343e-06 1.001285e+09 6001113 1.038396e+09 6001113
1.785235e-06 1.024636e+09 6001113 1.044044e+09 6001113
7.212228e-07 1.072484e+09 6002113 1.070376e+09 6002113
6.124458e-07 1.033141e+09 6001113 1.038919e+09 6001113
1.973789e-06 1.032724e+09 6001113 1.030547e+09 6001113
1.537007e-06 1.035042e+09 6001113 1.027083e+09 6001113
1.537007e-06 1.035042e+09 6001113 1.027083e+09 6001113
1.932352e-06 1.026463e+09 6002113 1.063866e+09 6002113
1.700819e-06 1.015652e+09 6001113 1.042047e+09 6001113
1.701419e-06 1.023119e+09 6001113 1.040685e+09 6001113
1.917896e-06 1.033464e+09 6001113 1.038814e+09 6001113
1.905602e-06 1.068123e+09 6003113 1.096171e+09 6003113
1.700819e-06 1.020541e+09 6002113 1.084195e+09 6002113
1.704679e-06 1.057869e+09 6002113 1.064236e+09 6002113
1.704679e-06 1.057869e+09 6002113 1.064236e+09 6002113
1.69987e-06 1.024867e+09 6001113 1.026037e+09 6001113
1.780832e-06 1.049522e+09 6001113 1.041922e+09 6001113
3.604484e-07 1.080682e+09 6002113 1.064351e+09 6002113
1.949094e-06 1.038377e+09 6002113 1.06745e+09 6002113
1.986956e-06 1.040028e+09 6001113 1.038506e+09 6001113
1.659026e-06 1.065758e+09 6002113 1.057879e+09 6002113
1.700771e-06 1.087316e+09 6003113 1.078313e+09 6003113
1.66315e-06 1.029795e+09 6002113 1.072877e+09 6002113
1.968674e-06 1.036821e+09 6001113 1.048162e+09 6001113
3.251895e-07 1.035809e+09 6001113 1.006953e+09 6001113
1.700771e-06 1.074388e+09 6002113 1.053748e+09 6002113
9.184882e-07 1.048099e+09 6001113 1.036196e+09 6001113
1.341046e-06 9.885035e+08 6001113 1.025706e+09 6001113
1.941789e-06 1.090895e+09 6003113 1.076108e+09 6003113
1.58606e-06 1.08054e+09 6002113 1.06519e+09 6002113
2.45141e-08 1.016968e+09 6001113 1.031716e+09 6001113
1.276395e-06 1.074815e+09 6002113 1.06075e+09 6002113
1.66315e-06 1.050972e+09 6001113 1.042356e+09 6001113
1.785235e-06 1.087918e+09 6003113 1.052887e+09 6003113
1.704679e-06 1.040764e+09 6002113 1.056717e+09 6002113
1.791789e-06 1.058348e+09 6002113 1.034488e+09 6002113
1.854679e-06 1.068487e+09 6002113 1.067531e+09 6002113
1.699674e-06 1.031103e+09 6001113 1.055058e+09 6001113
1.941789e-06 1.092176e+09 6003113 1.048088e+09 6003113
9.950972e-07 1.043453e+09 6001113 1.044198e+09 6001113
1.69987e-06 1.057415e+09 6001113 1.046716e+09 6001113
1.072621e-06 1.040592e+09 6001113 1.047767e+09 6001113
1.072621e-06 1.040592e+09 6001113 1.047767e+09 6001113
1.917896e-06 1.053617e+09 6001113 1.046556e+09 6001113
1.917896e-06 1.053617e+09 6001113 1.046556e+09 6001113
2.492389e-06 1.06622e+09 6002113 1.023651e+09 6002113
2.492389e-06 1.06622e+09 6002113 1.023651e+09 6002113
1.883512e-06 1.005579e+09 6001113 1.03489e+09 6001113
6.466835e-08 1.038504e+09 6001113 1.049477e+09 6001113
1.699674e-06 1.04822e+09 6001113 1.036951e+09 6001113
1.699674e-06 1.04822e+09 6001113 1.036951e+09 6001113
1.699674e-06 1.059233e+09 6001113 1.005346e+09 6001113
1.982384e-07 1.045646e+09 6002113 1.086805e+09 6002113
1.788894e-06 1.0354e+09 6001113 1.029523e+09 6001113
1.682999e-06 1.026568e+09 6001113 1.028354e+09 6001113
1.941789e-06 1.036629e+09 6001113 1.049708e+09 6001113
1.771338e-06 1.009676e+09 6001113 1.030519e+09 6001113
1.917896e-06 1.041216e+09 6002113 1.077532e+09 6002113
5.606584e-08 1.060442e+09 6002113 1.055804e+09 6002113
1.271818e-06 1.076488e+09 6003113 1.098417e+09 6003113
1.69987e-06 1.041236e+09 6001113 1.050504e+09 6001113
1.965453e-06 1.054834e+09 6002113 1.072942e+09 6002113
1.704679e-06 1.05075e+09 6002113 1.071336e+09 6002113
1.630284e-06 1.039889e+09 6001113 1.040205e+09 6001113
1.918307e-06 1.039723e+09 6001113 1.02434e+09 6001113
1.918307e-06 1.039723e+09 6001113 1.02434e+09 6001113
1.887208e-06 1.047158e+09 6001113 1.015465e+09 6001113
1.83454e-06 1.068796e+09 6002113 1.055576e+09 6002113
3.604484e-07 1.07309e+09 6003113 1.077837e+09 6003113
1.466293e-06 1.047856e+09 6002113 1.044741e+09 6002113
1.855271e-06 1.074739e+09 6002113 1.066264e+09 6002113
1.939002e-06 1.060886e+09 6002113 1.033533e+09 6002113
1.939002e-06 1.060886e+09 6002113 1.033533e+09 6002113
7.212228e-07 1.049835e+09 6002113 1.062314e+09 6002113
1.846745e-06 1.033576e+09 6001113 1.041856e+09 6001113
1.656349e-06 1.070778e+09 6002113 1.062002e+09 6002113
1.656349e-06 1.070778e+09 6002113 1.062002e+09 6002113
2.530855e-06 1.07869e+09 6002113 9.966372e+08 6002113
1.968674e-06 1.073624e+09 6002113 1.073878e+09 6002113
1.846745e-06 1.015083e+09 6001113 1.01617e+09 6001113
1.933621e-06 1.041085e+09 6001113 1.011871e+09 6001113
1.405841e-06 1.040065e+09 6001113 1.001669e+09 6001113
2.605538e-06 1.030326e+09 6001113 1.014884e+09 6001113
9.210078e-08 1.036491e+09 6001113 1.015727e+09 6001113
6.652407e-07 1.047412e+09 6001113 1.0377e+09 6001113
1.466293e-06 1.011223e+09 6001113 1.03386e+09 6001113
1.949094e-06 1.057935e+09 6002113 1.066162e+09 6002113
1.679116e-06 1.056439e+09 6002113 1.044033e+09 6002113
1.679116e-06 1.056439e+09 6002113 1.044033e+09 6002113
1.900942e-06 1.061536e+09 6002113 1.050131e+09 6002113
1.886737e-06 1.049766e+09 6001113 1.049922e+09 6001113
1.659026e-06 1.066359e+09 6002113 1.056194e+09 6002113
1.466293e-06 1.053477e+09 6002113 1.041981e+09 6002113
1.917896e-06 1.048452e+09 6002113 1.053031e+09 6002113
1.630284e-06 1.101194e+09 6003113 1.066985e+09 6003113
7.284831e-07 1.029289e+09 6001113 1.019174e+09 6001113
7.284831e-07 1.029289e+09 6001113 1.019174e+09 6001113
1.76176e-06 1.043934e+09 6001113 1.052277e+09 6001113
1.76176e-06 1.043934e+09 6001113 1.052277e+09 6001113
1.846745e-06 1.043195e+09 6001113 1.001718e+09 6001113
1.933621e-06 1.075835e+09 6002113 1.049376e+09 6002113
1.785235e-06 1.026858e+09 6001113 1.051527e+09 6001113
1.466293e-06 1.06962e+09 6002113 1.079243e+09 6002113
9.52386e-09 1.041916e+09 6001113 1.027367e+09 6001113
1.949094e-06 1.049905e+09 6001113 1.035955e+09 6001113
1.949094e-06 1.049905e+09 6001113 1.035955e+09 6001113
1.466293e-06 1.062985e+09 6002113 1.079057e+09 6002113
1.661277e-06 1.040202e+09 6001113 1.045071e+09 6001113
2.626036e-08 1.071155e+09 6002113 1.074735e+09 6002113
3.759468e-07 1.015457e+09 6001113 1.029915e+09 6001113
2.225843e-07 1.023535e+09 6001113 1.023616e+09 6001113
1.833076e-06 1.065804e+09 6002113 1.077086e+09 6002113
1.883512e-06 1.096071e+09 6003113 1.064487e+09 6003113
1.933621e-06 1.037479e+09 6001113 1.03341e+09 6001113
2.493846e-07 1.052429e+09 6001113 1.045359e+09 6001113
2.493846e-07 1.052429e+09 6001113 1.045359e+09 6001113
1.900942e-06 1.045684e+09 6002113 1.061674e+09 6002113
4.140829e-07 1.048742e+09 6002113 1.052155e+09 6002113
1.928105e-06 1.068716e+09 6002113 1.057161e+09 6002113
1.833076e-06 1.062358e+09 6003113 1.058755e+09 6003113
1.818282e-06 1.041299e+09 6001113 1.025841e+09 6001113
1.887208e-06 1.048781e+09 6002113 1.068499e+09 6002113
1.679116e-06 1.024429e+09 6001113 1.029421e+09 6001113
1.933621e-06 1.057617e+09 6003113 1.109125e+09 6003113
1.968674e-06 1.06775e+09 6003113 1.097773e+09 6003113
1.900942e-06 1.063316e+09 6003113 1.093389e+09 6003113
1.785272e-06 1.072814e+09 6002113 1.065637e+09 6002113
2.403479e-06 1.048763e+09 6002113 1.080078e+09 6002113
1.73471e-06 1.037199e+09 6003113 1.110276e+09 6003113
7.235028e-07 1.032195e+09 6001113 1.036722e+09 6001113
9.314561e-07 1.075446e+09 6003113 1.109977e+09 6003113
5.161117e-07 1.031418e+09 6002113 1.046682e+09 6002113
1.137427e-06 1.033086e+09 6001113 1.010118e+09 6001113
1.833076e-06 1.069323e+09 6002113 1.028862e+09 6002113
1.877387e-06 1.029706e+09 6001113 1.027809e+09 6001113
2.109167e-06 1.066254e+09 6002113 1.056175e+09 6002113
8.550446e-07 1.06558e+09 6002113 1.072546e+09 6002113
8.550446e-07 1.06558e+09 6002113 1.072546e+09 6002113
1.659026e-06 1.030687e+09 6001113 1.032597e+09 6001113
2.626036e-08 1.080176e+09 6002113 1.070697e+09 6002113
1.679116e-06 1.04108e+09 6001113 1.057304e+09 6001113
1.974324e-06 1.075553e+09 6002113 1.053335e+09 6002113
1.870611e-06 1.064844e+09 6002113 1.050951e+09 6002113
1.785235e-06 1.049543e+09 6001113 1.043735e+09 6001113
7.235028e-07 1.075302e+09 6002113 1.046253e+09 6002113
1.924932e-06 1.018789e+09 6002113 1.085107e+09 6002113
2.155333e-06 1.052754e+09 6002113 1.062908e+09 6002113
1.704679e-06 1.033461e+09 6001113 1.016563e+09 6001113
1.704679e-06 1.033461e+09 6001113 1.016563e+09 6001113
1.905602e-06 1.066424e+09 6002113 1.048667e+09 6002113
1.645343e-06 1.047089e+09 6001113 1.046158e+09 6001113
2.403479e-06 1.06043e+09 6001113 1.032588e+09 6001113
1.791789e-06 1.026373e+09 6001113 1.043157e+09 6001113
1.791789e-06 1.026373e+09 6001113 1.043157e+09 6001113
2.058629e-06 1.0335e+09 6001113 1.052263e+09 6001113
2.492389e-06 1.037555e+09 6001113 1.05476e+09 6001113
2.492389e-06 1.037555e+09 6001113 1.05476e+09 6001113
1.905602e-06 1.051741e+09 6002113 1.062074e+09 6002113
2.932936e-06 1.055468e+09 6002113 1.058275e+09 6002113
1.802101e-06 1.074791e+09 6002113 1.041218e+09 6002113
1.785272e-06 1.060235e+09 6002113 1.065854e+09 6002113
1.911946e-06 1.058429e+09 6002113 1.056465e+09 6002113
1.911946e-06 1.058429e+09 6002113 1.056465e+09 6002113
1.791789e-06 1.075507e+09 6002113 1.057179e+09 6002113
1.917896e-06 1.049764e+09 6001113 1.014039e+09 6001113
1.870611e-06 1.093034e+09 6002113 1.071575e+09 6002113
2.356505e-06 1.048588e+09 6001113 1.025033e+09 6001113
1.941789e-06 1.057262e+09 6002113 1.06185e+09 6002113
1.855271e-06 1.011972e+09 6001113 1.057008e+09 6001113
2.717746e-06 1.047953e+09 6001113 1.04893e+09 6001113
1.791789e-06 1.049205e+09 6002113 1.066946e+09 6002113
1.699674e-06 1.002921e+09 6001113 1.041422e+09 6001113
1.924932e-06 1.052606e+09 6001113 1.031813e+09 6001113
1.793914e-06 1.021144e+09 6001113 1.032967e+09 6001113
1.69987e-06 1.023475e+09 6001113 1.01205e+09 6001113
1.924932e-06 1.037948e+09 6001113 9.863465e+08 6001113
8.039474e-08 1.065425e+09 6002113 1.081439e+09 6002113
1.69409e-06 9.924812e+08 6001113 1.03466e+09 6001113
1.947999e-06 1.030539e+09 6001113 1.040962e+09 6001113
1.699674e-06 1.071369e+09 6002113 1.063848e+09 6002113
6.822842e-07 1.091267e+09 6003113 1.067614e+09 6003113
1.905602e-06 1.050511e+09 6001113 1.050211e+09 6001113
1.877387e-06 1.043327e+09 6001113 1.042856e+09 6001113
2.109167e-06 1.041249e+09 6001113 1.041309e+09 6001113
1.132096e-07 1.048322e+09 6001113 1.031635e+09 6001113
1.137427e-06 1.052332e+09 6001113 1.035272e+09 6001113
1.846745e-06 1.042254e+09 6001113 1.044577e+09 6001113
1.846745e-06 1.042254e+09 6001113 1.044577e+09 6001113
1.466293e-06 1.101729e+09 6003113 1.072468e+09 6003113
1.928105e-06 1.083378e+09 6002113 1.066064e+09 6002113
1.656349e-06 1.078446e+09 6002113 1.041801e+09 6002113
1.883512e-06 1.066089e+09 6002113 1.055391e+09 6002113
1.883512e-06 1.038419e+09 6001113 1.047498e+09 6001113
1.833076e-06 1.06144e+09 6003113 1.079654e+09 6003113
1.76176e-06 1.042012e+09 6001113 1.030733e+09 6001113
1.466293e-06 1.07537e+09 6002113 1.064389e+09 6002113
1.854679e-06 1.077281e+09 6002113 1.034771e+09 6002113
1.129453e-06 1.060892e+09 6003113 1.108086e+09 6003113
1.922406e-06 1.037679e+09 6001113 1.040956e+09 6001113
1.918307e-06 1.066917e+09 6002113 1.055941e+09 6002113
1.793914e-06 1.069127e+09 6002113 1.042584e+09 6002113
1.863223e-06 1.086185e+09 6003113 1.082562e+09 6003113
5.627639e-07 1.042812e+09 6001113 1.038395e+09 6001113
5.627639e-07 1.042812e+09 6001113 1.038395e+09 6001113
2.788109e-07 1.059365e+09 6002113 1.080643e+09 6002113
2.132854e-06 1.040424e+09 6001113 1.035159e+09 6001113
1.785272e-06 1.068963e+09 6002113 1.071431e+09 6002113
1.203883e-06 1.044439e+09 6002113 1.069696e+09 6002113
1.887208e-06 1.037406e+09 6001113 1.045953e+09 6001113
2.632712e-06 1.086496e+09 6002113 1.066068e+09 6002113
1.858301e-06 1.064997e+09 6002113 1.043391e+09 6002113
1.661277e-06 1.023592e+09 6001113 1.054789e+09 6001113
1.661277e-06 1.023592e+09 6001113 1.054789e+09 6001113
1.661277e-06 1.023592e+09 6001113 1.054789e+09 6001113
6.035514e-07 1.053081e+09 6002113 1.07428e+09 6002113
1.846745e-06 1.055078e+09 6002113 1.060835e+09 6002113
1.679116e-06 1.021347e+09 6001113 1.04585e+09 6001113
1.854679e-06 1.048138e+09 6001113 1.05365e+09 6001113
1.928105e-06 1.048913e+09 6001113 1.045376e+09 6001113
1.69409e-06 1.052144e+09 6001113 1.036752e+09 6001113
1.69409e-06 1.052144e+09 6001113 1.036752e+09 6001113
1.968674e-06 1.086192e+09 6002113 1.040235e+09 6002113
1.941789e-06 1.076154e+09 6002113 1.057369e+09 6002113
1.918307e-06 1.01958e+09 6001113 1.047143e+09 6001113
1.854679e-06 1.054155e+09 6001113 1.015224e+09 6001113
1.802101e-06 1.027798e+09 6001113 1.040816e+09 6001113
1.802101e-06 1.027798e+09 6001113 1.040816e+09 6001113
1.863223e-06 1.023549e+09 6002113 1.041487e+09 6002113
2.492389e-06 1.03695e+09 6001113 1.03671e+09 6001113
1.526322e-06 1.06601e+09 6002113 1.04122e+09 6002113
1.471306e-06 1.046543e+09 6001113 1.040793e+09 6001113
1.129453e-06 1.030138e+09 6001113 1.038672e+09 6001113
1.905602e-06 1.049138e+09 6002113 1.070414e+09 6002113
1.659026e-06 1.040767e+09 6001113 1.026676e+09 6001113
1.932352e-06 1.03991e+09 6001113 1.039035e+09 6001113
1.833076e-06 1.009964e+09 6001113 1.029291e+09 6001113
1.659026e-06 1.026432e+09 6001113 1.036851e+09 6001113
1.687208e-06 1.043168e+09 6001113 1.033945e+09 6001113
1.69987e-06 1.051869e+09 6001113 1.045258e+09 6001113
1.69987e-06 1.051869e+09 6001113 1.045258e+09 6001113
1.785235e-06 1.062664e+09 6002113 1.007201e+09 6002113
1.704679e-06 1.069405e+09 6002113 1.076508e+09 6002113
1.818282e-06 1.053906e+09 6002113 1.05688e+09 6002113
1.818282e-06 1.053906e+09 6002113 1.05688e+09 6002113
2.450333e-06 1.061875e+09 6001113 1.04171e+09 6001113
2.450333e-06 1.061875e+09 6001113 1.04171e+09 6001113
1.276395e-06 1.084879e+09 6003113 1.071077e+09 6003113
8.702882e-07 1.049088e+09 6001113 1.025236e+09 6001113
1.793914e-06 1.048431e+09 6001113 1.058858e+09 6001113
7.94531e-07 1.038254e+09 6002113 1.052155e+09 6002113
1.918307e-06 1.076281e+09 6003113 1.088949e+09 6003113
1.76176e-06 1.04498e+09 6002113 1.071666e+09 6002113
1.700819e-06 1.059383e+09 6002113 1.050253e+09 6002113
2.058629e-06 1.082838e+09 6002113 1.065709e+09 6002113
1.682999e-06 9.937084e+08 6001113 1.048114e+09 6001113
1.653559e-07 1.013858e+09 6001113 1.019481e+09 6001113
1.932352e-06 1.039458e+09 6002113 1.058648e+09 6002113
1.965453e-06 1.047255e+09 6002113 1.075463e+09 6002113
1.846424e-06 1.03025e+09 6001113 1.056925e+09 6001113
1.961537e-06 1.03781e+09 6001113 1.0531e+09 6001113
1.877387e-06 1.047166e+09 6001113 1.048498e+09 6001113
2.450333e-06 1.020477e+09 6001113 1.035583e+09 6001113
1.65315e-06 1.027932e+09 6001113 1.045482e+09 6001113
2.748513e-06 1.044458e+09 6002113 1.063343e+09 6002113
1.900942e-06 1.065326e+09 6003113 1.099879e+09 6003113
7.94531e-07 1.048694e+09 6001113 1.033579e+09 6001113
8.550446e-07 1.043026e+09 6002113 1.060696e+09 6002113
1.137427e-06 1.04772e+09 6001113 1.035276e+09 6001113
1.137427e-06 1.04772e+09 6001113 1.035276e+09 6001113
1.933621e-06 1.0717e+09 6002113 1.053622e+09 6002113
7.212228e-07 1.043434e+09 6001113 1.045363e+09 6001113
2.788109e-07 1.046254e+09 6001113 1.043882e+09 6001113
1.858301e-06 1.0317e+09 6001113 1.034685e+09 6001113
6.124458e-07 1.053782e+09 6002113 1.075372e+09 6002113
1.805049e-06 1.064878e+09 6002113 1.081134e+09 6002113
1.793914e-06 1.033164e+09 6001113 1.056517e+09 6001113
2.492389e-06 1.027227e+09 6001113 1.032866e+09 6001113
6.124458e-07 1.055447e+09 6002113 1.049e+09 6002113
1.791789e-06 1.028579e+09 6001113 1.02033e+09 6001113
1.961537e-06 1.069841e+09 6002113 1.031852e+09 6002113
2.981115e-06 1.075461e+09 6002113 1.04944e+09 6002113
1.69409e-06 1.046352e+09 6001113 1.03395e+09 6001113
3.604484e-07 1.057377e+09 6002113 1.042426e+09 6002113
1.69409e-06 1.061455e+09 6002113 1.059654e+09 6002113
1.886737e-06 1.047919e+09 6001113 1.022178e+09 6001113
8.039474e-08 1.067301e+09 6002113 1.078249e+09 6002113
1.700771e-06 1.04207e+09 6001113 1.017983e+09 6001113
1.287081e-07 1.032714e+09 6001113 1.036926e+09 6001113
1.924932e-06 1.056366e+09 6001113 1.046966e+09 6001113
1.911946e-06 1.084866e+09 6003113 1.057599e+09 6003113
1.887208e-06 1.069545e+09 6002113 1.050314e+09 6002113
1.679116e-06 1.038591e+09 6001113 1.015926e+09 6001113
1.65315e-06 1.081903e+09 6002113 1.062627e+09 6002113
2.225843e-07 1.044539e+09 6001113 1.029406e+09 6001113
2.748513e-06 1.060881e+09 6002113 1.056263e+09 6002113
1.701419e-06 1.063541e+09 6002113 1.066663e+09 6002113
1.961537e-06 1.02059e+09 6001113 1.032721e+09 6001113
1.630284e-06 1.047431e+09 6001113 1.033442e+09 6001113
3.104531e-06 1.06049e+09 6002113 1.045244e+09 6002113
1.905602e-06 1.059171e+09 6002113 1.084709e+09 6002113
3.604484e-07 1.053918e+09 6001113 1.040697e+09 6001113
3.759468e-07 1.111443e+09 6003113 1.035191e+09 6003113
2.132854e-06 1.033809e+09 6001113 1.014829e+09 6001113
2.132854e-06 1.033809e+09 6001113 1.014829e+09 6001113
1.700771e-06 1.031974e+09 6001113 1.016773e+09 6001113
2.492389e-06 1.041354e+09 6001113 1.030284e+09 6001113
1.70138e-06 1.010668e+09 6001113 1.026183e+09 6001113
1.405841e-06 1.025627e+09 6001113 1.049178e+09 6001113
1.405841e-06 1.025627e+09 6001113 1.049178e+09 6001113
1.661277e-06 1.018708e+09 6001113 1.017414e+09 6001113
1.785235e-06 1.023233e+09 6001113 1.043715e+09 6001113
1.802101e-06 1.034853e+09 6001113 1.017944e+09 6001113
1.65315e-06 1.056493e+09 6001113 1.051474e+09 6001113
1.203883e-06 1.056032e+09 6001113 1.008937e+09 6001113
3.986826e-07 1.085295e+09 6002113 1.057586e+09 6002113
1.961537e-06 1.046607e+09 6001113 1.020874e+09 6001113
5.627639e-07 1.033629e+09 6003113 1.117799e+09 6003113
1.974324e-06 1.062396e+09 6002113 1.056323e+09 6002113
1.854679e-06 1.038071e+09 6001113 1.037231e+09 6001113
1.364554e-06 1.051888e+09 6002113 1.081312e+09 6002113
1.06113e-06 1.046733e+09 6002113 1.057027e+09 6002113
1.700771e-06 1.031818e+09 6001113 1.05191e+09 6001113
2.530855e-06 1.063326e+09 6002113 1.057358e+09 6002113
2.45141e-08 1.065554e+09 6002113 1.026509e+09 6002113
1.544144e-06 1.03072e+09 6001113 1.020099e+09 6001113
1.947999e-06 1.044898e+09 6001113 1.027837e+09 6001113
1.928105e-06 1.058032e+09 6002113 1.066942e+09 6002113
8.039474e-08 1.037548e+09 6001113 1.011986e+09 6001113
1.877387e-06 1.049445e+09 6001113 1.046422e+09 6001113
2.109167e-06 1.033834e+09 6002113 1.056456e+09 6002113
2.109167e-06 1.033834e+09 6002113 1.056456e+09 6002113
1.818282e-06 1.037706e+09 6002113 1.068626e+09 6002113
1.526322e-06 1.049089e+09 6001113 1.026452e+09 6001113
2.717746e-06 1.073834e+09 6002113 1.073785e+09 6002113
1.65315e-06 1.020857e+09 6001113 1.030677e+09 6001113
1.704679e-06 1.039886e+09 6001113 1.033728e+09 6001113
1.968674e-06 1.020863e+09 6001113 1.045493e+09 6001113
2.403479e-06 1.083885e+09 6002113 1.035913e+09 6002113
1.202038e-07 1.048144e+09 6001113 1.02371e+09 6001113
1.886737e-06 1.044495e+09 6001113 1.003039e+09 6001113
6.124458e-07 1.051678e+09 6001113 1.045203e+09 6001113
1.65315e-06 1.015988e+09 6003113 1.078287e+09 6003113
7.369494e-07 1.036409e+09 6002113 1.015868e+09 6002113
3.104531e-06 1.064777e+09 6003113 1.114028e+09 6003113
1.946748e-06 1.025666e+09 6002113 1.055049e+09 6002113
1.70138e-06 1.073093e+09 6002113 1.056651e+09 6002113
1.659026e-06 1.037087e+09 6001113 1.036186e+09 6001113
1.69409e-06 1.07254e+09 6002113 1.071051e+09 6002113
1.661277e-06 1.041117e+09 6001113 1.022415e+09 6001113
1.661277e-06 1.041117e+09 6001113 1.022415e+09 6001113
1.793914e-06 1.036975e+09 6001113 1.015369e+09 6001113
1.947999e-06 1.061083e+09 6002113 1.076342e+09 6002113
1.917896e-06 1.029431e+09 6001113 1.032873e+09 6001113
1.917896e-06 1.029431e+09 6001113 1.032873e+09 6001113
2.08441e-06 1.051124e+09 6002113 1.063315e+09 6002113
2.08441e-06 1.051522e+09 6002113 1.061775e+09 6002113
1.466293e-06 1.052259e+09 6001113 1.036643e+09 6001113
2.632712e-06 1.03047e+09 6001113 1.025215e+09 6001113
1.863223e-06 1.066167e+09 6002113 1.067775e+09 6002113
4.194897e-08 1.03293e+09 6001113 1.044658e+09 6001113
2.132854e-06 1.073361e+09 6002113 1.073768e+09 6002113
3.984064e-10 1.042897e+09 6001113 1.038197e+09 6001113
1.833076e-06 1.057598e+09 6001113 1.041208e+09 6001113
5.465442e-07 1.039241e+09 6002113 1.06133e+09 6002113
1.846745e-06 1.040519e+09 6002113 1.082191e+09 6002113
4.85324e-08 1.042117e+09 6001113 1.02501e+09 6001113
1.704679e-06 1.05078e+09 6001113 1.030668e+09 6001113
1.58606e-06 1.070992e+09 6002113 1.044021e+09 6002113
1.687208e-06 1.081182e+09 6002113 1.067169e+09 6002113
1.870611e-06 1.031847e+09 6001113 1.041034e+09 6001113
1.735097e-06 1.052227e+09 6001113 1.036949e+09 6001113
1.805049e-06 1.052415e+09 6002113 1.027927e+09 6002113
1.918307e-06 1.04533e+09 6002113 1.071351e+09 6002113
1.918307e-06 1.04533e+09 6002113 1.071351e+09 6002113
1.699674e-06 1.03569e+09 6001113 1.025637e+09 6001113
1.699674e-06 1.03569e+09 6001113 1.025637e+09 6001113
1.700819e-06 1.076457e+09 6003113 1.091647e+09 6003113
3.759468e-07 1.057036e+09 6002113 1.072952e+09 6002113
2.530855e-06 1.069695e+09 6002113 1.074783e+09 6002113
1.941789e-06 1.032846e+09 6001113 1.037263e+09 6001113
1.69987e-06 1.038608e+09 6001113 1.040298e+09 6001113
3.104531e-06 1.022072e+09 6001113 1.019179e+09 6001113
1.924932e-06 1.059701e+09 6002113 1.025108e+09 6002113
1.947999e-06 1.07559e+09 6002113 1.045342e+09 6002113
1.846424e-06 1.039646e+09 6001113 1.040209e+09 6001113
1.887208e-06 1.065893e+09 6002113 1.074265e+09 6002113
1.76176e-06 1.079767e+09 6002113 1.066458e+09 6002113
1.700819e-06 1.04781e+09 6001113 1.045652e+09 6001113
1.918307e-06 1.074915e+09 6003113 1.099759e+09 6003113
1.65315e-06 1.054403e+09 6002113 1.065245e+09 6002113
2.356505e-06 1.016563e+09 6001113 1.033778e+09 6001113
2.632712e-06 1.054294e+09 6002113 1.048961e+09 6002113
2.632712e-06 1.054294e+09 6002113 1.048961e+09 6002113
4.140829e-07 1.067367e+09 6002113 1.069086e+09 6002113
1.900942e-06 1.041542e+09 6001113 1.052238e+09 6001113
1.900942e-06 1.041542e+09 6001113 1.052238e+09 6001113
1.961537e-06 1.051297e+09 6001113 1.038363e+09 6001113
1.653559e-07 1.045676e+09 6001113 1.021135e+09 6001113
1.883512e-06 1.078428e+09 6002113 1.078085e+09 6002113
1.932352e-06 1.068962e+09 6002113 1.035071e+09 6002113
4.551455e-07 1.071664e+09 6002113 1.027363e+09 6002113
1.656349e-06 1.02929e+09 6001113 1.046538e+09 6001113
1.788894e-06 1.03199e+09 6001113 1.010545e+09 6001113
1.986956e-06 1.024223e+09 6001113 1.041026e+09 6001113
1.928105e-06 1.052416e+09 6001113 1.007115e+09 6001113
1.771338e-06 1.026064e+09 6001113 1.018306e+09 6001113
1.771338e-06 1.026064e+09 6001113 1.018306e+09 6001113
2.927529e-07 1.029759e+09 6001113 1.046288e+09 6001113
1.793914e-06 1.026998e+09 6001113 1.047846e+09 6001113
7.284831e-07 1.072972e+09 6003113 1.099254e+09 6003113
3.604484e-07 1.046187e+09 6001113 1.013887e+09 6001113
1.917896e-06 1.025505e+09 6002113 1.037451e+09 6002113
1.818282e-06 1.06899e+09 6002113 1.046254e+09 6002113
1.66315e-06 1.048515e+09 6002113 1.061716e+09 6002113
4.551455e-07 1.070353e+09 6003113 1.102822e+09 6003113
1.941789e-06 1.071147e+09 6002113 1.077155e+09 6002113
1.883512e-06 1.063434e+09 6002113 1.060803e+09 6002113
1.883512e-06 1.063434e+09 6002113 1.060803e+09 6002113
1.928105e-06 1.083633e+09 6002113 1.043194e+09 6002113
1.922406e-06 1.07758e+09 6002113 1.057708e+09 6002113
1.659026e-06 1.016938e+09 6001113 1.052623e+09 6001113
1.659026e-06 1.016938e+09 6001113 1.052623e+09 6001113
1.928105e-06 1.073166e+09 6002113 1.026793e+09 6002113
2.981115e-06 1.013939e+09 6001113 1.036973e+09 6001113
1.785235e-06 1.052118e+09 6002113 1.075286e+09 6002113
1.905602e-06 1.057423e+09 6001113 1.041215e+09 6001113
1.69409e-06 1.043851e+09 6001113 1.036234e+09 6001113
1.69409e-06 1.043851e+09 6001113 1.036234e+09 6001113
1.863223e-06 1.035453e+09 6001113 1.0525e+09 6001113
1.863223e-06 1.035453e+09 6001113 1.0525e+09 6001113
1.788894e-06 1.01986e+09 6001113 1.039777e+09 6001113
1.917896e-06 1.063947e+09 6002113 1.058308e+09 6002113
3.759468e-07 1.061473e+09 6002113 1.060079e+09 6002113
3.759468e-07 1.061473e+09 6002113 1.060079e+09 6002113
1.679116e-06 1.038404e+09 6001113 1.045846e+09 6001113
1.870611e-06 1.038496e+09 6002113 1.089675e+09 6002113
1.276395e-06 1.061499e+09 6002113 1.063373e+09 6002113
1.863223e-06 1.07641e+09 6003113 1.023046e+09 6003113
2.398018e-06 1.083216e+09 6002113 1.042211e+09 6002113
1.69987e-06 1.057919e+09 6002113 1.060807e+09 6002113
1.793914e-06 1.041975e+09 6001113 1.038308e+09 6001113
2.788109e-07 1.041337e+09 6001113 1.024838e+09 6001113
2.356505e-06 1.023612e+09 6001113 1.023557e+09 6001113
1.132096e-07 1.014559e+09 6001113 1.034293e+09 6001113
1.072621e-06 1.045795e+09 6001113 1.045343e+09 6001113
2.605538e-06 1.028737e+09 6001113 1.033889e+09 6001113
1.924932e-06 1.046522e+09 6001113 1.043474e+09 6001113
9.184882e-07 1.068107e+09 6002113 1.064949e+09 6002113
2.530855e-06 1.07427e+09 6002113 1.046723e+09 6002113
1.66315e-06 1.03381e+09 6001113 1.030957e+09 6001113
1.66315e-06 1.043012e+09 6001113 1.030268e+09 6001113
1.70138e-06 1.017327e+09 6001113 1.019871e+09 6001113
1.83454e-06 1.045685e+09 6001113 1.005299e+09 6001113
5.161117e-07 1.031813e+09 6001113 1.03639e+09 6001113
1.780832e-06 1.07039e+09 6002113 1.066022e+09 6002113
1.883512e-06 1.028466e+09 6001113 1.022158e+09 6001113
1.66315e-06 1.048744e+09 6002113 1.067453e+09 6002113
1.917896e-06 1.020183e+09 6001113 1.036779e+09 6001113
1.58606e-06 1.026133e+09 6001113 1.040496e+09 6001113
1.70138e-06 1.032961e+09 6001113 1.044876e+09 6001113
1.630284e-06 1.091735e+09 6003113 1.074668e+09 6003113
4.992589e-07 1.04211e+09 6001113 1.043983e+09 6001113
1.129453e-06 1.05174e+09 6001113 9.86544e+08 6001113
1.854679e-06 1.075939e+09 6002113 1.060332e+09 6002113
1.65315e-06 1.025008e+09 6001113 1.023752e+09 6001113
1.918307e-06 1.064662e+09 6002113 1.071585e+09 6002113
1.946748e-06 1.016122e+09 6001113 1.022466e+09 6001113
2.155333e-06 1.034577e+09 6001113 1.043041e+09 6001113
3.759468e-07 1.051046e+09 6001113 1.036537e+09 6001113
1.405841e-06 1.082194e+09 6002113 1.050916e+09 6002113
1.886737e-06 1.055983e+09 6002113 1.067038e+09 6002113
1.900942e-06 1.041578e+09 6001113 9.965828e+08 6001113
1.802101e-06 1.082229e+09 6002113 1.049343e+09 6002113
1.656349e-06 1.066859e+09 6002113 1.06788e+09 6002113
1.965453e-06 1.054926e+09 6001113 1.026599e+09 6001113
1.687208e-06 1.048893e+09 6001113 1.029722e+09 6001113
7.94531e-07 1.079029e+09 6002113 1.043474e+09 6002113
7.284831e-07 1.084215e+09 6002113 1.060057e+09 6002113
2.904582e-06 1.027233e+09 6001113 1.057043e+09 6001113
2.904582e-06 1.027233e+09 6001113 1.057043e+09 6001113
1.699674e-06 1.085613e+09 6002113 1.068492e+09 6002113
1.58606e-06 1.03702e+09 6001113 1.049442e+09 6001113
1.973789e-06 1.052534e+09 6001113 1.025748e+09 6001113
1.704014e-06 1.018574e+09 6001113 1.050044e+09 6001113
2.817186e-06 1.044986e+09 6001113 1.025917e+09 6001113
3.318978e-08 1.019398e+09 6001113 1.034931e+09 6001113
5.161117e-07 1.041157e+09 6001113 1.046852e+09 6001113
1.132096e-07 1.042825e+09 6001113 1.048625e+09 6001113
1.818282e-06 1.050506e+09 6001113 1.045932e+09 6001113
7.447045e-08 1.070768e+09 6002113 1.059345e+09 6002113
1.700819e-06 1.016391e+09 6001113 1.028056e+09 6001113
2.450333e-06 1.052326e+09 6001113 1.032008e+09 6001113
9.950972e-07 1.051241e+09 6001113 1.025244e+09 6001113
1.682999e-06 1.057141e+09 6002113 1.065993e+09 6002113
4.992589e-07 1.079124e+09 6003113 1.100205e+09 6003113
2.717746e-06 1.080687e+09 6002113 1.046215e+09 6002113
1.788894e-06 1.04578e+09 6001113 1.014901e+09 6001113
2.492389e-06 1.051018e+09 6001113 1.049482e+09 6001113
1.785235e-06 1.05154e+09 6002113 1.073368e+09 6002113
1.785235e-06 1.05154e+09 6002113 1.073368e+09 6002113
1.941789e-06 1.035947e+09 6001113 1.035096e+09 6001113
1.941789e-06 1.035947e+09 6001113 1.035096e+09 6001113
1.933621e-06 1.058973e+09 6002113 1.039158e+09 6002113
1.58606e-06 1.060347e+09 6002113 1.071076e+09 6002113
1.974324e-06 1.013121e+09 6001113 1.026219e+09 6001113
1.846745e-06 1.076406e+09 6002113 1.074953e+09 6002113
1.06113e-06 1.040405e+09 6001113 1.02461e+09 6001113
6.124458e-07 1.068486e+09 6003113 1.0895e+09 6003113
1.805049e-06 1.03556e+09 6001113 1.050385e+09 6001113
1.924932e-06 1.058937e+09 6002113 1.082752e+09 6002113
4.545334e-09 1.049118e+09 6001113 1.035501e+09 6001113
6.466835e-08 1.0746e+09 6002113 1.031354e+09 6002113
1.699674e-06 1.026959e+09 6001113 1.037783e+09 6001113
3.604484e-07 1.052796e+09 6001113 1.038279e+09 6001113
1.659026e-06 1.052212e+09 6001113 1.046607e+09 6001113
6.124458e-07 1.04481e+09 6001113 1.031717e+09 6001113
1.887208e-06 1.061241e+09 6003113 1.07567e+09 6003113
1.863223e-06 1.030617e+09 6001113 1.037142e+09 6001113
1.986956e-06 1.022508e+09 6001113 1.041673e+09 6001113
1.661277e-06 1.024923e+09 6001113 1.041926e+09 6001113
1.661277e-06 1.024923e+09 6001113 1.041926e+09 6001113
1.072621e-06 1.057642e+09 6002113 1.065748e+09 6002113
1.868459e-07 1.045963e+09 6001113 1.027882e+09 6001113
1.73471e-06 1.03062e+09 6002113 1.060416e+09 6002113
1.939002e-06 1.060663e+09 6002113 1.057638e+09 6002113
1.939002e-06 1.060663e+09 6002113 1.057638e+09 6002113
6.822842e-07 1.054017e+09 6002113 1.066011e+09 6002113
1.69409e-06 1.046701e+09 6001113 1.036914e+09 6001113
2.932936e-06 1.040713e+09 6001113 1.050137e+09 6001113
1.877387e-06 1.027807e+09 6001113 1.055827e+09 6001113
1.66315e-06 1.051315e+09 6002113 1.069623e+09 6002113
1.905602e-06 1.068292e+09 6002113 1.051305e+09 6002113
7.94531e-07 1.048914e+09 6002113 1.046935e+09 6002113
1.524244e-08 1.031882e+09 6001113 9.925876e+08 6001113
1.855271e-06 1.045303e+09 6001113 1.036924e+09 6001113
2.932936e-06 1.064231e+09 6002113 1.044626e+09 6002113
1.870611e-06 1.041736e+09 6001113 1.053004e+09 6001113
1.883512e-06 1.004129e+09 6001113 1.043646e+09 6001113
1.271818e-06 1.066704e+09 6002113 1.06054e+09 6002113
1.271818e-06 1.066704e+09 6002113 1.06054e+09 6002113
2.566731e-06 9.724152e+08 6001113 1.035305e+09 6001113
1.340806e-06 1.025201e+09 6001113 1.041123e+09 6001113
1.182409e-06 1.040354e+09 6001113 1.053156e+09 6001113
2.17463e-06 1.049358e+09 6002113 1.06361e+09 6002113
1.405841e-06 1.033888e+09 6001113 1.02182e+09 6001113
2.058629e-06 1.065836e+09 6002113 1.066024e+09 6002113
2.492389e-06 1.034865e+09 6002113 1.075953e+09 6002113
2.566731e-06 9.96617e+08 6001113 1.041717e+09 6001113
1.883512e-06 1.051974e+09 6002113 1.0685e+09 6002113
2.788109e-07 1.041251e+09 6001113 1.015825e+09 6001113
7.94531e-07 1.041756e+09 6002113 1.04381e+09 6002113
9.950972e-07 1.032146e+09 6002113 1.039183e+09 6002113
1.656349e-06 1.041316e+09 6002113 1.058095e+09 6002113
1.863223e-06 1.046504e+09 6002113 1.038113e+09 6002113
1.659026e-06 1.03083e+09 6001113 1.044149e+09 6001113
1.805049e-06 1.069636e+09 6002113 1.052729e+09 6002113
1.924932e-06 1.048283e+09 6002113 1.076102e+09 6002113
1.471306e-06 1.03674e+09 6002113 1.088722e+09 6002113
1.974324e-06 1.019602e+09 6001113 1.021239e+09 6001113
1.974324e-06 1.019602e+09 6001113 1.021239e+09 6001113
7.369494e-07 1.068722e+09 6002113 1.034469e+09 6002113
6.652407e-07 1.063675e+09 6002113 1.053284e+09 6002113
1.974324e-06 1.067257e+09 6002113 1.049481e+09 6002113
1.932352e-06 1.058188e+09 6002113 1.044712e+09 6002113
1.460348e-07 1.050368e+09 6001113 1.025011e+09 6001113
2.932936e-06 1.032035e+09 6001113 1.031659e+09 6001113
1.854679e-06 1.080145e+09 6002113 1.072727e+09 6002113
1.946748e-06 1.012566e+09 6001113 1.037132e+09 6001113
1.661277e-06 1.027966e+09 6001113 1.036663e+09 6001113
1.701419e-06 1.030024e+09 6002113 1.056938e+09 6002113
1.203883e-06 1.010143e+09 6001113 1.01498e+09 6001113
1.855271e-06 1.057043e+09 6002113 1.082293e+09 6002113
1.941789e-06 1.060615e+09 6002113 1.059696e+09 6002113
1.941789e-06 1.060615e+09 6002113 1.059696e+09 6002113
1.877387e-06 1.027894e+09 6001113 1.028479e+09 6001113
1.701419e-06 1.052154e+09 6001113 1.040614e+09 6001113
1.537007e-06 1.053725e+09 6002113 1.040084e+09 6002113
4.140829e-07 1.023672e+09 6001113 1.031429e+09 6001113
2.632712e-06 1.02413e+09 6001113 1.053877e+09 6001113
1.973789e-06 1.047392e+09 6001113 1.024952e+09 6001113
1.66315e-06 1.05702e+09 6001113 1.015295e+09 6001113
1.846745e-06 1.024379e+09 6001113 1.05572e+09 6001113
1.537007e-06 1.01998e+09 6001113 1.058168e+09 6001113
1.537007e-06 1.01998e+09 6001113 1.058168e+09 6001113
6.822842e-07 1.040786e+09 6002113 1.088061e+09 6002113
1.76176e-06 1.07575e+09 6002113 1.073103e+09 6002113
1.06113e-06 1.036871e+09 6001113 1.02947e+09 6001113
1.986956e-06 1.067291e+09 6002113 1.041625e+09 6002113
1.656349e-06 1.100078e+09 6003113 1.068881e+09 6003113
2.132854e-06 1.055157e+09 6002113 1.064022e+09 6002113
2.132854e-06 1.055157e+09 6002113 1.064022e+09 6002113
6.822842e-07 1.042816e+09 6001113 1.029819e+09 6001113
1.887208e-06 1.053221e+09 6001113 1.035866e+09 6001113
1.868459e-07 1.052852e+09 6001113 1.037343e+09 6001113
1.868459e-07 1.052852e+09 6001113 1.037343e+09 6001113
1.182409e-06 1.030063e+09 6001113 1.042254e+09 6001113
2.492389e-06 9.927548e+08 6001113 1.038187e+09 6001113
1.785272e-06 1.060845e+09 6002113 1.074029e+09 6002113
1.785272e-06 1.060845e+09 6002113 1.074029e+09 6002113
1.699674e-06 1.04721e+09 6002113 1.048929e+09 6002113
1.537007e-06 1.073744e+09 6002113 1.048057e+09 6002113
1.544144e-06 1.03966e+09 6001113 1.028521e+09 6001113
2.058629e-06 1.041151e+09 6001113 1.04989e+09 6001113
3.986826e-07 1.069293e+09 6002113 1.056208e+09 6002113
1.868459e-07 1.04868e+09 6001113 1.015348e+09 6001113
4.781065e-09 1.075542e+09 6002113 1.017012e+09 6002113
1.132096e-07 1.048971e+09 6001113 1.052864e+09 6001113
1.83454e-06 1.078302e+09 6002113 1.038006e+09 6002113
2.450333e-06 1.020341e+09 6001113 1.050501e+09 6001113
1.833076e-06 1.008183e+09 6001113 1.045575e+09 6001113
1.701419e-06 1.089589e+09 6003113 1.063625e+09 6003113
1.69409e-06 1.040463e+09 6001113 1.045703e+09 6001113
1.771338e-06 1.023874e+09 6001113 1.038269e+09 6001113
1.771338e-06 1.023874e+09 6001113 1.038269e+09 6001113
1.659026e-06 1.057302e+09 6002113 1.068758e+09 6002113
1.659026e-06 1.057302e+09 6002113 1.068758e+09 6002113
1.863223e-06 1.099733e+09 6003113 1.074326e+09 6003113
1.946748e-06 1.049378e+09 6001113 1.037681e+09 6001113
1.961537e-06 1.076461e+09 6003113 1.078985e+09 6003113
5.161117e-07 1.046371e+09 6001113 1.028669e+09 6001113
2.109167e-06 1.030377e+09 6001113 1.029866e+09 6001113
1.949094e-06 1.036084e+09 6001113 1.01534e+09 6001113
1.788894e-06 1.043502e+09 6001113 1.052688e+09 6001113
1.973789e-06 1.025377e+09 6001113 1.052007e+09 6001113
1.833076e-06 1.064051e+09 6002113 1.040606e+09 6002113
1.69987e-06 1.018132e+09 6001113 1.054865e+09 6001113
1.818282e-06 1.034763e+09 6001113 1.034351e+09 6001113
1.905602e-06 1.018113e+09 6001113 1.038605e+09 6001113
1.818282e-06 1.068996e+09 6002113 1.030194e+09 6002113
6.466835e-08 1.036975e+09 6001113 1.049592e+09 6001113
1.870611e-06 1.057037e+09 6001113 1.032739e+09 6001113
1.918307e-06 1.041813e+09 6001113 1.052983e+09 6001113
9.950972e-07 1.039636e+09 6001113 1.019251e+09 6001113
1.973789e-06 1.039632e+09 6001113 1.050274e+09 6001113
2.132854e-06 1.048496e+09 6002113 1.080943e+09 6002113
1.537007e-06 1.071723e+09 6002113 1.053763e+09 6002113
1.791789e-06 1.076665e+09 6002113 1.066356e+09 6002113
6.466835e-08 1.068751e+09 6002113 1.066854e+09 6002113
1.661277e-06 1.015078e+09 6001113 1.045337e+09 6001113
1.661277e-06 1.015078e+09 6001113 1.045337e+09 6001113
1.939002e-06 1.087691e+09 6003113 1.041964e+09 6003113
1.65315e-06 1.073916e+09 6002113 1.047771e+09 6002113
1.788894e-06 1.033869e+09 6001113 1.01874e+09 6001113
2.927529e-07 1.027467e+09 6001113 1.044362e+09 6001113
1.974324e-06 1.038221e+09 6001113 1.050805e+09 6001113
1.735097e-06 1.048868e+09 6001113 1.016735e+09 6001113
1.858301e-06 1.024073e+09 6001113 1.021778e+09 6001113
1.855271e-06 1.03455e+09 6001113 1.038936e+09 6001113
1.6949e-09 1.021782e+09 6001113 1.034452e+09 6001113
1.870611e-06 1.054857e+09 6002113 1.087511e+09 6002113
1.072621e-06 1.023973e+09 6001113 1.043742e+09 6001113
1.009942e-06 1.068587e+09 6003113 1.047806e+09 6003113
2.155333e-06 1.033297e+09 6001113 1.028361e+09 6001113
1.276395e-06 1.037675e+09 6001113 1.040419e+09 6001113
1.276395e-06 1.073122e+09 6002113 1.066794e+09 6002113
1.780832e-06 1.032515e+09 6001113 1.022833e+09 6001113
1.986956e-06 1.044419e+09 6001113 1.044155e+09 6001113
1.911946e-06 1.029038e+09 6001113 1.030852e+09 6001113
1.855271e-06 1.043079e+09 6001113 1.037745e+09 6001113
1.785235e-06 1.044548e+09 6001113 1.044043e+09 6001113
1.933621e-06 1.026864e+09 6001113 1.047225e+09 6001113
2.450333e-06 1.007741e+09 6001113 1.041831e+09 6001113
1.137427e-06 1.040529e+09 6001113 1.020586e+09 6001113
1.974324e-06 1.074395e+09 6002113 1.053009e+09 6002113
1.780832e-06 1.032694e+09 6001113 1.034489e+09 6001113
2.717746e-06 1.108799e+09 6003113 1.076377e+09 6003113
1.780832e-06 1.066124e+09 6002113 1.068865e+09 6002113
1.66315e-06 1.052974e+09 6001113 1.030554e+09 6001113
1.70138e-06 1.065391e+09 6003113 1.074024e+09 6003113
7.212228e-07 1.049846e+09 6001113 1.0452e+09 6001113
1.06113e-06 1.033951e+09 6001113 1.056785e+09 6001113
1.682999e-06 1.048973e+09 6001113 1.048986e+09 6001113
2.493846e-07 1.053894e+09 6001113 1.020959e+09 6001113
1.911946e-06 1.062492e+09 6003113 1.081025e+09 6003113
1.405841e-06 1.044102e+09 6002113 1.045018e+09 6002113
1.701419e-06 1.037771e+09 6001113 1.028147e+09 6001113
1.785272e-06 1.033642e+09 6001113 1.049766e+09 6001113
8.702882e-07 1.057853e+09 6002113 1.074876e+09 6002113
1.788894e-06 1.075308e+09 6002113 1.060867e+09 6002113
1.846745e-06 1.030822e+09 6001113 1.018729e+09 6001113
1.679116e-06 1.023747e+09 6001113 1.04539e+09 6001113
9.314561e-07 1.066509e+09 6003113 1.070353e+09 6003113
1.846424e-06 1.016134e+09 6001113 1.050169e+09 6001113
1.947999e-06 1.038696e+09 6001113 1.041473e+09 6001113
2.356505e-06 1.07364e+09 6002113 1.059594e+09 6002113
1.949094e-06 1.050677e+09 6002113 1.063481e+09 6002113
2.629862e-07 1.057273e+09 6002113 1.055322e+09 6002113
2.629862e-07 1.057273e+09 6002113 1.055322e+09 6002113
1.341046e-06 1.049065e+09 6001113 1.025048e+09 6001113
1.900942e-06 1.052063e+09 6001113 1.057048e+09 6001113
3.986826e-07 1.037501e+09 6001113 1.029776e+09 6001113
1.466293e-06 1.082239e+09 6003113 1.049227e+09 6003113
9.950972e-07 1.030585e+09 6001113 1.031791e+09 6001113
1.76176e-06 1.038796e+09 6001113 1.035853e+09 6001113
1.76176e-06 1.038796e+09 6001113 1.035853e+09 6001113
1.911946e-06 1.063397e+09 6003113 1.086548e+09 6003113
6.652407e-07 1.080544e+09 6002113 1.052502e+09 6002113
9.314561e-07 1.025143e+09 6001113 9.777717e+08 6001113
4.85324e-08 1.018864e+09 6001113 1.053993e+09 6001113
1.846424e-06 1.018353e+09 6001113 1.059471e+09 6001113
1.659026e-06 1.02141e+09 6001113 1.021744e+09 6001113
6.124458e-07 1.066412e+09 6002113 1.075815e+09 6002113
6.124458e-07 1.066412e+09 6002113 1.075815e+09 6002113
1.793914e-06 1.069927e+09 6002113 1.0731e+09 6002113
1.932352e-06 1.053816e+09 6002113 1.051562e+09 6002113
1.802101e-06 1.107716e+09 6003113 1.074075e+09 6003113
1.83454e-06 1.044872e+09 6001113 1.046139e+09 6001113
1.340806e-06 1.048955e+09 6001113 1.025805e+09 6001113
1.877387e-06 1.067493e+09 6002113 1.068287e+09 6002113
1.928105e-06 1.043235e+09 6001113 1.035293e+09 6001113
1.656349e-06 1.015927e+09 6001113 1.042031e+09 6001113
2.566731e-06 1.027794e+09 6001113 1.042216e+09 6001113
2.566731e-06 1.027794e+09 6001113 1.042216e+09 6001113
2.132854e-06 1.036663e+09 6001113 1.045942e+09 6001113
1.58606e-06 1.093498e+09 6003113 1.060558e+09 6003113
1.537007e-06 1.046248e+09 6001113 1.034641e+09 6001113
1.933621e-06 1.052597e+09 6002113 1.07842e+09 6002113
1.70138e-06 1.058928e+09 6002113 1.083994e+09 6002113
1.460348e-07 1.034097e+09 6001113 1.036239e+09 6001113
1.802101e-06 1.049666e+09 6002113 1.076798e+09 6002113
7.369494e-07 1.08158e+09 6002113 1.032618e+09 6002113
1.924932e-06 1.057366e+09 6002113 1.051808e+09 6002113
8.876196e-09 1.039636e+09 6001113 1.035467e+09 6001113
1.887208e-06 1.049959e+09 6001113 1.054854e+09 6001113
2.109167e-06 1.067089e+09 6002113 1.068833e+09 6002113
1.466293e-06 1.055569e+09 6001113 1.048481e+09 6001113
1.466293e-06 1.055569e+09 6001113 1.048481e+09 6001113
4.551455e-07 1.053868e+09 6002113 1.070149e+09 6002113
1.818282e-06 1.044448e+09 6001113 1.049597e+09 6001113
1.918307e-06 1.00817e+09 6001113 1.023461e+09 6001113
1.918307e-06 1.00817e+09 6001113 1.023461e+09 6001113
1.877387e-06 1.035647e+09 6001113 1.043339e+09 6001113
5.627639e-07 1.050816e+09 6001113 1.041739e+09 6001113
1.700819e-06 1.060932e+09 6002113 1.050393e+09 6002113
1.946748e-06 1.049575e+09 6001113 1.022597e+09 6001113
1.780832e-06 1.041862e+09 6002113 1.048618e+09 6002113
1.471306e-06 1.059273e+09 6002113 1.064128e+09 6002113
1.793914e-06 1.06338e+09 6002113 1.059855e+09 6002113
1.932352e-06 1.021081e+09 6001113 1.043275e+09 6001113
1.661277e-06 1.040955e+09 6001113 1.04885e+09 6001113
1.863223e-06 1.03867e+09 6001113 1.044593e+09 6001113
1.863223e-06 1.03867e+09 6001113 1.044593e+09 6001113
2.493846e-07 1.019453e+09 6001113 1.01601e+09 6001113
2.493846e-07 1.019453e+09 6001113 1.01601e+09 6001113
1.780832e-06 1.060405e+09 6003113 1.099507e+09 6003113
1.974324e-06 1.046533e+09 6001113 1.017884e+09 6001113
1.855271e-06 1.062175e+09 6002113 1.06311e+09 6002113
3.318978e-08 1.042708e+09 6001113 1.050171e+09 6001113
2.492389e-06 1.023858e+09 6001113 1.028534e+09 6001113
2.492389e-06 1.023858e+09 6001113 1.028534e+09 6001113
1.855271e-06 1.049045e+09 6001113 1.033672e+09 6001113
1.83454e-06 1.062796e+09 6001113 1.041959e+09 6001113
1.83454e-06 1.062796e+09 6001113 1.041959e+09 6001113
6.466835e-08 1.042158e+09 6001113 1.041152e+09 6001113
1.700819e-06 1.076079e+09 6002113 1.071096e+09 6002113
1.974324e-06 1.026326e+09 6001113 1.018372e+09 6001113
1.833076e-06 1.029182e+09 6001113 1.050935e+09 6001113
1.887208e-06 1.101751e+09 6003113 1.057922e+09 6003113
4.992589e-07 1.054518e+09 6002113 1.071421e+09 6002113
1.791789e-06 1.034926e+09 6001113 1.030562e+09 6001113
1.791789e-06 1.034926e+09 6001113 1.030562e+09 6001113
2.904582e-06 1.04094e+09 6001113 1.041261e+09 6001113
2.186975e-09 1.034419e+09 6001113 1.048071e+09 6001113
1.883512e-06 1.050734e+09 6001113 1.050773e+09 6001113
2.904582e-06 1.083642e+09 6002113 1.043576e+09 6002113
2.55482e-06 1.057725e+09 6001113 1.048587e+09 6001113
1.886737e-06 1.047827e+09 6002113 1.06857e+09 6002113
1.83454e-06 1.069828e+09 6002113 1.038682e+09 6002113
1.659026e-06 1.08153e+09 6003113 1.082233e+09 6003113
1.656349e-06 1.052932e+09 6001113 1.052475e+09 6001113
1.341046e-06 1.053947e+09 6001113 1.02833e+09 6001113
1.791789e-06 1.07472e+09 6002113 1.035327e+09 6002113
1.846745e-06 9.991633e+08 6001113 1.049079e+09 6001113
9.210078e-08 1.073367e+09 6002113 1.033755e+09 6002113
9.210078e-08 1.073367e+09 6002113 1.033755e+09 6002113
1.340806e-06 1.030248e+09 6001113 1.045839e+09 6001113
3.986826e-07 1.066989e+09 6002113 1.063116e+09 6002113
1.899064e-09 1.045005e+09 6001113 1.033323e+09 6001113
1.791789e-06 1.059011e+09 6002113 1.034301e+09 6002113
1.833076e-06 1.065972e+09 6002113 1.068631e+09 6002113
1.905602e-06 1.079637e+09 6002113 1.066348e+09 6002113
1.886737e-06 1.038748e+09 6001113 1.040262e+09 6001113
2.717746e-06 1.039154e+09 6001113 1.042988e+09 6001113
1.791789e-06 1.023412e+09 6001113 1.019105e+09 6001113
1.791789e-06 1.023412e+09 6001113 1.019105e+09 6001113
1.58606e-06 1.080585e+09 6002113 1.046637e+09 6002113
1.863223e-06 1.035882e+09 6001113 1.043145e+09 6001113
1.932352e-06 1.049991e+09 6001113 1.02567e+09 6001113
1.949094e-06 1.033286e+09 6001113 1.047407e+09 6001113
1.69409e-06 1.05105e+09 6001113 1.050873e+09 6001113
1.687208e-06 1.029829e+09 6001113 1.029985e+09 6001113
1.932352e-06 1.069986e+09 6002113 1.026923e+09 6002113
1.735097e-06 1.062041e+09 6003113 1.071843e+09 6003113
1.793914e-06 1.049758e+09 6001113 1.048672e+09 6001113
1.679116e-06 1.015897e+09 6001113 1.058133e+09 6001113
1.855271e-06 1.025292e+09 6001113 1.047903e+09 6001113
1.364554e-06 1.044142e+09 6001113 1.03354e+09 6001113
1.700819e-06 1.028461e+09 6001113 1.021848e+09 6001113
2.981115e-06 1.042872e+09 6001113 1.051208e+09 6001113
1.704679e-06 1.053926e+09 6002113 1.06801e+09 6002113
1.701419e-06 1.055909e+09 6001113 1.042539e+09 6001113
1.704679e-06 1.030848e+09 6001113 1.043213e+09 6001113
1.630284e-06 1.058407e+09 6002113 1.062832e+09 6002113
1.858301e-06 1.070926e+09 6002113 1.030469e+09 6002113
8.550446e-07 1.081291e+09 6003113 1.055414e+09 6003113
6.822842e-07 1.073249e+09 6002113 1.074352e+09 6002113
1.704679e-06 1.0699e+09 6002113 1.061806e+09 6002113
3.604484e-07 1.066854e+09 6002113 1.070498e+09 6002113
1.70138e-06 1.064438e+09 6003113 1.076662e+09 6003113
1.700771e-06 1.05244e+09 6001113 1.041644e+09 6001113
1.340806e-06 1.027539e+09 6001113 1.048837e+09 6001113
1.340806e-06 1.027539e+09 6001113 1.048837e+09 6001113
1.341046e-06 1.05316e+09 6002113 1.041284e+09 6002113
1.341046e-06 1.05316e+09 6002113 1.041284e+09 6002113
1.911946e-06 1.053774e+09 6001113 1.041305e+09 6001113
3.251895e-07 1.01636e+09 6001113 1.044927e+09 6001113
1.887208e-06 1.043948e+09 6001113 1.04469e+09 6001113
1.656349e-06 1.069604e+09 6002113 1.064706e+09 6002113
1.466293e-06 1.032057e+09 6001113 1.038275e+09 6001113
2.788109e-07 1.083051e+09 6002113 1.057392e+09 6002113
1.537007e-06 1.050076e+09 6001113 1.018875e+09 6001113
2.493846e-07 1.046054e+09 6001113 1.018619e+09 6001113
2.626036e-08 1.018193e+09 6001113 1.03166e+09 6001113
5.161117e-07 1.070656e+09 6002113 1.036605e+09 6002113
2.109167e-06 1.078435e+09 6003113 1.092618e+09 6003113
2.058629e-06 1.040048e+09 6001113 9.961953e+08 6001113
1.974324e-06 1.064858e+09 6002113 1.067588e+09 6002113
2.493846e-07 1.043082e+09 6001113 1.044521e+09 6001113
1.771338e-06 1.060959e+09 6002113 1.052883e+09 6002113
1.83454e-06 1.007679e+09 6001113 1.045817e+09 6001113
1.846745e-06 1.044078e+09 6001113 1.034163e+09 6001113
1.661277e-06 1.051848e+09 6002113 1.061033e+09 6002113
2.17463e-06 1.051586e+09 6001113 1.034794e+09 6001113
3.759468e-07 1.016599e+09 6001113 1.04259e+09 6001113
1.687208e-06 1.041312e+09 6001113 1.058592e+09 6001113
7.94531e-07 1.032001e+09 6001113 1.035317e+09 6001113
1.687208e-06 1.058515e+09 6002113 1.079581e+09 6002113
1.66315e-06 1.055072e+09 6002113 1.043878e+09 6002113
2.530855e-06 1.074155e+09 6002113 1.081613e+09 6002113
2.927529e-07 1.055976e+09 6001113 1.02108e+09 6001113
1.053175e-07 1.042556e+09 6001113 1.044836e+09 6001113
1.883512e-06 9.566092e+08 6001113 1.039339e+09 6001113
1.203883e-06 1.045552e+09 6001113 1.039459e+09 6001113
1.922406e-06 1.052529e+09 6001113 1.034381e+09 6001113
1.700771e-06 1.06551e+09 6003113 1.05181e+09 6003113
1.203883e-06 1.053398e+09 6002113 1.049177e+09 6002113
1.661277e-06 1.046447e+09 6001113 1.014411e+09 6001113
1.661277e-06 1.046447e+09 6001113 1.014411e+09 6001113
1.949094e-06 1.043672e+09 6002113 1.074897e+09 6002113
1.341046e-06 9.922038e+08 6001113 1.026482e+09 6001113
1.771338e-06 1.04709e+09 6001113 1.025628e+09 6001113
1.009942e-06 1.065306e+09 6002113 1.083733e+09 6002113
4.992589e-07 1.070092e+09 6002113 1.030094e+09 6002113
3.104531e-06 1.010847e+09 6001113 1.048904e+09 6001113
1.968674e-06 1.051442e+09 6001113 1.007672e+09 6001113
2.748513e-06 1.055526e+09 6001113 1.053946e+09 6001113
1.340806e-06 1.066864e+09 6002113 1.043217e+09 6002113
9.184882e-07 1.076867e+09 6002113 1.039697e+09 6002113
2.566731e-06 1.09819e+09 6003113 1.084734e+09 6003113
1.917896e-06 1.050869e+09 6001113 1.029199e+09 6001113
1.129453e-06 1.051663e+09 6001113 1.053873e+09 6001113
2.605538e-06 1.040005e+09 6001113 1.039881e+09 6001113
1.833076e-06 1.057624e+09 6001113 1.041393e+09 6001113
2.109167e-06 1.064131e+09 6002113 1.078616e+09 6002113
5.161117e-07 1.032768e+09 6001113 1.037815e+09 6001113
2.109167e-06 1.037045e+09 6001113 1.027212e+09 6001113
2.109167e-06 1.037045e+09 6001113 1.027212e+09 6001113
2.566731e-06 1.032296e+09 6001113 1.046427e+09 6001113
2.566731e-06 1.032296e+09 6001113 1.046427e+09 6001113
1.735097e-06 1.036326e+09 6001113 1.009724e+09 6001113
1.961537e-06 1.044811e+09 6001113 1.041084e+09 6001113
1.788894e-06 1.074553e+09 6002113 1.051703e+09 6002113
2.55482e-06 1.079736e+09 6003113 1.074517e+09 6003113
1.700771e-06 1.038591e+09 6001113 1.045412e+09 6001113
1.700771e-06 1.038591e+09 6001113 1.045412e+09 6001113
1.65315e-06 1.048014e+09 6002113 1.067993e+09 6002113
2.932936e-06 1.005438e+09 6001113 1.049868e+09 6001113
1.83454e-06 1.083684e+09 6003113 1.0355e+09 6003113
3.986826e-07 1.045718e+09 6001113 1.050911e+09 6001113
1.76176e-06 1.025375e+09 6001113 1.053422e+09 6001113
5.161117e-07 1.084889e+09 6003113 1.071828e+09 6003113
4.194897e-08 1.024329e+09 6001113 1.026849e+09 6001113
1.700771e-06 1.051049e+09 6001113 1.051099e+09 6001113
1.661277e-06 1.068178e+09 6002113 1.06842e+09 6002113
1.887208e-06 1.046342e+09 6002113 1.065476e+09 6002113
1.877387e-06 1.033781e+09 6001113 1.053879e+09 6001113
1.870611e-06 1.037618e+09 6001113 1.048028e+09 6001113
1.870611e-06 1.037618e+09 6001113 1.048028e+09 6001113
1.833076e-06 1.072986e+09 6002113 1.076419e+09 6002113
1.69409e-06 1.03088e+09 6001113 1.032075e+09 6001113
2.398018e-06 1.076457e+09 6002113 1.050217e+09 6002113
1.905602e-06 1.032305e+09 6001113 1.043839e+09 6001113
1.918307e-06 1.080229e+09 6003113 1.026039e+09 6003113
1.06113e-06 1.019113e+09 6001113 1.043247e+09 6001113
1.785235e-06 1.042415e+09 6001113 1.034536e+09 6001113
1.785235e-06 1.042415e+09 6001113 1.034536e+09 6001113
1.785235e-06 1.042415e+09 6001113 1.034536e+09 6001113
2.132854e-06 1.037668e+09 6001113 1.016659e+09 6001113
9.952711e-10 1.047405e+09 6002113 1.080526e+09 6002113
1.870611e-06 1.035326e+09 6001113 1.033563e+09 6001113
2.08441e-06 1.029569e+09 6002113 1.075518e+09 6002113
1.271818e-06 1.02248e+09 6001113 1.040875e+09 6001113
1.939002e-06 1.037281e+09 6001113 1.03658e+09 6001113
1.933621e-06 1.033503e+09 6002113 1.063226e+09 6002113
2.356505e-06 1.053764e+09 6001113 1.054282e+09 6001113
1.182409e-06 1.063116e+09 6002113 1.043403e+09 6002113
1.863223e-06 1.076556e+09 6002113 1.041009e+09 6002113
1.66315e-06 1.066596e+09 6002113 1.050855e+09 6002113
1.66315e-06 1.066596e+09 6002113 1.050855e+09 6002113
1.405841e-06 1.038883e+09 6001113 1.032243e+09 6001113
1.968674e-06 1.032885e+09 6001113 1.026526e+09 6001113
2.132854e-06 1.058825e+09 6002113 1.061065e+09 6002113
1.659026e-06 1.071798e+09 6002113 1.066096e+09 6002113
1.887208e-06 1.028967e+09 6001113 1.053773e+09 6001113
1.887208e-06 1.028967e+09 6001113 1.053773e+09 6001113
1.114081e-08 1.024232e+09 6001113 1.02436e+09 6001113
1.114081e-08 1.024232e+09 6001113 1.02436e+09 6001113
2.186975e-09 1.041323e+09 6001113 1.03336e+09 6001113
1.785235e-06 1.076386e+09 6003113 1.102275e+09 6003113
1.129453e-06 1.044593e+09 6002113 1.070856e+09 6002113
1.941789e-06 1.036711e+09 6001113 1.037376e+09 6001113
2.058629e-06 1.034176e+09 6001113 1.0505e+09 6001113
1.645343e-06 1.018143e+09 6001113 1.023827e+09 6001113
1.932352e-06 1.03836e+09 6001113 1.043673e+09 6001113
1.932352e-06 1.03836e+09 6001113 1.043673e+09 6001113
1.700819e-06 1.035891e+09 6001113 1.048015e+09 6001113
1.858301e-06 1.022331e+09 6001113 1.045541e+09 6001113
1.656349e-06 1.003662e+09 6001113 1.041765e+09 6001113
2.493846e-07 1.02967e+09 6001113 1.049239e+09 6001113
1.704014e-06 1.073624e+09 6002113 1.05802e+09 6002113
1.922406e-06 1.062563e+09 6002113 1.047166e+09 6002113
1.941789e-06 1.043062e+09 6001113 1.025193e+09 6001113
1.70138e-06 1.052479e+09 6002113 1.069601e+09 6002113
1.863223e-06 1.041263e+09 6001113 1.035249e+09 6001113
1.855271e-06 1.03385e+09 6002113 1.061997e+09 6002113
1.276395e-06 1.036329e+09 6001113 1.054926e+09 6001113
7.94531e-07 1.04173e+09 6001113 9.813025e+08 6001113
1.911946e-06 1.049255e+09 6001113 1.036546e+09 6001113
1.911946e-06 1.049255e+09 6001113 1.036546e+09 6001113
1.846424e-06 1.055902e+09 6002113 1.052313e+09 6002113
1.968674e-06 1.044532e+09 6001113 1.027315e+09 6001113
1.854679e-06 1.04222e+09 6001113 1.040268e+09 6001113
1.924932e-06 1.032812e+09 6001113 1.048801e+09 6001113
4.992589e-07 1.058002e+09 6001113 1.048921e+09 6001113
1.949094e-06 1.038839e+09 6001113 1.0437e+09 6001113
1.785272e-06 1.024709e+09 6001113 1.032502e+09 6001113
1.946748e-06 1.04378e+09 6001113 1.026769e+09 6001113
1.961537e-06 1.098869e+09 6003113 1.064729e+09 6003113
2.08441e-06 1.024765e+09 6001113 1.042237e+09 6001113
1.833076e-06 1.055146e+09 6001113 1.045723e+09 6001113
1.833076e-06 1.055146e+09 6001113 1.045723e+09 6001113
1.785235e-06 1.060102e+09 6002113 1.074262e+09 6002113
1.66315e-06 1.033885e+09 6002113 1.075184e+09 6002113
1.704014e-06 1.041063e+09 6001113 1.034864e+09 6001113
3.104531e-06 1.039892e+09 6001113 1.036303e+09 6001113
1.276395e-06 1.113191e+09 6003113 1.068537e+09 6003113
2.132854e-06 1.040724e+09 6001113 1.038744e+09 6001113
1.70138e-06 1.028338e+09 6001113 1.053727e+09 6001113
9.950972e-07 1.066057e+09 6002113 1.073889e+09 6002113
1.922406e-06 1.013685e+09 6001113 1.034693e+09 6001113
2.155333e-06 1.079338e+09 6002113 1.062703e+09 6002113
1.870611e-06 1.034931e+09 6002113 1.055267e+09 6002113
1.679116e-06 1.065926e+09 6002113 1.076927e+09 6002113
3.104531e-06 1.058229e+09 6002113 1.045266e+09 6002113
1.699674e-06 1.034175e+09 6001113 1.052102e+09 6001113
1.968674e-06 1.07044e+09 6002113 1.056888e+09 6002113
2.109167e-06 1.031983e+09 6002113 1.074892e+09 6002113
2.109167e-06 1.065448e+09 6002113 1.044918e+09 6002113
1.659026e-06 1.074686e+09 6002113 1.037268e+09 6002113
1.905602e-06 1.042586e+09 6001113 1.041397e+09 6001113
1.271818e-06 1.024389e+09 6002113 1.070214e+09 6002113
1.271818e-06 1.024389e+09 6002113 1.070214e+09 6002113
1.700819e-06 1.105826e+09 6003113 1.075812e+09 6003113
1.76176e-06 1.014553e+09 6001113 1.024333e+09 6001113
1.785235e-06 1.076623e+09 6002113 1.080737e+09 6002113
1.818282e-06 1.023469e+09 6002113 1.053161e+09 6002113
2.629862e-07 1.034068e+09 6001113 1.051887e+09 6001113
2.629862e-07 1.034068e+09 6001113 1.051887e+09 6001113
1.949094e-06 1.049691e+09 6002113 1.050863e+09 6002113
1.780832e-06 1.058709e+09 6003113 1.069985e+09 6003113
1.982384e-07 1.078862e+09 6002113 1.054395e+09 6002113
1.949094e-06 1.025144e+09 6001113 1.026046e+09 6001113
2.717746e-06 1.054459e+09 6002113 1.035612e+09 6002113
4.140829e-07 1.031808e+09 6001113 1.04902e+09 6001113
1.471306e-06 1.045767e+09 6001113 1.044017e+09 6001113
1.471306e-06 1.045767e+09 6001113 1.044017e+09 6001113
1.701419e-06 1.041009e+09 6001113 1.050358e+09 6001113
1.701419e-06 1.041009e+09 6001113 1.050358e+09 6001113
1.791789e-06 1.03338e+09 6002113 1.041168e+09 6002113
8.702882e-07 1.031011e+09 6001113 1.022247e+09 6001113
8.702882e-07 1.031011e+09 6001113 1.022247e+09 6001113
1.780832e-06 1.014565e+09 6001113 1.04105e+09 6001113
1.203883e-06 1.028015e+09 6001113 1.041025e+09 6001113
1.785235e-06 1.097312e+09 6003113 1.068752e+09 6003113
1.788894e-06 1.05816e+09 6002113 1.087372e+09 6002113
1.699674e-06 1.069499e+09 6002113 1.04351e+09 6002113
1.65315e-06 1.053258e+09 6002113 1.051702e+09 6002113
1.911946e-06 1.034235e+09 6001113 1.033212e+09 6001113
3.085886e-07 1.061202e+09 6002113 1.039997e+09 6002113
1.471306e-06 1.081749e+09 6002113 1.059909e+09 6002113
1.802101e-06 1.075858e+09 6002113 1.045101e+09 6002113
1.802101e-06 1.075858e+09 6002113 1.045101e+09 6002113
1.700771e-06 1.048341e+09 6001113 1.037013e+09 6001113
1.700771e-06 1.048341e+09 6001113 1.037013e+09 6001113
1.043488e-06 1.069636e+09 6003113 1.08893e+09 6003113
1.69409e-06 1.035667e+09 6001113 1.049764e+09 6001113
2.530855e-06 1.04413e+09 6001113 1.016141e+09 6001113
1.788894e-06 1.083902e+09 6002113 1.066232e+09 6002113
1.70138e-06 1.048223e+09 6001113 1.036506e+09 6001113
3.104531e-06 1.047624e+09 6002113 1.063232e+09 6002113
2.717746e-06 1.055184e+09 6002113 1.054147e+09 6002113
1.932352e-06 1.048602e+09 6001113 1.033303e+09 6001113
1.700819e-06 1.023958e+09 6002113 1.076637e+09 6002113
1.701419e-06 1.036404e+09 6001113 1.033788e+09 6001113
1.793914e-06 1.086269e+09 6002113 1.025636e+09 6002113
1.918307e-06 1.073918e+09 6002113 1.057756e+09 6002113
1.846424e-06 1.055619e+09 6002113 1.072518e+09 6002113
1.70138e-06 1.023873e+09 6001113 1.012522e+09 6001113
1.679116e-06 1.04554e+09 6002113 1.077573e+09 6002113
2.08441e-06 1.04686e+09 6001113 1.03021e+09 6001113
1.870611e-06 1.068724e+09 6002113 1.057804e+09 6002113
1.791789e-06 1.066844e+09 6002113 1.072519e+09 6002113
2.530855e-06 1.024639e+09 6001113 1.039259e+09 6001113
2.530855e-06 1.024639e+09 6001113 1.039259e+09 6001113
1.900942e-06 1.040919e+09 6002113 1.062451e+09 6002113
1.656349e-06 1.033538e+09 6001113 1.029809e+09 6001113
1.76176e-06 1.009747e+09 6001113 1.047522e+09 6001113
1.76176e-06 1.009747e+09 6001113 1.047522e+09 6001113
3.251895e-07 1.026629e+09 6001113 1.042191e+09 6001113
6.124458e-07 1.068421e+09 6002113 1.061488e+09 6002113
1.471306e-06 1.045441e+09 6002113 1.074831e+09 6002113
1.854679e-06 1.057482e+09 6002113 1.065663e+09 6002113
1.883512e-06 1.034722e+09 6001113 1.047686e+09 6001113
2.981115e-06 1.056507e+09 6001113 1.046175e+09 6001113
9.210078e-08 1.074112e+09 6002113 1.082476e+09 6002113
4.951396e-07 1.094531e+09 6003113 1.051663e+09 6003113
1.947999e-06 1.068547e+09 6002113 1.071562e+09 6002113
1.69409e-06 1.049492e+09 6001113 1.032497e+09 6001113
1.922406e-06 1.050673e+09 6001113 1.049508e+09 6001113
1.922406e-06 1.050673e+09 6001113 1.049508e+09 6001113
1.06113e-06 1.065082e+09 6002113 1.071935e+09 6002113
1.661277e-06 1.029638e+09 6001113 1.044097e+09 6001113
1.66315e-06 1.046855e+09 6001113 1.048955e+09 6001113
1.833076e-06 1.039881e+09 6001113 1.040971e+09 6001113
1.785272e-06 1.01764e+09 6002113 1.065727e+09 6002113
7.94531e-07 1.064022e+09 6002113 1.04433e+09 6002113
2.566731e-06 1.032729e+09 6001113 1.021161e+09 6001113
1.69987e-06 1.025019e+09 6001113 1.044309e+09 6001113
1.793914e-06 1.006828e+09 6001113 1.053261e+09 6001113
1.771338e-06 1.079428e+09 6003113 1.074144e+09 6003113
1.645343e-06 1.075288e+09 6002113 1.068266e+09 6002113
1.900942e-06 1.01884e+09 6002113 1.063223e+09 6002113
2.530855e-06 1.054595e+09 6002113 1.050992e+09 6002113
1.805049e-06 1.029273e+09 6001113 1.031139e+09 6001113
1.526322e-06 1.042672e+09 6001113 1.029329e+09 6001113
1.947999e-06 1.028391e+09 6001113 1.036414e+09 6001113
1.682999e-06 1.042724e+09 6001113 1.019422e+09 6001113
1.645343e-06 1.029515e+09 6001113 1.026797e+09 6001113
2.566731e-06 1.002903e+09 6001113 1.030204e+09 6001113
1.699674e-06 1.050545e+09 6001113 1.040474e+09 6001113
1.785235e-06 1.053405e+09 6002113 1.070461e+09 6002113
2.17463e-06 1.025764e+09 6001113 1.054733e+09 6001113
2.17463e-06 1.037269e+09 6001113 1.040778e+09 6001113
2.17463e-06 1.037269e+09 6001113 1.040778e+09 6001113
1.924932e-06 1.075469e+09 6002113 1.058652e+09 6002113
1.679116e-06 1.075134e+09 6002113 1.06338e+09 6002113
1.69409e-06 1.045914e+09 6001113 1.036014e+09 6001113
1.701419e-06 1.051682e+09 6001113 1.046787e+09 6001113
1.66315e-06 1.052475e+09 6001113 1.023029e+09 6001113
1.659026e-06 1.030692e+09 6001113 1.034621e+09 6001113
1.785272e-06 1.072922e+09 6002113 1.052837e+09 6002113
1.974324e-06 1.041368e+09 6001113 1.047473e+09 6001113
1.974324e-06 1.041368e+09 6001113 1.047473e+09 6001113
1.780832e-06 1.052519e+09 6002113 1.049762e+09 6002113
1.687208e-06 1.03818e+09 6001113 1.026219e+09 6001113
1.917896e-06 1.028269e+09 6001113 1.04513e+09 6001113
1.917896e-06 1.028269e+09 6001113 1.04513e+09 6001113
1.858301e-06 1.074406e+09 6002113 1.080904e+09 6002113
1.788894e-06 1.066999e+09 6002113 1.071554e+09 6002113
1.788894e-06 1.066999e+09 6002113 1.071554e+09 6002113
1.276395e-06 1.060938e+09 6002113 1.056852e+09 6002113
1.911946e-06 1.058791e+09 6001113 1.0379e+09 6001113
1.704014e-06 1.039706e+09 6001113 1.046145e+09 6001113
1.466293e-06 1.043931e+09 6001113 1.048874e+09 6001113
1.659026e-06 1.040686e+09 6001113 1.045621e+09 6001113
1.700771e-06 1.042568e+09 6001113 1.027872e+09 6001113
2.058629e-06 1.03754e+09 6002113 1.06063e+09 6002113
1.072621e-06 1.033162e+09 6001113 1.033935e+09 6001113
1.129453e-06 1.043283e+09 6002113 1.009939e+09 6002113
1.129453e-06 1.043283e+09 6002113 1.009939e+09 6002113
1.661277e-06 1.019154e+09 6001113 1.034726e+09 6001113
2.398018e-06 1.066603e+09 6002113 1.072745e+09 6002113
1.83454e-06 1.07631e+09 6002113 1.074625e+09 6002113
1.780832e-06 1.053245e+09 6002113 1.06401e+09 6002113
4.551455e-07 1.035444e+09 6001113 1.022915e+09 6001113
1.659026e-06 1.101428e+09 6003113 1.065623e+09 6003113
1.700819e-06 9.918067e+08 6001113 1.020765e+09 6001113
1.818282e-06 1.056673e+09 6002113 1.06036e+09 6002113
1.780832e-06 1.055657e+09 6002113 1.025496e+09 6002113
1.072621e-06 1.061808e+09 6002113 1.059206e+09 6002113
2.058629e-06 1.035544e+09 6001113 1.052963e+09 6001113
2.492389e-06 1.066954e+09 6002113 1.066087e+09 6002113
1.69409e-06 1.032413e+09 6001113 1.048062e+09 6001113
1.460348e-07 1.028377e+09 6001113 1.025608e+09 6001113
1.630284e-06 1.09707e+09 6003113 1.052264e+09 6003113
2.132854e-06 1.044132e+09 6002113 1.049288e+09 6002113
2.927529e-07 1.038639e+09 6002113 1.084889e+09 6002113
2.132854e-06 1.031674e+09 6001113 1.04409e+09 6001113
2.132854e-06 1.031674e+09 6001113 1.04409e+09 6001113
2.132854e-06 1.040929e+09 6001113 1.033017e+09 6001113
1.961537e-06 1.038577e+09 6001113 1.051027e+09 6001113
1.364554e-06 1.033033e+09 6001113 1.040676e+09 6001113
1.887208e-06 1.063056e+09 6002113 1.056804e+09 6002113
1.405841e-06 1.0329e+09 6001113 1.0434e+09 6001113
3.986826e-07 1.007618e+09 6001113 1.043611e+09 6001113
1.928105e-06 1.049425e+09 6002113 1.049419e+09 6002113
1.802101e-06 1.049089e+09 6001113 1.032141e+09 6001113
9.950972e-07 1.051299e+09 6001113 1.037167e+09 6001113
2.566731e-06 1.039244e+09 6002113 1.075832e+09 6002113
1.70138e-06 1.042226e+09 6001113 1.0472e+09 6001113
1.788894e-06 1.068815e+09 6002113 1.051726e+09 6002113
7.94531e-07 1.018547e+09 6001113 1.048945e+09 6001113
1.65315e-06 1.042044e+09 6001113 1.029042e+09 6001113
1.780832e-06 1.048932e+09 6001113 1.039549e+09 6001113
1.65315e-06 1.07425e+09 6002113 1.082289e+09 6002113
4.85324e-08 1.050907e+09 6001113 1.055635e+09 6001113
2.109167e-06 1.017083e+09 6001113 1.042067e+09 6001113
1.928105e-06 1.06052e+09 6001113 1.026156e+09 6001113
1.129453e-06 1.027312e+09 6001113 1.034843e+09 6001113
1.780832e-06 1.079803e+09 6002113 1.070802e+09 6002113
1.905602e-06 1.029589e+09 6002113 1.066932e+09 6002113
1.340806e-06 1.061512e+09 6002113 1.05928e+09 6002113
1.700771e-06 1.05442e+09 6002113 1.06325e+09 6002113
1.855271e-06 1.032318e+09 6001113 1.042753e+09 6001113
1.933621e-06 1.068452e+09 6002113 1.066531e+09 6002113
3.85526e-08 1.066229e+09 6002113 1.044828e+09 6002113
1.661277e-06 1.048338e+09 6001113 1.03458e+09 6001113
2.530855e-06 1.023579e+09 6001113 1.041217e+09 6001113
1.941789e-06 1.040945e+09 6001113 1.042083e+09 6001113
1.129453e-06 1.027474e+09 6001113 1.037336e+09 6001113
1.833076e-06 1.024061e+09 6002113 1.049519e+09 6002113
2.492389e-06 1.035233e+09 6001113 1.042816e+09 6001113
8.738005e-07 1.068033e+09 6002113 1.046898e+09 6002113
1.69987e-06 1.03639e+09 6002113 1.071847e+09 6002113
1.918307e-06 1.060195e+09 6002113 1.056292e+09 6002113
1.785272e-06 1.041798e+09 6002113 1.043834e+09 6002113
1.129453e-06 1.047424e+09 6001113 1.0346e+09 6001113
1.656349e-06 1.053789e+09 6002113 1.035086e+09 6002113
1.855271e-06 9.842232e+08 6001113 1.025839e+09 6001113
4.472571e-08 1.031978e+09 6001113 1.056613e+09 6001113
4.472571e-08 1.031978e+09 6001113 1.056613e+09 6001113
1.973789e-06 1.023601e+09 6001113 1.034453e+09 6001113
1.276395e-06 1.077644e+09 6002113 1.064025e+09 6002113
1.69987e-06 1.061128e+09 6002113 1.074092e+09 6002113
1.918307e-06 1.059783e+09 6001113 1.041559e+09 6001113
1.69409e-06 1.005318e+09 6001113 1.034125e+09 6001113
1.780832e-06 1.057156e+09 6002113 1.044422e+09 6002113
2.530855e-06 1.038164e+09 6001113 1.023881e+09 6001113
2.530855e-06 1.038164e+09 6001113 1.023881e+09 6001113
8.738005e-07 1.015475e+09 6001113 1.051016e+09 6001113
2.981115e-06 1.069808e+09 6002113 1.074452e+09 6002113
1.922406e-06 1.058007e+09 6002113 1.069564e+09 6002113
1.76176e-06 1.029052e+09 6001113 1.025372e+09 6001113
1.69409e-06 1.050955e+09 6002113 1.031974e+09 6002113
8.738005e-07 1.046554e+09 6002113 1.065089e+09 6002113
2.155333e-06 1.03899e+09 6001113 1.034703e+09 6001113
1.968674e-06 1.063111e+09 6002113 1.030984e+09 6002113
1.645343e-06 1.06878e+09 6002113 1.073469e+09 6002113
1.788894e-06 1.076187e+09 6002113 1.066538e+09 6002113
2.566731e-06 1.035816e+09 6002113 1.06323e+09 6002113
6.822842e-07 1.073215e+09 6002113 1.069686e+09 6002113
1.659026e-06 1.052908e+09 6001113 1.009929e+09 6001113
1.941789e-06 1.028234e+09 6001113 1.041999e+09 6001113
1.877387e-06 1.082175e+09 6002113 1.041411e+09 6002113
1.949094e-06 1.077507e+09 6002113 1.054013e+09 6002113
1.271818e-06 1.024812e+09 6001113 1.036105e+09 6001113
1.933621e-06 1.075305e+09 6002113 1.063202e+09 6002113
1.922406e-06 1.035048e+09 6001113 1.021917e+09 6001113
2.492389e-06 1.028471e+09 6001113 1.058331e+09 6001113
1.911946e-06 1.022758e+09 6001113 1.041244e+09 6001113
1.911946e-06 1.022758e+09 6001113 1.041244e+09 6001113
1.653559e-07 1.057206e+09 6002113 1.084026e+09 6002113
1.928105e-06 1.014394e+09 6001113 1.023114e+09 6001113
2.132854e-06 1.075038e+09 6002113 1.077456e+09 6002113
1.846424e-06 1.067406e+09 6002113 1.075848e+09 6002113
1.818282e-06 1.027416e+09 6001113 1.044673e+09 6001113
1.780832e-06 1.057801e+09 6001113 1.040262e+09 6001113
1.460348e-07 1.035457e+09 6001113 1.036222e+09 6001113
2.08441e-06 1.028447e+09 6001113 1.040859e+09 6001113
2.058629e-06 1.064772e+09 6002113 1.065276e+09 6002113
1.412743e-08 1.067379e+09 6002113 1.052116e+09 6002113
1.941789e-06 1.024582e+09 6001113 1.0248e+09 6001113
1.06113e-06 1.057685e+09 6002113 1.049244e+09 6002113
1.700771e-06 1.074573e+09 6002113 1.060594e+09 6002113
1.973789e-06 1.048774e+09 6001113 1.032978e+09 6001113
1.700819e-06 1.073322e+09 6002113 1.055301e+09 6002113
9.210078e-08 1.046315e+09 6001113 1.023523e+09 6001113
1.818282e-06 1.063816e+09 6002113 1.070107e+09 6002113
1.855271e-06 1.063421e+09 6002113 1.066457e+09 6002113
2.058629e-06 1.06994e+09 6002113 1.065026e+09 6002113
4.140829e-07 1.0405e+09 6001113 1.060438e+09 6001113
1.704014e-06 1.079661e+09 6002113 1.068603e+09 6002113
1.788894e-06 1.025908e+09 6001113 1.050502e+09 6001113
1.341046e-06 1.053679e+09 6002113 1.04939e+09 6002113
1.735097e-06 1.066251e+09 6002113 1.078585e+09 6002113
1.858301e-06 1.036203e+09 6001113 1.05737e+09 6001113
1.949094e-06 1.065252e+09 6002113 1.067457e+09 6002113
1.917896e-06 1.063783e+09 6002113 1.051009e+09 6002113
2.788109e-07 1.062724e+09 6001113 1.018929e+09 6001113
1.858301e-06 1.024557e+09 6001113 1.046487e+09 6001113
1.917896e-06 1.049187e+09 6002113 1.059016e+09 6002113
1.917896e-06 1.049187e+09 6002113 1.059016e+09 6002113
7.447045e-08 1.058556e+09 6002113 1.048505e+09 6002113
1.968674e-06 1.013477e+09 6001113 1.047711e+09 6001113
1.58606e-06 1.040902e+09 6001113 1.055977e+09 6001113
3.104531e-06 1.044909e+09 6001113 1.024076e+09 6001113
1.846745e-06 1.051828e+09 6002113 1.045439e+09 6002113
1.526322e-06 1.075143e+09 6002113 1.064278e+09 6002113
1.941789e-06 1.070217e+09 6002113 1.049302e+09 6002113
1.69409e-06 1.045529e+09 6002113 1.079012e+09 6002113
7.369494e-07 1.067672e+09 6002113 1.050469e+09 6002113
1.73471e-06 1.077277e+09 6003113 1.049677e+09 6003113
5.465442e-07 1.069914e+09 6002113 1.042742e+09 6002113
2.717746e-06 1.045731e+09 6002113 1.071315e+09 6002113
1.700771e-06 1.058671e+09 6002113 1.082009e+09 6002113
1.863223e-06 1.058498e+09 6002113 1.056629e+09 6002113
1.06113e-06 1.085369e+09 6003113 1.076479e+09 6003113
1.833076e-06 1.043845e+09 6001113 1.049458e+09 6001113
2.932936e-06 1.035374e+09 6001113 1.027201e+09 6001113
1.939002e-06 1.040017e+09 6001113 1.027904e+09 6001113
1.900942e-06 1.050741e+09 6001113 1.048629e+09 6001113
1.900942e-06 1.050741e+09 6001113 1.048629e+09 6001113
1.129453e-06 1.052216e+09 6002113 1.041326e+09 6002113
1.69987e-06 1.05353e+09 6002113 1.06408e+09 6002113
2.155333e-06 1.079141e+09 6002113 1.074747e+09 6002113
1.129453e-06 1.04746e+09 6001113 1.049299e+09 6001113
3.104531e-06 1.067179e+09 6002113 1.029132e+09 6002113
1.887208e-06 1.040715e+09 6001113 1.033427e+09 6001113
1.887208e-06 1.040715e+09 6001113 1.033427e+09 6001113
1.973789e-06 1.076736e+09 6002113 1.05906e+09 6002113
1.182409e-06 1.01929e+09 6001113 1.049113e+09 6001113
1.870611e-06 1.039637e+09 6001113 1.007765e+09 6001113
1.863223e-06 1.009653e+09 6001113 1.046561e+09 6001113
1.793914e-06 1.048499e+09 6003113 1.068289e+09 6003113
1.526322e-06 1.067166e+09 6002113 1.023712e+09 6002113
1.271818e-06 1.037101e+09 6001113 9.863114e+08 6001113
1.922406e-06 1.072267e+09 6002113 1.049495e+09 6002113
1.918307e-06 1.034831e+09 6001113 1.058312e+09 6001113
1.918307e-06 1.070711e+09 6002113 1.055672e+09 6002113
2.605538e-06 1.057503e+09 6002113 1.078567e+09 6002113
1.854679e-06 1.051037e+09 6001113 1.041267e+09 6001113
1.949094e-06 1.060926e+09 6002113 1.053667e+09 6002113
1.974324e-06 1.043014e+09 6001113 1.034583e+09 6001113
1.69987e-06 1.064899e+09 6002113 1.062637e+09 6002113
2.450333e-06 1.049646e+09 6002113 1.041291e+09 6002113
7.94531e-07 1.0594e+09 6002113 1.071982e+09 6002113
2.155333e-06 1.018154e+09 6001113 9.655181e+08 6001113
1.06113e-06 1.057555e+09 6003113 1.102144e+09 6003113
1.788894e-06 1.051766e+09 6001113 1.02831e+09 6001113
4.85324e-08 1.03351e+09 6001113 1.027615e+09 6001113
4.85324e-08 1.03351e+09 6001113 1.027615e+09 6001113
1.072621e-06 1.054463e+09 6002113 1.070821e+09 6002113
1.701419e-06 1.035694e+09 6001113 1.038501e+09 6001113
1.645343e-06 1.01645e+09 6001113 1.055996e+09 6001113
1.679116e-06 1.030079e+09 6002113 1.080633e+09 6002113
2.109167e-06 1.015562e+09 6001113 1.048493e+09 6001113
1.802101e-06 1.058487e+09 6003113 1.057099e+09 6003113
1.679116e-06 1.035858e+09 6001113 1.024177e+09 6001113
1.793914e-06 1.108743e+09 6003113 1.070758e+09 6003113
1.704014e-06 1.013488e+09 6001113 1.044202e+09 6001113
1.704014e-06 1.013488e+09 6001113 1.044202e+09 6001113
1.846424e-06 1.082193e+09 6002113 1.065826e+09 6002113
1.364554e-06 9.939103e+08 6001113 1.055896e+09 6001113
1.858301e-06 1.042338e+09 6001113 1.055542e+09 6001113
1.129453e-06 1.069629e+09 6002113 1.060323e+09 6002113
1.182409e-06 1.037065e+09 6001113 1.043361e+09 6001113
2.932936e-06 1.075789e+09 6002113 1.062459e+09 6002113
2.932936e-06 1.075789e+09 6002113 1.062459e+09 6002113
2.450333e-06 1.046994e+09 6002113 1.065004e+09 6002113
1.947999e-06 1.055016e+09 6001113 1.057181e+09 6001113
2.632712e-06 1.057537e+09 6001113 1.033774e+09 6001113
1.941789e-06 1.035895e+09 6001113 1.033203e+09 6001113
9.184882e-07 1.05906e+09 6002113 1.049523e+09 6002113
1.701419e-06 1.061266e+09 6002113 1.061368e+09 6002113
6.124458e-07 1.082327e+09 6002113 1.076603e+09 6002113
1.700819e-06 1.059869e+09 6002113 1.061415e+09 6002113
1.704679e-06 1.035094e+09 6001113 1.047988e+09 6001113
1.863223e-06 1.077222e+09 6002113 1.06961e+09 6002113
1.973789e-06 1.045122e+09 6002113 1.057743e+09 6002113
1.973789e-06 1.045122e+09 6002113 1.057743e+09 6002113
1.341046e-06 1.03762e+09 6001113 1.039169e+09 6001113
1.69987e-06 1.021557e+09 6001113 1.037446e+09 6001113
1.855271e-06 1.054794e+09 6001113 1.052604e+09 6001113
6.124458e-07 1.077007e+09 6002113 1.04354e+09 6002113
1.886737e-06 1.075341e+09 6002113 1.04014e+09 6002113
1.928105e-06 1.074309e+09 6002113 1.071765e+09 6002113
1.928105e-06 1.074309e+09 6002113 1.071765e+09 6002113
1.303223e-08 1.043264e+09 6001113 1.012382e+09 6001113
1.924932e-06 1.027526e+09 6001113 1.048278e+09 6001113
3.604484e-07 1.068826e+09 6002113 1.073946e+09 6002113
1.656349e-06 1.093473e+09 6003113 1.038745e+09 6003113
1.70138e-06 1.065775e+09 6002113 1.0695e+09 6002113
1.946748e-06 1.075914e+09 6003113 1.114489e+09 6003113
1.949094e-06 1.050222e+09 6002113 1.05462e+09 6002113
1.854679e-06 1.045465e+09 6001113 1.038846e+09 6001113
2.08441e-06 1.026308e+09 6002113 1.071218e+09 6002113
2.08441e-06 1.0685e+09 6002113 1.077639e+09 6002113
2.981115e-06 1.025437e+09 6001113 1.040974e+09 6001113
2.904582e-06 1.007362e+09 6001113 1.039268e+09 6001113
1.679116e-06 1.032962e+09 6003113 1.083071e+09 6003113
1.982384e-07 1.035326e+09 6001113 1.050294e+09 6001113
1.949094e-06 1.037039e+09 6001113 1.034397e+09 6001113
1.949094e-06 1.037039e+09 6001113 1.034397e+09 6001113
2.251405e-08 1.034632e+09 6001113 1.024806e+09 6001113
2.356505e-06 1.051521e+09 6001113 1.041434e+09 6001113
2.530855e-06 1.088863e+09 6003113 1.046803e+09 6003113
1.58606e-06 9.90872e+08 6001113 1.040414e+09 6001113
1.886737e-06 1.072752e+09 6002113 1.074209e+09 6002113
1.405841e-06 1.075047e+09 6002113 1.052795e+09 6002113
1.466293e-06 1.045682e+09 6001113 1.01879e+09 6001113
1.877387e-06 1.031898e+09 6001113 1.021502e+09 6001113
1.072621e-06 1.045606e+09 6001113 1.043713e+09 6001113
1.785235e-06 1.036293e+09 6001113 1.041076e+09 6001113
1.687208e-06 1.072209e+09 6003113 1.087221e+09 6003113
1.911946e-06 1.106596e+09 6003113 1.032848e+09 6003113
3.104531e-06 1.040983e+09 6001113 1.025715e+09 6001113
3.104531e-06 1.040983e+09 6001113 1.025715e+09 6001113
2.717746e-06 1.019801e+09 6001113 1.024365e+09 6001113
2.717746e-06 1.019801e+09 6001113 1.024365e+09 6001113
1.340806e-06 1.047794e+09 6001113 1.023433e+09 6001113
1.870611e-06 1.032289e+09 6001113 1.058752e+09 6001113
6.466835e-08 1.060718e+09 6002113 1.067516e+09 6002113
2.788109e-07 1.077823e+09 6002113 1.040819e+09 6002113
1.883512e-06 1.0746e+09 6002113 1.066112e+09 6002113
1.704679e-06 1.023712e+09 6001113 1.01838e+09 6001113
8.738005e-07 1.04263e+09 6001113 1.022934e+09 6001113
1.870611e-06 1.037772e+09 6002113 1.075637e+09 6002113
1.961537e-06 1.032292e+09 6001113 1.040375e+09 6001113
1.973789e-06 1.067637e+09 6002113 1.068868e+09 6002113
1.986956e-06 1.044036e+09 6001113 1.032397e+09 6001113
2.904582e-06 1.040632e+09 6001113 1.03878e+09 6001113
2.356505e-06 1.06124e+09 6002113 1.076177e+09 6002113
3.251895e-07 1.051781e+09 6001113 1.044575e+09 6001113
7.369494e-07 1.068506e+09 6002113 1.073801e+09 6002113
8.14284e-09 1.079479e+09 6002113 1.034056e+09 6002113
1.846424e-06 1.069396e+09 6002113 1.035035e+09 6002113
1.961537e-06 1.026647e+09 6001113 1.028564e+09 6001113
8.702882e-07 1.057425e+09 6002113 1.050543e+09 6002113
1.202038e-07 1.033381e+09 6001113 1.047379e+09 6001113
1.76176e-06 1.055374e+09 6001113 1.042739e+09 6001113
1.412743e-08 1.000097e+09 6001113 1.046605e+09 6001113
1.961537e-06 1.026584e+09 6001113 1.035559e+09 6001113
1.73471e-06 1.075086e+09 6002113 1.076151e+09 6002113
1.924932e-06 1.049803e+09 6001113 1.039201e+09 6001113
3.85526e-08 1.057418e+09 6001113 1.04161e+09 6001113
1.877387e-06 1.031807e+09 6002113 1.041202e+09 6002113
1.877387e-06 1.031807e+09 6002113 1.041202e+09 6002113
