2.12496e-06 1.099433e+09 6002113 1.110173e+09 6002113
1.379365e-06 1.116494e+09 6002114 1.120399e+09 6002113
1.528217e-06 1.091269e+09 6002114 1.117061e+09 6002113
1.164581e-06 1.10659e+09 6003113 1.137847e+09 6003113
5.623342e-07 1.069387e+09 6002113 1.116357e+09 6002113
1.478551e-06 1.111947e+09 6002113 1.116073e+09 6002113
1.314919e-06 1.12306e+09 6002113 1.114232e+09 6002113
5.067066e-07 1.102838e+09 6003113 1.134264e+09 6003113
1.339444e-06 1.103922e+09 6002113 1.046341e+09 6002113
1.175242e-08 1.094288e+09 6003114 1.109658e+09 6003113
1.550757e-06 1.105037e+09 6002114 1.111772e+09 6002113
1.339444e-06 1.110795e+09 6003113 1.136833e+09 6003113
1.450705e-06 1.146972e+09 6003113 1.116472e+09 6003113
5.496609e-07 1.124398e+09 6003114 1.110761e+09 6003113
1.294351e-06 1.121678e+09 6002113 1.101338e+09 6002113
1.380484e-06 1.093876e+09 6002114 1.105742e+09 6002113
1.439449e-06 1.131271e+09 6003114 1.112621e+09 6003113
1.486102e-06 1.09765e+09 6002113 1.114181e+09 6002113
1.550757e-06 1.142445e+09 6003114 1.110378e+09 6003113
1.455751e-06 1.113959e+09 6002113 1.100249e+09 6002113
1.284315e-06 1.101894e+09 6002114 1.108674e+09 6002113
1.504697e-06 1.123551e+09 6003113 1.133575e+09 6003113
3.925113e-07 1.119378e+09 6002113 1.101096e+09 6002113
1.387383e-06 1.11943e+09 6002113 1.117067e+09 6002113
1.376739e-06 1.122778e+09 6003114 1.116599e+09 6003113
2.12496e-06 1.12255e+09 6003113 1.122305e+09 6003113
1.274574e-06 1.114674e+09 6002113 1.111646e+09 6002113
1.478551e-06 1.120724e+09 6003113 1.147652e+09 6003113
1.314919e-06 1.101223e+09 6003113 1.140013e+09 6003113
1.385902e-06 1.05347e+09 6002113 1.108203e+09 6002113
1.72157e-06 1.116721e+09 6003113 1.152184e+09 6003113
1.43334e-06 1.116682e+09 6002113 1.117181e+09 6002113
1.519175e-06 1.134898e+09 6003113 1.117099e+09 6003113
1.397562e-06 1.14004e+09 6003113 1.112542e+09 6003113
1.861081e-06 1.116129e+09 6002113 1.119508e+09 6002113
1.331254e-06 1.119358e+09 6002114 1.10318e+09 6002113
1.516081e-06 1.111838e+09 6003113 1.132788e+09 6003113
2.243455e-06 1.122683e+09 6002113 1.117078e+09 6002113
1.518887e-06 1.139082e+09 6003113 1.111746e+09 6003113
1.321575e-06 1.113183e+09 6002114 1.10927e+09 6002113
1.455751e-06 1.099207e+09 6002113 1.109039e+09 6002113
3.637156e-09 1.141783e+09 6003113 1.104797e+09 6003113
1.43334e-06 1.124203e+09 6002113 1.107955e+09 6002113
1.314919e-06 1.11339e+09 6003113 1.143019e+09 6003113
1.387383e-06 1.113766e+09 6002113 1.101035e+09 6002113
1.335632e-07 1.141068e+09 6003113 1.11686e+09 6003113
1.311219e-06 1.103763e+09 6002114 1.103056e+09 6002113
2.187184e-08 1.120796e+09 6002113 1.101293e+09 6002113
4.154673e-07 1.110148e+09 6002114 1.118091e+09 6002113
1.376739e-06 1.097727e+09 6002114 1.114402e+09 6002113
9.764019e-08 1.125031e+09 6003114 1.112847e+09 6003113
9.273571e-07 1.084577e+09 6002114 1.108511e+09 6002113
1.445404e-06 1.094511e+09 6002113 1.102871e+09 6002113
1.478551e-06 1.151923e+09 6003113 1.121687e+09 6003113
1.385902e-06 1.137473e+09 6003113 1.132964e+09 6003113
1.445252e-06 1.11781e+09 6003113 1.142438e+09 6003113
1.450705e-06 1.095534e+09 6002114 1.114321e+09 6002113
4.662403e-07 1.119149e+09 6002113 1.105151e+09 6002113
2.466412e-07 1.109219e+09 6002113 1.10899e+09 6002113
1.43334e-06 1.085574e+09 6003113 1.118416e+09 6003113
1.486102e-06 1.092023e+09 6002114 1.120554e+09 6002113
1.253885e-07 1.110928e+09 6002114 1.11151e+09 6002113
1.268741e-06 1.104699e+09 6002113 1.109302e+09 6002113
6.533246e-07 1.101919e+09 6002113 1.123799e+09 6002113
1.313302e-06 1.134273e+09 6002114 1.117077e+09 6002113
4.257088e-09 1.106104e+09 6002113 1.106919e+09 6002113
1.504697e-06 1.12663e+09 6002113 1.110209e+09 6002113
5.496609e-07 1.111091e+09 6002113 1.10828e+09 6002113
1.955493e-06 1.117647e+09 6002114 1.107766e+09 6002113
1.505462e-06 1.040552e+09 6002114 1.110033e+09 6002113
1.257996e-06 1.0736e+09 6002114 1.114184e+09 6002113
1.573672e-06 1.077503e+09 6002114 1.10324e+09 6002113
1.538867e-06 1.128096e+09 6002113 1.110314e+09 6002113
1.500354e-06 1.109489e+09 6002113 1.119286e+09 6002113
6.659551e-07 1.117159e+09 6002113 1.108727e+09 6002113
1.294405e-09 1.112346e+09 6002113 1.120757e+09 6002113
1.955493e-06 1.119993e+09 6003113 1.126816e+09 6003113
1.236827e-06 1.120892e+09 6002113 1.10309e+09 6002113
1.43334e-06 1.108205e+09 6002113 1.100766e+09 6002113
1.274032e-06 1.129042e+09 6002113 1.121574e+09 6002113
