1.432398e-06 1.023987e+09 6001113 1.04443e+09 6001113
1.180515e-06 1.0259e+09 6001113 1.067173e+09 6001113
1.491023e-06 1.097837e+09 6002113 1.089084e+09 6002113
7.369567e-07 1.092464e+09 6002113 1.08272e+09 6002113
1.326419e-06 1.085562e+09 6002113 1.085276e+09 6002113
1.488592e-06 1.054227e+09 6001113 1.044353e+09 6001113
7.984246e-07 1.045616e+09 6001113 1.063554e+09 6001113
1.076e-06 1.021535e+09 6001113 1.048567e+09 6001113
1.471959e-06 1.052297e+09 6001113 1.046434e+09 6001113
1.53884e-06 1.073343e+09 6001113 1.060186e+09 6001113
2.112379e-06 1.048926e+09 6001113 1.064752e+09 6001113
4.49849e-08 1.084245e+09 6002113 1.073672e+09 6002113
4.49849e-08 1.084245e+09 6002113 1.073672e+09 6002113
5.975199e-08 1.073764e+09 6001113 1.016904e+09 6001113
1.353746e-06 1.049974e+09 6001113 1.058293e+09 6001113
1.471959e-06 1.059604e+09 6001113 1.042981e+09 6001113
1.711313e-06 1.045913e+09 6001113 1.048298e+09 6001113
1.331134e-06 1.065701e+09 6001113 9.833466e+08 6001113
1.53884e-06 1.034413e+09 6001113 1.072783e+09 6001113
1.511251e-06 1.061699e+09 6001113 1.051576e+09 6001113
1.528976e-06 1.065674e+09 6002113 1.049155e+09 6002113
1.428866e-06 1.090559e+09 6002113 1.073842e+09 6002113
1.364628e-06 1.054253e+09 6001113 1.051456e+09 6001113
1.33294e-06 1.069939e+09 6001113 1.059666e+09 6001113
6.374986e-07 1.056481e+09 6001113 1.063183e+09 6001113
1.432428e-06 1.057774e+09 6001113 9.999388e+08 6001113
1.458914e-06 1.074574e+09 6001113 1.051572e+09 6001113
1.471959e-06 1.037181e+09 6001113 1.045126e+09 6001113
2.049882e-06 1.073335e+09 6001113 1.064319e+09 6001113
6.374986e-07 1.033126e+09 6001113 1.058805e+09 6001113
1.363905e-06 1.064097e+09 6002113 1.100267e+09 6002113
9.659456e-07 1.069055e+09 6001113 1.046001e+09 6001113
1.075807e-06 1.082997e+09 6002113 1.068633e+09 6002113
1.445931e-06 1.057965e+09 6001113 1.046014e+09 6001113
1.445931e-06 1.057965e+09 6001113 1.046014e+09 6001113
3.141742e-09 1.024086e+09 6001113 1.06665e+09 6001113
2.391923e-06 1.062913e+09 6001113 1.017197e+09 6001113
1.367764e-06 1.042009e+09 6001113 1.060577e+09 6001113
1.437657e-06 1.065969e+09 6002113 1.095535e+09 6002113
1.437657e-06 1.065969e+09 6002113 1.095535e+09 6002113
1.525237e-06 1.050101e+09 6001113 1.055841e+09 6001113
1.428866e-06 1.066078e+09 6001113 1.067347e+09 6001113
1.551457e-06 1.028918e+09 6001113 1.049622e+09 6001113
1.413563e-06 1.056301e+09 6001113 1.058396e+09 6001113
1.491023e-06 1.093168e+09 6002113 1.078378e+09 6002113
1.547512e-08 1.053533e+09 6001113 1.054618e+09 6001113
1.692308e-06 1.041913e+09 6001113 1.053375e+09 6001113
1.075807e-06 1.075742e+09 6002113 1.082848e+09 6002113
1.711313e-06 1.056199e+09 6002113 1.082847e+09 6002113
5.912976e-07 1.066063e+09 6001113 1.054129e+09 6001113
1.364628e-06 1.025842e+09 6001113 1.061611e+09 6001113
1.445931e-06 1.065831e+09 6001113 1.070345e+09 6001113
1.432398e-06 1.040114e+09 6001113 1.055841e+09 6001113
8.514065e-07 1.078527e+09 6001113 1.066516e+09 6001113
2.030653e-06 1.059593e+09 6001113 1.058651e+09 6001113
2.892088e-07 1.05893e+09 6001113 1.054182e+09 6001113
2.892088e-07 1.05893e+09 6001113 1.054182e+09 6001113
5.21806e-09 1.062947e+09 6001113 1.045393e+09 6001113
4.515384e-07 1.057204e+09 6001113 1.045638e+09 6001113
1.233231e-06 1.087929e+09 6002113 1.0878e+09 6002113
1.233231e-06 1.087929e+09 6002113 1.0878e+09 6002113
6.860522e-07 1.054673e+09 6002113 1.094474e+09 6002113
6.860522e-07 1.054673e+09 6002113 1.094474e+09 6002113
1.563872e-06 1.065475e+09 6001113 1.053016e+09 6001113
1.51384e-06 1.074103e+09 6003113 1.128699e+09 6003113
1.180515e-06 1.062382e+09 6002113 1.087182e+09 6002113
6.374986e-07 1.049369e+09 6001113 1.040492e+09 6001113
1.33294e-06 1.066978e+09 6002113 1.053533e+09 6002113
1.334442e-06 1.040004e+09 6001113 1.063194e+09 6001113
1.439362e-06 1.135359e+09 6003113 1.08396e+09 6003113
1.51384e-06 1.059835e+09 6001113 1.054686e+09 6001113
5.620617e-08 1.056682e+09 6001113 1.046442e+09 6001113
1.353746e-06 1.101556e+09 6002113 1.093939e+09 6002113
9.126244e-07 1.054247e+09 6001113 1.070596e+09 6001113
1.392169e-06 1.078635e+09 6002113 1.062373e+09 6002113
1.432398e-06 1.057422e+09 6001113 1.062676e+09 6001113
1.435335e-06 1.088387e+09 6002113 1.074655e+09 6002113
1.075807e-06 1.067088e+09 6001113 1.058464e+09 6001113
9.062257e-07 1.098833e+09 6002113 1.064377e+09 6002113
9.644655e-08 1.043524e+09 6001113 1.064284e+09 6001113
1.491023e-06 1.066957e+09 6001113 1.073556e+09 6001113
1.528976e-06 1.062255e+09 6002113 1.07918e+09 6002113
1.500901e-06 1.05082e+09 6001113 1.05278e+09 6001113
1.328985e-06 1.058866e+09 6002113 1.075393e+09 6002113
7.389783e-08 1.070728e+09 6002113 1.099932e+09 6002113
1.428866e-06 1.01711e+09 6001113 1.034768e+09 6001113
6.374986e-07 1.030908e+09 6001113 1.05463e+09 6001113
6.374986e-07 1.030908e+09 6001113 1.05463e+09 6001113
1.445931e-06 1.053066e+09 6001113 1.045743e+09 6001113
1.491023e-06 1.046791e+09 6001113 1.080435e+09 6001113
1.33294e-06 1.057331e+09 6001113 1.06056e+09 6001113
1.391859e-06 1.060907e+09 6001113 1.058977e+09 6001113
1.506338e-06 1.057127e+09 6001113 1.042577e+09 6001113
1.448296e-06 1.058898e+09 6001113 1.039021e+09 6001113
1.437657e-06 1.057679e+09 6001113 1.045528e+09 6001113
6.982831e-07 1.104988e+09 6003113 1.068026e+09 6003113
1.544485e-06 1.045768e+09 6001113 1.053885e+09 6001113
1.544485e-06 1.045768e+09 6001113 1.053885e+09 6001113
1.334442e-06 1.058449e+09 6001113 1.055115e+09 6001113
1.334442e-06 1.058449e+09 6001113 1.055115e+09 6001113
1.550439e-06 1.095701e+09 6002113 1.088469e+09 6002113
1.573856e-06 1.067803e+09 6002113 1.076974e+09 6002113
1.350368e-06 1.059507e+09 6001113 1.046887e+09 6001113
1.491023e-06 1.126464e+09 6003113 1.051003e+09 6003113
1.326419e-06 1.070443e+09 6001113 1.05624e+09 6001113
1.432398e-06 1.068325e+09 6001113 1.057358e+09 6001113
1.542459e-06 1.082861e+09 6002113 1.032736e+09 6002113
1.432398e-06 1.054678e+09 6001113 1.035363e+09 6001113
1.55801e-06 1.042045e+09 6002113 1.090462e+09 6002113
1.55801e-06 1.078644e+09 6002113 1.082208e+09 6002113
1.471959e-06 1.065615e+09 6002113 1.033704e+09 6002113
1.966045e-06 1.056333e+09 6001113 1.032984e+09 6001113
1.435335e-06 1.058492e+09 6001113 1.041998e+09 6001113
1.439362e-06 1.012601e+09 6001113 1.047796e+09 6001113
1.326419e-06 1.056834e+09 6001113 1.070668e+09 6001113
1.551457e-06 1.055933e+09 6001113 1.080114e+09 6001113
1.363748e-06 1.011761e+09 6001113 1.063274e+09 6001113
1.350368e-06 1.063861e+09 6001113 1.06327e+09 6001113
3.972794e-07 1.0657e+09 6001113 1.067132e+09 6001113
1.506338e-06 9.951235e+08 6001113 1.051103e+09 6001113
9.126244e-07 1.051687e+09 6001113 1.057279e+09 6001113
1.55801e-06 1.102282e+09 6002113 1.092131e+09 6002113
1.547031e-06 1.077907e+09 6002113 1.091683e+09 6002113
1.547031e-06 1.063511e+09 6001113 1.062856e+09 6001113
6.860522e-07 1.056163e+09 6001113 1.053623e+09 6001113
1.350368e-06 1.061537e+09 6001113 1.077473e+09 6001113
1.272588e-06 1.078605e+09 6002113 1.063648e+09 6002113
1.550439e-06 1.075e+09 6001113 1.057469e+09 6001113
3.972794e-07 1.06337e+09 6001113 1.018257e+09 6001113
2.391923e-06 1.071764e+09 6002113 1.079848e+09 6002113
1.176493e-06 1.055671e+09 6001113 1.006955e+09 6001113
1.481494e-06 1.062317e+09 6001113 1.056938e+09 6001113
1.550439e-06 1.05912e+09 6001113 1.063467e+09 6001113
1.363748e-06 1.026351e+09 6001113 1.069787e+09 6001113
5.337615e-07 1.061758e+09 6002113 1.080442e+09 6002113
5.337615e-07 1.061758e+09 6002113 1.080442e+09 6002113
3.588605e-08 1.09387e+09 6002113 1.077966e+09 6002113
2.609185e-07 1.082816e+09 6002113 1.094999e+09 6002113
1.432428e-06 1.068822e+09 6001113 1.026721e+09 6001113
1.363748e-06 1.067667e+09 6001113 1.067206e+09 6001113
1.238957e-06 1.060169e+09 6001113 1.057952e+09 6001113
1.445931e-06 1.090855e+09 6002113 1.089658e+09 6002113
5.912976e-07 1.066009e+09 6001113 1.071973e+09 6001113
2.090576e-06 1.066256e+09 6001113 1.035966e+09 6001113
2.090576e-06 1.066256e+09 6001113 1.035966e+09 6001113
1.488118e-06 1.067018e+09 6001113 1.067499e+09 6001113
5.474365e-07 1.090536e+09 6002113 1.064794e+09 6002113
8.514065e-07 1.078814e+09 6001113 1.068713e+09 6001113
1.928451e-06 9.90774e+08 6001113 1.023289e+09 6001113
1.359268e-06 1.068082e+09 6001113 1.05877e+09 6001113
1.224657e-06 1.050025e+09 6001113 1.01741e+09 6001113
1.176493e-06 1.071873e+09 6001113 1.054166e+09 6001113
4.914011e-07 1.071767e+09 6002113 1.095638e+09 6002113
2.180606e-06 1.058964e+09 6001113 1.075243e+09 6001113
1.320155e-06 1.060914e+09 6001113 1.074173e+09 6001113
1.233231e-06 1.040268e+09 6001113 1.06602e+09 6001113
1.584116e-06 1.063129e+09 6001113 1.076095e+09 6001113
1.353746e-06 1.080148e+09 6002113 1.077683e+09 6002113
1.594251e-06 1.09582e+09 6003113 1.113281e+09 6003113
1.56199e-06 1.067103e+09 6002113 1.093072e+09 6002113
1.729349e-06 1.041198e+09 6002113 1.074246e+09 6002113
1.428866e-06 1.090708e+09 6002113 1.075335e+09 6002113
1.075807e-06 1.12843e+09 6003113 1.084513e+09 6003113
1.176493e-06 1.06078e+09 6001113 1.066181e+09 6001113
4.141065e-07 1.052456e+09 6001113 1.076009e+09 6001113
4.141065e-07 1.052456e+09 6001113 1.076009e+09 6001113
1.584116e-06 1.065938e+09 6001113 1.062272e+09 6001113
5.786792e-07 1.075157e+09 6001113 1.050527e+09 6001113
1.481494e-06 1.082271e+09 6003113 1.124353e+09 6003113
5.786792e-07 1.075147e+09 6002113 1.109807e+09 6002113
9.790745e-07 1.05015e+09 6001113 1.049327e+09 6001113
1.742056e-09 1.097781e+09 6002113 1.073556e+09 6002113
8.514065e-07 1.081399e+09 6002113 1.058347e+09 6002113
8.514065e-07 1.061074e+09 6001113 1.074613e+09 6001113
1.53917e-06 1.05413e+09 6001113 1.067741e+09 6001113
1.432428e-06 1.068412e+09 6001113 1.049683e+09 6001113
1.506338e-06 1.095599e+09 6002113 1.075729e+09 6002113
1.272588e-06 1.050933e+09 6003113 1.120989e+09 6003113
1.445931e-06 1.056343e+09 6001113 1.0692e+09 6001113
1.353746e-06 1.060942e+09 6001113 1.037768e+09 6001113
1.458914e-06 1.083633e+09 6002113 1.101825e+09 6002113
1.744833e-06 1.047987e+09 6001113 1.028355e+09 6001113
1.579582e-06 1.029814e+09 6001113 1.048324e+09 6001113
1.56199e-06 1.063537e+09 6001113 1.03829e+09 6001113
1.238957e-06 1.040333e+09 6001113 1.049628e+09 6001113
1.511251e-06 1.069905e+09 6002113 1.051608e+09 6002113
1.36723e-06 1.062202e+09 6001113 1.037521e+09 6001113
1.365116e-06 1.059978e+09 6002113 1.095552e+09 6002113
1.53884e-06 1.122116e+09 6003113 1.087815e+09 6003113
1.500901e-06 1.095365e+09 6003113 1.085746e+09 6003113
1.363748e-06 1.073963e+09 6002113 1.080951e+09 6002113
7.369567e-07 1.034421e+09 6001113 1.070335e+09 6001113
1.562993e-06 1.057506e+09 6002113 1.083642e+09 6002113
1.563872e-06 1.093454e+09 6002113 1.019943e+09 6002113
1.353746e-06 1.082735e+09 6002113 1.08448e+09 6002113
2.112379e-06 1.081767e+09 6003113 1.092732e+09 6003113
1.651758e-06 1.059066e+09 6003113 1.12132e+09 6003113
1.350368e-06 1.082992e+09 6001113 1.065334e+09 6001113
1.437657e-06 1.052054e+09 6001113 1.039239e+09 6001113
2.059438e-06 1.0475e+09 6001113 1.030768e+09 6001113
1.481494e-06 1.043163e+09 6001113 1.056239e+09 6001113
1.511251e-06 1.070158e+09 6001113 1.073806e+09 6001113
1.511251e-06 1.065832e+09 6001113 1.070346e+09 6001113
1.55801e-06 1.06686e+09 6002113 1.087598e+09 6002113
1.437657e-06 1.006738e+09 6001113 1.052131e+09 6001113
8.938921e-09 1.089656e+09 6002113 1.08621e+09 6002113
1.350368e-06 1.087265e+09 6002113 1.079168e+09 6002113
1.367764e-06 1.087554e+09 6002113 1.058553e+09 6002113
1.542459e-06 1.055202e+09 6001113 1.041275e+09 6001113
1.542459e-06 1.055202e+09 6001113 1.041275e+09 6001113
6.374986e-07 1.069815e+09 6001113 1.07213e+09 6001113
1.542459e-06 1.068902e+09 6002113 1.075744e+09 6002113
1.542459e-06 1.068902e+09 6002113 1.075744e+09 6002113
1.547031e-06 1.091043e+09 6002113 1.05743e+09 6002113
1.547031e-06 1.091043e+09 6002113 1.05743e+09 6002113
2.892088e-07 1.128663e+09 6003113 1.079459e+09 6003113
1.363905e-06 1.085812e+09 6002113 1.07539e+09 6002113
1.363905e-06 1.085812e+09 6002113 1.07539e+09 6002113
1.53917e-06 1.036166e+09 6001113 9.986425e+08 6001113
9.126244e-07 1.048994e+09 6001113 1.047692e+09 6001113
1.364667e-06 1.052167e+09 6001113 1.058066e+09 6001113
4.515384e-07 1.079018e+09 6002113 1.061278e+09 6002113
1.55801e-06 1.07505e+09 6001113 1.027992e+09 6001113
1.36723e-06 1.076361e+09 6001113 1.054201e+09 6001113
1.36723e-06 1.076361e+09 6001113 1.054201e+09 6001113
1.471959e-06 1.063707e+09 6001113 1.074193e+09 6001113
1.471959e-06 1.063707e+09 6001113 1.074193e+09 6001113
1.334442e-06 1.08441e+09 6003113 1.113845e+09 6003113
2.112379e-06 1.065989e+09 6001113 1.064571e+09 6001113
1.391859e-06 1.101611e+09 6002113 1.076399e+09 6002113
2.000959e-07 1.071934e+09 6001113 1.032717e+09 6001113
1.458914e-06 1.054986e+09 6001113 1.013749e+09 6001113
1.432398e-06 1.077556e+09 6002113 1.065039e+09 6002113
1.544485e-06 1.0771e+09 6002113 1.085625e+09 6002113
2.180606e-06 1.067988e+09 6001113 1.058132e+09 6001113
1.437657e-06 1.130436e+09 6003113 1.084711e+09 6003113
2.348928e-07 1.085776e+09 6002113 1.07427e+09 6002113
1.491023e-06 1.07394e+09 6001113 1.073039e+09 6001113
1.364628e-06 1.091396e+09 6002113 1.068272e+09 6002113
1.470784e-06 1.062958e+09 6001113 1.073904e+09 6001113
2.180606e-06 1.045336e+09 6001113 1.077121e+09 6001113
1.272588e-06 1.040749e+09 6001113 1.059833e+09 6001113
9.126244e-07 1.051472e+09 6001113 1.056829e+09 6001113
1.563872e-06 1.072081e+09 6001113 1.020206e+09 6001113
1.075807e-06 1.0778e+09 6002113 1.059366e+09 6002113
1.347253e-06 1.066038e+09 6001113 1.041648e+09 6001113
1.928451e-06 1.066937e+09 6001113 1.058879e+09 6001113
1.224657e-06 1.072079e+09 6002113 1.082635e+09 6002113
1.525237e-06 1.0404e+09 6001113 1.056217e+09 6001113
1.347253e-06 1.058372e+09 6002113 1.082926e+09 6002113
1.413563e-06 1.062909e+09 6002113 1.098456e+09 6002113
1.238957e-06 1.080579e+09 6002113 1.092912e+09 6002113
2.112379e-06 1.048622e+09 6001113 1.043367e+09 6001113
2.180606e-06 1.087753e+09 6002113 1.035215e+09 6002113
1.481751e-06 1.054522e+09 6001113 1.083386e+09 6001113
9.062257e-07 1.063809e+09 6001113 1.066792e+09 6001113
2.180606e-06 1.073986e+09 6002113 1.075775e+09 6002113
1.365148e-06 1.06942e+09 6002113 1.091413e+09 6002113
1.785924e-07 1.095492e+09 6003113 1.09916e+09 6003113
1.514217e-06 1.082213e+09 6001113 1.073742e+09 6001113
1.562993e-06 1.076567e+09 6002113 1.074726e+09 6002113
1.359268e-06 1.086975e+09 6002113 1.074678e+09 6002113
1.33294e-06 1.065807e+09 6002113 1.076958e+09 6002113
1.33294e-06 1.065807e+09 6002113 1.076958e+09 6002113
1.692308e-06 1.056485e+09 6001113 1.067598e+09 6001113
1.076e-06 1.076298e+09 6002113 1.100003e+09 6002113
1.528976e-06 1.074002e+09 6001113 1.068209e+09 6001113
1.176493e-06 1.050973e+09 6001113 1.066918e+09 6001113
1.55801e-06 1.062824e+09 6001113 1.061437e+09 6001113
1.55801e-06 1.062824e+09 6001113 1.061437e+09 6001113
1.353746e-06 1.091433e+09 6002113 1.072588e+09 6002113
1.514217e-06 1.073969e+09 6003113 1.103925e+09 6003113
1.576998e-06 1.093412e+09 6002113 1.060401e+09 6002113
1.562993e-06 1.045391e+09 6001113 1.035279e+09 6001113
8.938921e-09 1.075226e+09 6001113 1.066405e+09 6001113
1.020454e-06 1.060639e+09 6001113 1.068309e+09 6001113
9.062257e-07 1.042072e+09 6002113 1.066042e+09 6002113
1.320155e-06 1.050049e+09 6001113 1.05623e+09 6001113
1.576998e-06 1.061248e+09 6001113 1.047174e+09 6001113
9.659456e-07 1.069276e+09 6001113 1.06943e+09 6001113
1.33294e-06 1.045707e+09 6001113 1.025969e+09 6001113
1.171722e-07 1.08255e+09 6002113 1.080994e+09 6002113
1.511251e-06 1.041025e+09 6001113 1.047786e+09 6001113
2.205293e-06 1.072628e+09 6002113 1.06705e+09 6002113
1.511251e-06 1.05869e+09 6001113 1.032519e+09 6001113
1.711313e-06 1.06307e+09 6001113 1.063082e+09 6001113
1.364667e-06 1.041844e+09 6001113 1.079347e+09 6001113
1.363748e-06 1.061223e+09 6001113 1.026685e+09 6001113
5.786792e-07 1.051009e+09 6001113 1.069894e+09 6001113
1.391859e-06 1.062107e+09 6001113 1.068725e+09 6001113
2.237063e-07 1.034132e+09 6001113 1.083652e+09 6001113
1.439362e-06 1.083178e+09 6002113 1.070411e+09 6002113
1.594251e-06 1.070782e+09 6001113 1.070913e+09 6001113
1.481751e-06 1.074216e+09 6002113 1.085917e+09 6002113
1.432398e-06 1.084951e+09 6002113 1.070918e+09 6002113
1.594251e-06 9.818113e+08 6001113 1.046401e+09 6001113
1.651758e-06 1.070289e+09 6001113 1.021013e+09 6001113
6.094076e-09 1.033954e+09 6001113 1.06738e+09 6001113
1.0327e-07 1.06206e+09 6002113 1.077682e+09 6002113
1.500901e-06 1.038881e+09 6001113 1.075487e+09 6001113
1.233231e-06 1.05616e+09 6002113 1.099516e+09 6002113
1.020454e-06 1.068319e+09 6002113 1.051303e+09 6002113
1.365148e-06 9.982867e+08 6001113 1.059282e+09 6001113
2.059438e-06 1.065112e+09 6001113 1.051788e+09 6001113
1.551457e-06 1.048201e+09 6001113 1.055638e+09 6001113
2.205293e-06 1.082697e+09 6002113 1.071986e+09 6002113
7.984246e-07 1.082185e+09 6002113 1.061907e+09 6002113
1.320155e-06 1.063441e+09 6002113 1.083546e+09 6002113
8.514065e-07 1.097991e+09 6002113 1.049485e+09 6002113
9.659456e-07 1.075611e+09 6001113 1.061671e+09 6001113
1.428866e-06 1.0991e+09 6002113 1.078521e+09 6002113
3.551926e-10 1.087833e+09 6003113 1.121661e+09 6003113
1.364667e-06 1.067618e+09 6001113 1.07011e+09 6001113
1.364667e-06 1.067618e+09 6001113 1.07011e+09 6001113
1.176493e-06 1.074662e+09 6001113 1.03958e+09 6001113
1.364667e-06 1.06724e+09 6001113 1.05445e+09 6001113
1.494973e-06 1.061999e+09 6001113 1.040465e+09 6001113
1.547031e-06 1.085274e+09 6002113 1.050754e+09 6002113
1.594251e-06 1.044607e+09 6001113 1.054211e+09 6001113
2.892088e-07 1.054319e+09 6001113 1.08514e+09 6001113
1.445931e-06 1.042828e+09 6001113 1.059517e+09 6001113
1.224657e-06 1.071888e+09 6001113 1.050478e+09 6001113
1.33294e-06 1.079417e+09 6003113 1.095273e+09 6003113
1.363748e-06 1.058176e+09 6002113 1.062405e+09 6002113
1.56199e-06 1.045378e+09 6001113 1.055863e+09 6001113
1.439362e-06 1.020071e+09 6001113 1.038464e+09 6001113
1.594251e-06 1.068844e+09 6002113 1.053975e+09 6002113
1.437657e-06 1.067494e+09 6001113 1.047439e+09 6001113
1.391859e-06 1.085832e+09 6002113 1.079617e+09 6002113
1.481494e-06 1.05098e+09 6001113 1.070248e+09 6001113
1.224657e-06 1.071256e+09 6001113 1.056407e+09 6001113
1.53884e-06 1.084944e+09 6002113 1.053878e+09 6002113
2.000959e-07 1.070502e+09 6001113 1.050633e+09 6001113
1.711313e-06 1.061056e+09 6001113 1.06345e+09 6001113
1.334442e-06 1.059446e+09 6001113 1.071203e+09 6001113
1.334442e-06 1.059446e+09 6001113 1.071203e+09 6001113
4.914011e-07 1.063663e+09 6001113 1.058467e+09 6001113
1.471959e-06 1.023677e+09 6001113 1.072797e+09 6001113
4.005846e-07 1.041929e+09 6002113 1.076139e+09 6002113
1.413587e-07 1.048593e+09 6001113 1.039647e+09 6001113
1.528976e-06 1.059893e+09 6001113 1.050322e+09 6001113
1.171722e-07 1.102676e+09 6003113 1.089254e+09 6003113
6.533476e-09 1.067033e+09 6002113 1.099164e+09 6002113
1.481494e-06 1.05213e+09 6002113 1.099922e+09 6002113
1.494973e-06 1.062372e+09 6001113 1.054621e+09 6001113
1.494973e-06 1.062372e+09 6001113 1.054621e+09 6001113
2.090576e-06 1.073003e+09 6001113 1.050616e+09 6001113
2.110092e-07 1.063718e+09 6001113 1.060988e+09 6001113
1.99979e-06 1.067242e+09 6001113 1.045627e+09 6001113
1.488592e-06 1.108577e+09 6003113 1.068692e+09 6003113
1.435335e-06 1.082503e+09 6002113 1.108538e+09 6002113
1.92407e-06 1.066047e+09 6001113 1.034317e+09 6001113
1.364628e-06 1.061352e+09 6001113 1.066694e+09 6001113
1.326419e-06 1.088878e+09 6003113 1.114489e+09 6003113
1.437657e-06 1.067842e+09 6003113 1.12992e+09 6003113
1.550439e-06 1.06704e+09 6001113 1.059633e+09 6001113
4.842646e-07 1.053268e+09 6001113 1.066049e+09 6001113
2.112379e-06 1.050922e+09 6001113 1.054436e+09 6001113
7.369567e-07 1.065421e+09 6001113 1.079021e+09 6001113
1.308072e-06 1.058975e+09 6001113 1.055237e+09 6001113
1.594251e-06 1.067655e+09 6001113 1.059463e+09 6001113
1.594251e-06 1.067655e+09 6001113 1.059463e+09 6001113
1.534066e-06 1.059901e+09 6001113 1.043256e+09 6001113
1.428866e-06 1.076093e+09 6002113 1.091862e+09 6002113
1.470784e-06 1.06444e+09 6001113 1.070052e+09 6001113
1.439362e-06 1.091177e+09 6002113 1.042246e+09 6002113
1.413563e-06 1.065051e+09 6001113 1.050403e+09 6001113
1.52373e-09 1.058756e+09 6001113 1.066771e+09 6001113
1.52373e-09 1.058756e+09 6001113 1.066771e+09 6001113
1.076e-06 1.038934e+09 6001113 1.047487e+09 6001113
1.542459e-06 1.078539e+09 6002113 1.079655e+09 6002113
1.576998e-06 1.068145e+09 6002113 1.09089e+09 6002113
1.563872e-06 1.047817e+09 6001113 1.050777e+09 6001113
4.385243e-07 1.068532e+09 6001113 1.065692e+09 6001113
9.659456e-07 1.049079e+09 6001113 1.065164e+09 6001113
1.432398e-06 1.095542e+09 6002113 1.091008e+09 6002113
1.437657e-06 1.093942e+09 6002113 1.066378e+09 6002113
1.966045e-06 1.067691e+09 6001113 1.071e+09 6001113
1.458914e-06 1.059217e+09 6001113 1.024452e+09 6001113
1.33294e-06 1.099453e+09 6002113 1.07991e+09 6002113
1.224657e-06 1.0811e+09 6002113 1.076799e+09 6002113
1.534066e-06 1.050665e+09 6001113 1.058792e+09 6001113
1.534066e-06 1.050665e+09 6001113 1.058792e+09 6001113
1.594251e-06 1.05807e+09 6001113 1.069945e+09 6001113
1.594251e-06 1.05807e+09 6001113 1.069945e+09 6001113
1.494973e-06 1.059225e+09 6001113 1.065946e+09 6001113
1.692308e-06 1.07622e+09 6001113 1.055859e+09 6001113
8.450237e-08 1.062555e+09 6001113 1.070468e+09 6001113
1.458914e-06 1.051245e+09 6001113 1.04127e+09 6001113
1.238957e-06 1.041324e+09 6002113 1.070757e+09 6002113
1.33294e-06 1.05796e+09 6001113 1.080741e+09 6001113
1.363748e-06 1.070947e+09 6001113 1.041971e+09 6001113
1.56199e-06 1.056269e+09 6001113 1.050478e+09 6001113
1.326747e-07 1.094248e+09 6002113 1.085557e+09 6002113
1.435335e-06 1.08313e+09 6001113 1.032123e+09 6001113
1.363748e-06 1.061775e+09 6001113 1.056034e+09 6001113
1.350368e-06 1.06707e+09 6001113 1.073738e+09 6001113
4.385243e-07 1.060383e+09 6001113 1.039726e+09 6001113
1.428866e-06 1.085908e+09 6002113 1.082772e+09 6002113
1.594251e-06 1.061977e+09 6001113 1.015142e+09 6001113
1.445931e-06 1.057973e+09 6001113 1.068462e+09 6001113
1.525237e-06 1.077182e+09 6001113 1.049388e+09 6001113
1.506338e-06 1.058789e+09 6001113 1.051438e+09 6001113
2.205293e-06 1.061262e+09 6001113 1.025771e+09 6001113
1.542459e-06 1.082807e+09 6002113 1.07427e+09 6002113
1.562993e-06 1.055976e+09 6001113 1.049689e+09 6001113
1.534066e-06 1.041626e+09 6001113 1.060882e+09 6001113
1.272588e-06 1.053705e+09 6001113 1.064032e+09 6001113
1.542459e-06 1.083427e+09 6002113 1.105827e+09 6002113
1.437657e-06 1.067747e+09 6002113 1.084921e+09 6002113
1.359268e-06 1.07412e+09 6002113 1.090862e+09 6002113
5.337615e-07 1.066216e+09 6001113 1.052325e+09 6001113
1.334442e-06 1.066974e+09 6002113 1.090652e+09 6002113
1.176493e-06 1.090567e+09 6002113 1.075307e+09 6002113
1.729349e-06 1.123073e+09 6003113 1.086827e+09 6003113
5.474365e-07 1.062082e+09 6001113 1.069429e+09 6001113
1.365148e-06 1.068729e+09 6001113 1.070255e+09 6001113
9.062257e-07 1.107338e+09 6003113 1.084126e+09 6003113
1.99979e-06 1.06606e+09 6002113 1.093825e+09 6002113
1.491023e-06 1.066028e+09 6003113 1.114815e+09 6003113
4.141065e-07 1.088034e+09 6002113 1.093165e+09 6002113
2.892088e-07 1.056749e+09 6001113 1.071403e+09 6001113
4.515384e-07 1.051043e+09 6001113 1.068949e+09 6001113
4.515384e-07 1.066933e+09 6001113 1.061619e+09 6001113
1.56199e-06 1.079529e+09 6002113 1.033435e+09 6002113
1.435335e-06 1.034398e+09 6001113 1.035689e+09 6001113
4.914011e-07 1.063197e+09 6001113 1.050184e+09 6001113
4.914011e-07 1.063197e+09 6001113 1.050184e+09 6001113
2.348928e-07 1.072893e+09 6002113 1.098497e+09 6002113
1.020454e-06 1.080974e+09 6001113 1.029026e+09 6001113
4.515384e-07 1.065793e+09 6001113 1.051092e+09 6001113
1.36723e-06 1.052344e+09 6001113 1.070511e+09 6001113
1.432398e-06 1.06971e+09 6002113 1.088357e+09 6002113
1.171722e-07 1.075927e+09 6001113 1.069516e+09 6001113
7.369567e-07 1.074779e+09 6001113 1.055659e+09 6001113
1.331134e-06 1.050156e+09 6001113 1.050913e+09 6001113
1.692308e-06 1.076546e+09 6002113 1.04892e+09 6002113
8.103355e-07 1.059357e+09 6001113 1.062478e+09 6001113
1.785924e-07 1.066542e+09 6001113 1.041008e+09 6001113
1.53917e-06 1.076788e+09 6002113 1.086856e+09 6002113
1.133526e-08 1.070071e+09 6001113 1.044733e+09 6001113
1.133526e-08 1.070071e+09 6001113 1.044733e+09 6001113
9.126244e-07 1.057529e+09 6001113 1.064565e+09 6001113
1.471959e-06 1.067606e+09 6001113 1.057827e+09 6001113
9.644655e-08 1.044682e+09 6001113 1.031858e+09 6001113
1.353746e-06 1.058644e+09 6001113 1.039602e+09 6001113
1.075807e-06 1.065327e+09 6001113 1.049549e+09 6001113
1.562993e-06 1.077982e+09 6002113 1.08855e+09 6002113
1.272588e-06 1.053924e+09 6001113 1.022831e+09 6001113
1.594251e-06 1.10041e+09 6002113 1.078315e+09 6002113
1.448296e-06 1.072406e+09 6002113 1.055694e+09 6002113
1.583686e-06 1.045036e+09 6001113 1.06493e+09 6001113
1.594251e-06 1.038197e+09 6001113 1.057992e+09 6001113
2.000959e-07 1.072022e+09 6001113 1.068115e+09 6001113
2.000959e-07 1.072022e+09 6001113 1.068115e+09 6001113
1.363748e-06 1.050869e+09 6001113 1.068538e+09 6001113
1.363905e-06 1.094387e+09 6002113 1.036061e+09 6002113
1.584116e-06 1.05649e+09 6001113 1.065375e+09 6001113
1.584116e-06 1.05649e+09 6001113 1.065375e+09 6001113
1.514217e-06 1.090693e+09 6002113 1.086508e+09 6002113
1.353746e-06 1.05032e+09 6001113 1.035336e+09 6001113
8.372513e-07 1.08544e+09 6002113 1.083649e+09 6002113
8.372513e-07 1.08544e+09 6002113 1.083649e+09 6002113
1.525237e-06 1.127734e+09 6003113 1.091388e+09 6003113
1.363748e-06 1.090858e+09 6002113 1.089396e+09 6002113
1.353746e-06 1.071873e+09 6001113 1.057979e+09 6001113
1.359268e-06 1.100729e+09 6002113 1.048787e+09 6002113
1.439362e-06 1.084219e+09 6002113 1.101886e+09 6002113
1.488592e-06 1.046789e+09 6001113 1.060222e+09 6001113
1.33294e-06 1.057585e+09 6001113 1.057974e+09 6001113
1.563872e-06 1.03275e+09 6001113 1.069249e+09 6001113
1.364628e-06 1.071923e+09 6001113 1.032701e+09 6001113
5.474365e-07 1.026708e+09 6001113 1.028673e+09 6001113
1.542459e-06 1.070185e+09 6002113 1.083348e+09 6002113
9.659456e-07 1.055928e+09 6002113 1.105454e+09 6002113
1.470784e-06 1.066629e+09 6001113 1.032993e+09 6001113
9.126244e-07 1.112413e+09 6003113 1.071436e+09 6003113
8.909956e-10 1.050116e+09 6001113 1.057923e+09 6001113
1.365148e-06 1.069373e+09 6001113 1.050898e+09 6001113
1.365148e-06 1.069373e+09 6001113 1.050898e+09 6001113
1.347253e-06 1.041119e+09 6001113 1.055895e+09 6001113
2.059438e-06 1.069665e+09 6001113 1.043416e+09 6001113
1.432398e-06 1.064482e+09 6001113 1.063733e+09 6001113
1.470784e-06 1.077105e+09 6001113 1.064334e+09 6001113
1.470784e-06 1.077105e+09 6001113 1.064334e+09 6001113
1.024126e-06 1.064045e+09 6001113 1.058228e+09 6001113
9.487159e-07 1.057822e+09 6001113 1.060843e+09 6001113
1.470784e-06 1.057047e+09 6001113 1.057529e+09 6001113
2.348928e-07 1.092817e+09 6002113 1.067475e+09 6002113
1.435335e-06 1.020836e+09 6002113 1.101361e+09 6002113
2.090576e-06 1.055158e+09 6001113 1.064031e+09 6001113
1.458914e-06 1.052579e+09 6001113 1.066154e+09 6001113
1.534066e-06 1.043e+09 6001113 1.052097e+09 6001113
1.428866e-06 1.04333e+09 6001113 1.057248e+09 6001113
1.094861e-06 1.06378e+09 6001113 1.07618e+09 6001113
1.094861e-06 1.06378e+09 6001113 1.07618e+09 6001113
1.53917e-06 1.054498e+09 6002113 1.068529e+09 6002113
5.975199e-08 1.066468e+09 6001113 1.067948e+09 6001113
3.198863e-07 1.058256e+09 6001113 1.051794e+09 6001113
1.573856e-06 1.046925e+09 6001113 1.067714e+09 6001113
5.975199e-08 1.079055e+09 6002113 1.082697e+09 6002113
1.353746e-06 1.049096e+09 6001113 1.074215e+09 6001113
1.785924e-07 1.099364e+09 6003113 1.097396e+09 6003113
1.500901e-06 1.101617e+09 6002113 1.085723e+09 6002113
1.448296e-06 1.072936e+09 6002113 1.082784e+09 6002113
1.448296e-06 1.072936e+09 6002113 1.082784e+09 6002113
1.413563e-06 1.10452e+09 6003113 1.082237e+09 6003113
1.233231e-06 1.058497e+09 6001113 1.059724e+09 6001113
2.353266e-06 1.050814e+09 6001113 1.073001e+09 6001113
2.107022e-08 1.077299e+09 6002113 1.073516e+09 6002113
1.439362e-06 1.10732e+09 6002113 1.065529e+09 6002113
2.353266e-06 1.060054e+09 6001113 1.053424e+09 6001113
2.059438e-06 1.066769e+09 6002113 1.086951e+09 6002113
2.059438e-06 1.066769e+09 6002113 1.086951e+09 6002113
1.36723e-06 1.056411e+09 6001113 1.034521e+09 6001113
1.359268e-06 1.117321e+09 6003113 1.06071e+09 6003113
1.391859e-06 1.130176e+09 6003113 1.068808e+09 6003113
2.049882e-06 1.06122e+09 6001113 1.053532e+09 6001113
1.353746e-06 1.08284e+09 6002113 1.083514e+09 6002113
7.011012e-07 1.103712e+09 6003113 1.078249e+09 6003113
1.020454e-06 1.077437e+09 6002113 1.093577e+09 6002113
1.470784e-06 1.038555e+09 6001113 1.051154e+09 6001113
1.470784e-06 1.038555e+09 6001113 1.051154e+09 6001113
1.966045e-06 1.043128e+09 6002113 1.075219e+09 6002113
1.326419e-06 1.05217e+09 6001113 1.056842e+09 6001113
1.729349e-06 1.076761e+09 6002113 1.085239e+09 6002113
1.729349e-06 1.076761e+09 6002113 1.085239e+09 6002113
1.432398e-06 1.12453e+09 6003113 1.092223e+09 6003113
1.488592e-06 1.074969e+09 6001113 1.07739e+09 6001113
1.55801e-06 1.061379e+09 6001113 1.047851e+09 6001113
2.892088e-07 1.075573e+09 6002113 1.089247e+09 6002113
1.528976e-06 1.021057e+09 6001113 1.05788e+09 6001113
1.56199e-06 1.057166e+09 6001113 1.07679e+09 6001113
2.059438e-06 1.065958e+09 6001113 1.064183e+09 6001113
1.55801e-06 1.040979e+09 6001113 1.03337e+09 6001113
1.55801e-06 1.083116e+09 6002113 1.085965e+09 6002113
3.093301e-08 1.037345e+09 6001113 1.039578e+09 6001113
1.359268e-06 1.044823e+09 6001113 1.059358e+09 6001113
1.488118e-06 1.065117e+09 6002113 1.094901e+09 6002113
7.473616e-07 1.063632e+09 6001113 1.068887e+09 6001113
1.550439e-06 1.064503e+09 6001113 1.058965e+09 6001113
2.490946e-06 1.060418e+09 6001113 1.022586e+09 6001113
1.439362e-06 1.067352e+09 6001113 1.068285e+09 6001113
1.428866e-06 1.046518e+09 6001113 1.071372e+09 6001113
2.030653e-06 9.838584e+08 6001113 1.064763e+09 6001113
1.511251e-06 1.067218e+09 6001113 1.070405e+09 6001113
7.473616e-07 1.055897e+09 6001113 1.07441e+09 6001113
1.928451e-06 1.053174e+09 6001113 1.053528e+09 6001113
1.514217e-06 1.035969e+09 6001113 1.044816e+09 6001113
1.928451e-06 1.068752e+09 6001113 1.041431e+09 6001113
1.33294e-06 1.032031e+09 6001113 1.037572e+09 6001113
1.391859e-06 1.083697e+09 6002113 1.088953e+09 6002113
1.488592e-06 1.137543e+09 6003113 1.083093e+09 6003113
1.133526e-08 1.052511e+09 6001113 1.050274e+09 6001113
1.075807e-06 1.069197e+09 6001113 1.067316e+09 6001113
1.525237e-06 1.071975e+09 6001113 1.057554e+09 6001113
2.289887e-08 1.068405e+09 6001113 1.055941e+09 6001113
1.651758e-06 1.057455e+09 6001113 1.058369e+09 6001113
1.439362e-06 1.069253e+09 6002113 1.098191e+09 6002113
1.413563e-06 1.041188e+09 6001113 1.070606e+09 6001113
1.413563e-06 1.083983e+09 6002113 1.070439e+09 6002113
1.573856e-06 1.06728e+09 6001113 1.062945e+09 6001113
1.439362e-06 1.094098e+09 6002113 1.06545e+09 6002113
1.33294e-06 1.023964e+09 6002113 1.065086e+09 6002113
1.334442e-06 1.065802e+09 6001113 9.852754e+08 6001113
1.458914e-06 1.077652e+09 6002113 1.079621e+09 6002113
1.359268e-06 1.057141e+09 6001113 1.054285e+09 6001113
5.337615e-07 1.042189e+09 6002113 1.063888e+09 6002113
1.364667e-06 1.072502e+09 6001113 1.046528e+09 6001113
1.458914e-06 1.071762e+09 6001113 1.056886e+09 6001113
1.024126e-06 1.037035e+09 6001113 1.06211e+09 6001113
4.515384e-07 1.053277e+09 6001113 1.043132e+09 6001113
1.347253e-06 1.053473e+09 6001113 1.05723e+09 6001113
1.36723e-06 1.051719e+09 6001113 1.076132e+09 6001113
1.326747e-07 1.091212e+09 6002113 1.091168e+09 6002113
1.331134e-06 1.04733e+09 6001113 1.060184e+09 6001113
1.331134e-06 1.04733e+09 6001113 1.060184e+09 6001113
1.488592e-06 1.06913e+09 6001113 1.062409e+09 6001113
1.347253e-06 1.050482e+09 6001113 1.053147e+09 6001113
2.205293e-06 1.067137e+09 6002113 1.088125e+09 6002113
1.364667e-06 1.024774e+09 6001113 1.067648e+09 6001113
1.481751e-06 1.083029e+09 6002113 1.071065e+09 6002113
1.92407e-06 1.040557e+09 6001113 1.071914e+09 6001113
1.439362e-06 1.06081e+09 6001113 1.058949e+09 6001113
2.030653e-06 1.094743e+09 6002113 1.073749e+09 6002113
2.030653e-06 1.094743e+09 6002113 1.073749e+09 6002113
1.494973e-06 1.091731e+09 6002113 1.089061e+09 6002113
1.326419e-06 1.051255e+09 6001113 1.041523e+09 6001113
1.391859e-06 1.090707e+09 6002113 1.108714e+09 6002113
1.742056e-09 1.057643e+09 6001113 1.056376e+09 6001113
1.272588e-06 1.047132e+09 6001113 1.04929e+09 6001113
1.711313e-06 1.083761e+09 6002113 1.077059e+09 6002113
1.711313e-06 1.083761e+09 6002113 1.077059e+09 6002113
1.534066e-06 1.082267e+09 6002113 1.059461e+09 6002113
1.365148e-06 1.074849e+09 6002113 1.086498e+09 6002113
1.33294e-06 1.060822e+09 6001113 1.059666e+09 6001113
1.672444e-06 1.087959e+09 6002113 1.087787e+09 6002113
9.062257e-07 1.056596e+09 6001113 1.072937e+09 6001113
1.326747e-07 1.067584e+09 6002113 1.09137e+09 6002113
2.260393e-06 1.06813e+09 6001113 1.072742e+09 6001113
1.326419e-06 1.043398e+09 6001113 1.029456e+09 6001113
1.364667e-06 1.085454e+09 6002113 1.076816e+09 6002113
1.55801e-06 1.096316e+09 6002113 1.067019e+09 6002113
1.428866e-06 1.034374e+09 6001113 1.053097e+09 6001113
1.428866e-06 1.034374e+09 6001113 1.053097e+09 6001113
1.542459e-06 1.069905e+09 6002113 1.05023e+09 6002113
1.359268e-06 1.074508e+09 6002113 1.095196e+09 6002113
1.432428e-06 1.059917e+09 6001113 1.06187e+09 6001113
1.359268e-06 1.058257e+09 6001113 1.067794e+09 6001113
1.359268e-06 1.058257e+09 6001113 1.067794e+09 6001113
1.359268e-06 1.058257e+09 6001113 1.067794e+09 6001113
1.326419e-06 1.082346e+09 6001113 1.065895e+09 6001113
1.364628e-06 1.081494e+09 6002113 1.063586e+09 6002113
1.550439e-06 1.048958e+09 6001113 1.064672e+09 6001113
1.439362e-06 1.10743e+09 6003113 1.091769e+09 6003113
1.692308e-06 1.046319e+09 6001113 1.062869e+09 6001113
2.059438e-06 1.07907e+09 6002113 1.099413e+09 6002113
2.205293e-06 1.045886e+09 6001113 1.049042e+09 6001113
1.176493e-06 1.062348e+09 6002113 1.094526e+09 6002113
1.359268e-06 1.050015e+09 6002113 1.075688e+09 6002113
1.435335e-06 1.070841e+09 6001113 1.070716e+09 6001113
1.590582e-07 1.06299e+09 6001113 1.066202e+09 6001113
1.53917e-06 1.091498e+09 6002113 1.080216e+09 6002113
1.471959e-06 1.101042e+09 6003113 1.080681e+09 6003113
9.083464e-08 1.050635e+09 6001113 1.056833e+09 6001113
1.672444e-06 1.093325e+09 6002113 1.08227e+09 6002113
1.328985e-06 1.090323e+09 6002113 1.084477e+09 6002113
1.432398e-06 1.020041e+09 6001113 1.049399e+09 6001113
5.21806e-09 1.07947e+09 6002113 1.079956e+09 6002113
1.33294e-06 1.065982e+09 6001113 1.059726e+09 6001113
5.337615e-07 1.065804e+09 6001113 1.054996e+09 6001113
1.353746e-06 1.041863e+09 6001113 1.056686e+09 6001113
1.413587e-07 1.06295e+09 6002113 1.027923e+09 6002113
1.413587e-07 1.06295e+09 6002113 1.027923e+09 6002113
1.413587e-07 1.06295e+09 6002113 1.027923e+09 6002113
1.350368e-06 1.070822e+09 6001113 1.067554e+09 6001113
1.350368e-06 1.070822e+09 6001113 1.067554e+09 6001113
1.0327e-07 1.052434e+09 6002113 1.021394e+09 6002113
1.562993e-06 1.050482e+09 6001113 1.042946e+09 6001113
2.490946e-06 1.06907e+09 6001113 1.057942e+09 6001113
1.547031e-06 1.021923e+09 6001113 1.050579e+09 6001113
3.198863e-07 1.049107e+09 6001113 1.06255e+09 6001113
1.364667e-06 1.072768e+09 6001113 1.066198e+09 6001113
5.912976e-07 1.049582e+09 6002113 1.077702e+09 6002113
1.481494e-06 1.040936e+09 6001113 1.061707e+09 6001113
1.127989e-06 1.025919e+09 6001113 1.068463e+09 6001113
2.205293e-06 1.054916e+09 6001113 1.031613e+09 6001113
1.359268e-06 1.068861e+09 6001113 1.052293e+09 6001113
1.590582e-07 1.050656e+09 6001113 1.058256e+09 6001113
1.514217e-06 1.037044e+09 6001113 1.057033e+09 6001113
1.488118e-06 1.080366e+09 6002113 1.082916e+09 6002113
1.365116e-06 1.089519e+09 6002113 1.092048e+09 6002113
1.579582e-06 1.060609e+09 6001113 1.051009e+09 6001113
1.445931e-06 1.089731e+09 6002113 1.06784e+09 6002113
1.363748e-06 1.074922e+09 6001113 1.03746e+09 6001113
1.506338e-06 1.099842e+09 6002113 1.087404e+09 6002113
1.439362e-06 1.063854e+09 6001113 1.060938e+09 6001113
1.53917e-06 1.050218e+09 6001113 1.070913e+09 6001113
1.458914e-06 1.061521e+09 6001113 1.076367e+09 6001113
1.458914e-06 1.061521e+09 6001113 1.076367e+09 6001113
1.363905e-06 1.063813e+09 6001113 1.030127e+09 6001113
1.363748e-06 1.027121e+09 6002113 1.08856e+09 6002113
1.890762e-06 1.06982e+09 6002113 1.078119e+09 6002113
1.547031e-06 1.066773e+09 6001113 1.058047e+09 6001113
1.544485e-06 1.049055e+09 6001113 1.085912e+09 6001113
9.062257e-07 1.094596e+09 6002113 1.08403e+09 6002113
8.606262e-07 1.086233e+09 6002113 1.070483e+09 6002113
1.544485e-06 1.055879e+09 6002113 1.069175e+09 6002113
1.506338e-06 1.025624e+09 6001113 1.05702e+09 6001113
1.365116e-06 1.090058e+09 6002113 1.099487e+09 6002113
1.563872e-06 1.062544e+09 6001113 1.061221e+09 6001113
1.506338e-06 1.05511e+09 6001113 1.061204e+09 6001113
1.33294e-06 1.045768e+09 6001113 1.069742e+09 6001113
1.511251e-06 1.06868e+09 6001113 1.053698e+09 6001113
1.579582e-06 1.054916e+09 6001113 1.051503e+09 6001113
1.365148e-06 1.05456e+09 6002113 1.042267e+09 6002113
1.481751e-06 1.087989e+09 6002113 1.082074e+09 6002113
1.579582e-06 1.06007e+09 6001113 1.040567e+09 6001113
9.659456e-07 1.058297e+09 6001113 1.073763e+09 6001113
1.785924e-07 1.063215e+09 6001113 1.05391e+09 6001113
1.391859e-06 1.077389e+09 6002113 1.058439e+09 6002113
1.506338e-06 1.052002e+09 6001113 1.065938e+09 6001113
1.506338e-06 1.052002e+09 6001113 1.065938e+09 6001113
1.391859e-06 1.038593e+09 6001113 1.032019e+09 6001113
1.500901e-06 1.035277e+09 6001113 1.051619e+09 6001113
1.428866e-06 1.074518e+09 6002113 1.083066e+09 6002113
1.511251e-06 1.063181e+09 6001113 1.031081e+09 6001113
1.365116e-06 1.053176e+09 6001113 1.072178e+09 6001113
1.53884e-06 1.064338e+09 6001113 1.056808e+09 6001113
1.421248e-06 1.067331e+09 6002113 1.086182e+09 6002113
1.391859e-06 1.081428e+09 6002113 1.08727e+09 6002113
1.353746e-06 1.041135e+09 6001113 1.070622e+09 6001113
1.525237e-06 1.057155e+09 6001113 1.078279e+09 6001113
1.55801e-06 1.086672e+09 6003113 1.099768e+09 6003113
1.573856e-06 1.029724e+09 6001113 1.070457e+09 6001113
2.030653e-06 1.050481e+09 6001113 1.047089e+09 6001113
1.365148e-06 1.096999e+09 6002113 1.070257e+09 6002113
1.076e-06 1.023808e+09 6001113 1.057609e+09 6001113
1.439362e-06 1.043575e+09 6001113 1.065047e+09 6001113
1.238957e-06 1.043147e+09 6001113 1.066905e+09 6001113
1.56199e-06 1.112596e+09 6003113 1.06664e+09 6003113
1.576998e-06 1.039523e+09 6001113 1.051141e+09 6001113
2.090576e-06 1.065981e+09 6002113 1.076113e+09 6002113
1.101935e-06 1.070864e+09 6002113 1.085208e+09 6002113
1.432398e-06 1.034657e+09 6001113 1.042924e+09 6001113
1.432398e-06 1.034657e+09 6001113 1.042924e+09 6001113
1.551457e-06 1.063555e+09 6002113 1.091977e+09 6002113
1.579582e-06 1.063526e+09 6002113 1.040392e+09 6002113
2.391923e-06 1.062799e+09 6001113 1.053638e+09 6001113
1.547031e-06 1.092997e+09 6002113 1.059225e+09 6002113
1.33294e-06 1.057858e+09 6001113 1.070213e+09 6001113
1.494973e-06 1.095993e+09 6002113 1.081077e+09 6002113
1.525237e-06 1.032208e+09 6001113 1.051137e+09 6001113
1.594251e-06 1.054728e+09 6001113 1.066078e+09 6001113
1.233231e-06 1.067591e+09 6001113 1.06701e+09 6001113
1.729349e-06 1.069578e+09 6002113 1.079989e+09 6002113
1.347253e-06 1.066257e+09 6001113 1.055128e+09 6001113
1.320155e-06 1.092896e+09 6002113 1.106728e+09 6002113
5.188719e-08 1.053071e+09 6001113 1.071331e+09 6001113
1.334442e-06 1.067693e+09 6001113 1.040626e+09 6001113
1.176493e-06 1.051749e+09 6001113 1.075886e+09 6001113
2.030653e-06 1.068314e+09 6002113 1.054778e+09 6002113
1.024126e-06 1.036788e+09 6001113 1.043283e+09 6001113
1.488592e-06 1.075797e+09 6001113 1.042801e+09 6001113
2.112379e-06 1.024208e+09 6001113 1.044192e+09 6001113
1.363748e-06 1.065592e+09 6002113 1.052985e+09 6002113
1.363748e-06 1.065592e+09 6002113 1.052985e+09 6002113
5.912976e-07 1.054177e+09 6001113 1.013587e+09 6001113
1.528976e-06 1.113109e+09 6003113 1.030848e+09 6003113
1.481494e-06 1.106517e+09 6002113 1.059301e+09 6002113
1.437657e-06 1.07043e+09 6002113 1.099168e+09 6002113
1.359268e-06 1.054453e+09 6001113 1.054736e+09 6001113
1.562993e-06 1.05131e+09 6002113 1.099252e+09 6002113
1.562993e-06 1.05131e+09 6002113 1.099252e+09 6002113
3.198863e-07 1.07587e+09 6001113 1.068664e+09 6001113
4.914011e-07 1.051205e+09 6001113 1.050979e+09 6001113
4.914011e-07 1.051205e+09 6001113 1.050979e+09 6001113
1.428866e-06 1.099182e+09 6002113 1.073802e+09 6002113
1.928451e-06 1.082516e+09 6003113 1.131481e+09 6003113
1.494973e-06 1.08051e+09 6002113 1.07506e+09 6002113
8.514065e-07 1.119627e+09 6003113 1.092797e+09 6003113
1.525237e-06 1.068285e+09 6001113 1.063908e+09 6001113
1.365148e-06 1.078748e+09 6002113 1.085069e+09 6002113
1.359268e-06 1.062609e+09 6002113 1.076849e+09 6002113
1.573856e-06 1.057232e+09 6001113 1.057494e+09 6001113
2.030653e-06 1.057504e+09 6001113 1.040726e+09 6001113
1.542459e-06 1.072464e+09 6001113 1.076801e+09 6001113
1.365116e-06 1.066637e+09 6001113 1.044658e+09 6001113
1.544485e-06 1.063809e+09 6001113 1.033242e+09 6001113
1.573856e-06 1.077368e+09 6001113 1.066892e+09 6001113
1.544485e-06 1.072031e+09 6001113 1.046955e+09 6001113
1.481751e-06 1.066957e+09 6001113 1.066279e+09 6001113
1.481751e-06 1.066957e+09 6001113 1.066279e+09 6001113
1.353746e-06 1.073774e+09 6002113 1.071786e+09 6002113
5.337615e-07 1.069793e+09 6003113 1.070516e+09 6003113
1.075807e-06 1.077658e+09 6002113 1.060928e+09 6002113
2.112379e-06 1.053376e+09 6001113 1.040538e+09 6001113
1.445931e-06 1.066289e+09 6003113 1.116964e+09 6003113
1.365148e-06 1.050945e+09 6001113 1.036813e+09 6001113
1.711313e-06 1.040496e+09 6001113 1.065198e+09 6001113
1.365148e-06 1.078257e+09 6002113 1.081144e+09 6002113
1.350368e-06 1.049251e+09 6001113 1.041795e+09 6001113
1.324809e-08 1.084413e+09 6002113 1.07817e+09 6002113
1.365148e-06 1.078994e+09 6002113 1.090218e+09 6002113
1.36723e-06 1.041392e+09 6002113 1.083456e+09 6002113
4.515384e-07 1.057453e+09 6001113 1.064352e+09 6001113
1.392169e-06 1.023957e+09 6001113 1.048647e+09 6001113
2.66301e-08 1.081313e+09 6001113 1.071863e+09 6001113
2.66301e-08 1.081313e+09 6001113 1.071863e+09 6001113
1.584116e-06 1.101269e+09 6002113 1.05724e+09 6002113
1.511251e-06 1.079412e+09 6002113 1.059143e+09 6002113
5.474365e-07 1.066816e+09 6001113 1.067531e+09 6001113
1.53917e-06 1.08318e+09 6002113 1.102695e+09 6002113
1.51384e-06 1.020793e+09 6001113 1.057816e+09 6001113
1.176493e-06 1.09259e+09 6002113 1.071898e+09 6002113
4.005846e-07 1.066918e+09 6002113 1.083442e+09 6002113
1.488592e-06 1.06261e+09 6001113 1.066216e+09 6001113
1.573856e-06 1.070411e+09 6001113 1.063443e+09 6001113
1.806434e-08 1.036897e+09 6001113 1.050749e+09 6001113
1.364667e-06 1.077465e+09 6003113 1.12648e+09 6003113
1.363748e-06 1.12411e+09 6003113 1.088669e+09 6003113
1.233231e-06 1.0627e+09 6001113 1.060455e+09 6001113
1.550439e-06 1.104944e+09 6002113 1.075383e+09 6002113
1.528976e-06 1.049466e+09 6002113 1.083654e+09 6002113
1.488592e-06 1.049842e+09 6001113 1.060026e+09 6001113
4.515384e-07 1.05233e+09 6001113 1.072273e+09 6001113
1.364667e-06 1.033532e+09 6001113 1.065919e+09 6001113
2.353266e-06 1.078459e+09 6002113 1.0975e+09 6002113
3.198863e-07 1.065777e+09 6001113 1.032212e+09 6001113
1.729349e-06 1.084962e+09 6002113 1.090718e+09 6002113
4.914011e-07 1.053661e+09 6001113 1.071382e+09 6001113
1.573856e-06 1.036297e+09 6001113 1.036137e+09 6001113
1.966045e-06 1.114844e+09 6002113 1.075698e+09 6002113
1.365116e-06 1.069275e+09 6002113 1.075356e+09 6002113
1.584116e-06 1.045212e+09 6001113 1.034022e+09 6001113
2.289887e-08 1.083784e+09 6002113 1.093079e+09 6002113
1.350368e-06 1.08691e+09 6002113 1.073482e+09 6002113
1.729349e-06 1.060584e+09 6001113 1.058209e+09 6001113
1.729349e-06 1.060584e+09 6001113 1.058209e+09 6001113
1.363905e-06 1.048686e+09 6001113 1.073236e+09 6001113
1.365148e-06 1.082958e+09 6002113 1.084242e+09 6002113
1.0327e-07 1.075532e+09 6001113 1.049607e+09 6001113
1.350368e-06 1.072061e+09 6001113 1.055815e+09 6001113
1.439362e-06 1.068476e+09 6001113 1.064236e+09 6001113
1.432398e-06 1.095145e+09 6002113 1.090757e+09 6002113
1.506338e-06 1.062265e+09 6001113 1.054923e+09 6001113
1.506338e-06 1.064766e+09 6001113 1.056527e+09 6001113
1.36723e-06 1.090697e+09 6002113 1.066416e+09 6002113
6.533476e-09 1.047047e+09 6001113 1.035919e+09 6001113
1.127989e-06 1.040463e+09 6001113 1.051652e+09 6001113
1.326419e-06 1.084146e+09 6002113 1.107569e+09 6002113
1.966045e-06 1.089087e+09 6002113 1.064839e+09 6002113
1.966045e-06 1.089087e+09 6002113 1.064839e+09 6002113
1.353746e-06 1.099384e+09 6002113 1.082352e+09 6002113
2.205293e-06 1.087623e+09 6002113 1.05577e+09 6002113
3.093301e-08 1.063726e+09 6003113 1.109534e+09 6003113
1.413563e-06 1.061109e+09 6001113 1.079732e+09 6001113
6.45054e-08 1.06528e+09 6001113 1.038778e+09 6001113
3.016441e-07 1.092153e+09 6002113 1.087999e+09 6002113
1.514217e-06 1.115097e+09 6003113 1.055723e+09 6003113
1.413563e-06 1.073498e+09 6001113 1.054017e+09 6001113
1.176493e-06 1.084877e+09 6002113 1.091438e+09 6002113
1.437657e-06 1.056637e+09 6001113 1.055131e+09 6001113
9.062257e-07 1.057678e+09 6001113 1.055156e+09 6001113
1.353746e-06 1.039849e+09 6001113 1.044767e+09 6001113
2.049882e-06 1.081924e+09 6002113 1.072897e+09 6002113
1.365148e-06 1.053334e+09 6001113 1.061346e+09 6001113
1.99979e-06 1.050046e+09 6001113 1.058083e+09 6001113
1.491023e-06 1.079291e+09 6002113 1.05581e+09 6002113
5.912976e-07 1.060862e+09 6001113 1.057343e+09 6001113
1.024126e-06 1.069243e+09 6001113 1.054489e+09 6001113
7.984246e-07 1.030136e+09 6001113 1.059819e+09 6001113
9.126244e-07 1.060234e+09 6001113 1.056516e+09 6001113
2.180606e-06 1.055633e+09 6001113 1.062018e+09 6001113
6.860522e-07 1.050386e+09 6001113 1.016063e+09 6001113
1.890762e-06 1.065621e+09 6002113 1.072794e+09 6002113
1.729349e-06 1.074818e+09 6002113 1.093318e+09 6002113
1.544485e-06 1.09375e+09 6002113 1.065666e+09 6002113
1.064859e-09 1.063071e+09 6001113 1.046116e+09 6001113
2.030653e-06 1.082721e+09 6001113 1.029175e+09 6001113
2.030653e-06 1.06574e+09 6001113 1.033144e+09 6001113
1.551457e-06 1.057271e+09 6001113 1.066916e+09 6001113
1.347253e-06 1.045456e+09 6001113 1.065258e+09 6001113
1.428866e-06 1.044471e+09 6001113 1.059518e+09 6001113
1.334442e-06 1.025057e+09 6001113 1.04282e+09 6001113
1.328985e-06 1.064943e+09 6001113 1.048451e+09 6001113
1.651758e-06 1.076029e+09 6001113 1.054993e+09 6001113
1.439362e-06 1.082919e+09 6001113 1.048909e+09 6001113
1.511251e-06 1.065604e+09 6001113 1.026747e+09 6001113
1.511251e-06 1.065604e+09 6001113 1.026747e+09 6001113
1.413563e-06 1.056241e+09 6001113 1.038008e+09 6001113
1.432398e-06 1.068542e+09 6002113 1.079749e+09 6002113
1.445931e-06 1.050569e+09 6001113 1.058964e+09 6001113
7.984246e-07 1.063091e+09 6001113 1.0391e+09 6001113
1.481751e-06 1.051874e+09 6002113 1.067854e+09 6002113
1.437657e-06 1.058303e+09 6001113 1.051318e+09 6001113
1.711313e-06 1.076158e+09 6002113 1.070513e+09 6002113
3.322429e-07 1.099322e+09 6003113 1.085655e+09 6003113
1.525237e-06 1.05224e+09 6001113 1.059431e+09 6001113
2.205293e-06 1.065869e+09 6001113 1.040216e+09 6001113
2.205293e-06 1.065869e+09 6001113 1.040216e+09 6001113
7.369567e-07 1.077898e+09 6002113 1.088036e+09 6002113
1.562993e-06 1.091887e+09 6003113 1.082241e+09 6003113
1.890762e-06 1.014195e+09 6001113 1.056832e+09 6001113
1.328985e-06 1.081619e+09 6002113 1.087918e+09 6002113
1.359268e-06 1.055901e+09 6002113 1.056759e+09 6002113
5.912976e-07 1.06686e+09 6002113 1.080657e+09 6002113
1.500901e-06 1.066265e+09 6002113 1.08249e+09 6002113
1.551457e-06 1.05966e+09 6001113 1.062682e+09 6001113
3.972794e-07 1.081849e+09 6002113 1.095094e+09 6002113
1.224657e-06 1.060613e+09 6002113 1.081208e+09 6002113
1.437657e-06 1.069733e+09 6001113 1.049673e+09 6001113
1.594251e-06 1.082532e+09 6002113 1.08446e+09 6002113
1.544485e-06 1.082992e+09 6001113 1.074938e+09 6001113
1.573856e-06 1.080251e+09 6002113 1.076512e+09 6002113
1.328985e-06 1.084106e+09 6002113 1.067552e+09 6002113
1.579582e-06 1.069727e+09 6001113 1.033093e+09 6001113
1.573856e-06 1.052664e+09 6001113 1.059698e+09 6001113
5.786792e-07 1.092138e+09 6002113 1.075702e+09 6002113
1.51384e-06 1.056147e+09 6001113 1.027143e+09 6001113
1.331134e-06 1.04934e+09 6001113 1.07024e+09 6001113
1.331134e-06 1.04934e+09 6001113 1.07024e+09 6001113
1.320155e-06 1.098712e+09 6002113 1.08313e+09 6002113
5.337615e-07 1.065515e+09 6001113 1.048432e+09 6001113
5.786792e-07 1.059299e+09 6001113 1.051644e+09 6001113
1.421248e-06 1.032676e+09 6001113 1.024761e+09 6001113
1.92407e-06 1.06739e+09 6001113 1.072441e+09 6001113
1.55801e-06 1.057624e+09 6001113 1.059954e+09 6001113
1.55801e-06 1.057624e+09 6001113 1.059954e+09 6001113
4.385243e-07 1.065161e+09 6001113 1.032711e+09 6001113
1.36723e-06 9.746977e+08 6001113 1.032626e+09 6001113
1.729349e-06 1.077649e+09 6002113 1.0758e+09 6002113
9.644655e-08 1.101876e+09 6002113 1.075092e+09 6002113
1.445931e-06 1.069276e+09 6001113 1.068763e+09 6001113
1.435335e-06 1.058553e+09 6001113 1.045353e+09 6001113
1.363905e-06 1.056232e+09 6001113 1.074768e+09 6001113
1.331134e-06 1.048741e+09 6001113 1.072239e+09 6001113
1.555775e-06 1.03043e+09 6001113 1.076799e+09 6001113
1.547031e-06 1.007054e+09 6001113 1.051614e+09 6001113
1.432398e-06 1.114949e+09 6003113 1.083718e+09 6003113
1.445931e-06 1.042597e+09 6001113 1.065529e+09 6001113
1.365116e-06 1.080774e+09 6001113 1.050912e+09 6001113
7.984246e-07 1.098732e+09 6002113 1.059971e+09 6002113
1.428866e-06 1.042096e+09 6001113 1.042825e+09 6001113
8.372513e-07 1.035498e+09 6002113 1.086081e+09 6002113
1.481494e-06 1.064721e+09 6001113 1.063882e+09 6001113
1.55801e-06 1.074621e+09 6002113 1.08427e+09 6002113
1.525237e-06 1.104781e+09 6002113 1.091225e+09 6002113
1.320155e-06 1.066468e+09 6002113 1.079539e+09 6002113
9.126244e-07 1.022664e+09 6001113 1.061429e+09 6001113
1.347253e-06 1.027398e+09 6001113 1.056729e+09 6001113
1.711313e-06 1.076951e+09 6001113 1.058448e+09 6001113
1.499173e-07 1.032421e+09 6001113 1.029828e+09 6001113
1.550439e-06 1.072401e+09 6002113 1.09395e+09 6002113
1.511251e-06 1.08982e+09 6002113 1.076935e+09 6002113
1.432428e-06 1.063951e+09 6001113 1.050717e+09 6001113
1.363905e-06 1.05205e+09 6001113 1.063689e+09 6001113
9.062257e-07 1.055763e+09 6001113 1.011786e+09 6001113
1.458914e-06 1.051732e+09 6001113 1.030225e+09 6001113
1.729349e-06 1.056858e+09 6001113 1.063988e+09 6001113
1.692308e-06 1.048142e+09 6001113 1.059974e+09 6001113
1.547031e-06 1.05262e+09 6001113 1.05917e+09 6001113
5.975199e-08 1.07321e+09 6002113 1.077965e+09 6002113
1.491023e-06 1.057345e+09 6001113 1.062337e+09 6001113
1.224657e-06 1.106479e+09 6002113 1.093083e+09 6002113
1.331134e-06 1.040287e+09 6001113 1.067393e+09 6001113
1.692308e-06 1.066148e+09 6001113 1.053603e+09 6001113
2.260393e-06 1.06122e+09 6001113 1.023938e+09 6001113
1.364628e-06 1.054556e+09 6001113 1.05104e+09 6001113
1.594251e-06 1.098922e+09 6002113 1.04505e+09 6002113
1.359268e-06 1.057915e+09 6001113 1.052367e+09 6001113
1.328985e-06 1.095318e+09 6002113 1.086059e+09 6002113
1.594251e-06 1.065257e+09 6001113 1.023306e+09 6001113
1.391859e-06 1.089074e+09 6002113 1.085466e+09 6002113
1.076e-06 1.065541e+09 6001113 1.047656e+09 6001113
4.385243e-07 1.055982e+09 6002113 1.066613e+09 6002113
4.385243e-07 1.055982e+09 6002113 1.066613e+09 6002113
4.515384e-07 1.088342e+09 6002113 1.068631e+09 6002113
1.363905e-06 1.071321e+09 6002113 1.084659e+09 6002113
1.514217e-06 1.070452e+09 6001113 1.07448e+09 6001113
1.514217e-06 1.070452e+09 6001113 1.07448e+09 6001113
2.030653e-06 1.044497e+09 6001113 1.066163e+09 6001113
1.331134e-06 1.054344e+09 6001113 1.065586e+09 6001113
2.609185e-07 1.053675e+09 6001113 1.042003e+09 6001113
2.609185e-07 1.053675e+09 6001113 1.042003e+09 6001113
1.445931e-06 1.09169e+09 6002113 1.043904e+09 6002113
1.514217e-06 1.070249e+09 6002113 1.087138e+09 6002113
1.576998e-06 1.065493e+09 6001113 1.044964e+09 6001113
1.576998e-06 1.065493e+09 6001113 1.044964e+09 6001113
1.576998e-06 1.065493e+09 6001113 1.044964e+09 6001113
2.609185e-07 1.07731e+09 6002113 1.084371e+09 6002113
1.488592e-06 1.067248e+09 6001113 1.058292e+09 6001113
1.579582e-06 1.052878e+09 6001113 1.058251e+09 6001113
1.729349e-06 1.056855e+09 6001113 1.066761e+09 6001113
1.729349e-06 1.056855e+09 6001113 1.066761e+09 6001113
2.112379e-06 1.084056e+09 6002113 1.085334e+09 6002113
4.005846e-07 1.101642e+09 6002113 1.089056e+09 6002113
1.238957e-06 1.090895e+09 6002113 1.072772e+09 6002113
1.238957e-06 1.090895e+09 6002113 1.072772e+09 6002113
5.337615e-07 1.061473e+09 6001113 1.063166e+09 6001113
2.000959e-07 1.094415e+09 6002113 1.073857e+09 6002113
1.506338e-06 1.051769e+09 6001113 1.059943e+09 6001113
1.024126e-06 1.100414e+09 6002113 1.08739e+09 6002113
3.016441e-07 1.057273e+09 6001113 1.042861e+09 6001113
1.525237e-06 1.094157e+09 6002113 1.081932e+09 6002113
1.966045e-06 1.084129e+09 6002113 1.064181e+09 6002113
2.330516e-06 1.05699e+09 6001113 1.060033e+09 6001113
1.494973e-06 1.052461e+09 6001113 1.048989e+09 6001113
1.0327e-07 1.035455e+09 6001113 1.06349e+09 6001113
1.435335e-06 1.053806e+09 6001113 1.070325e+09 6001113
1.391859e-06 1.003659e+09 6001113 1.053164e+09 6001113
1.491023e-06 1.049701e+09 6001113 9.851674e+08 6001113
1.364628e-06 1.032951e+09 6001113 1.027278e+09 6001113
1.542459e-06 1.066532e+09 6001113 1.065326e+09 6001113
8.606262e-07 1.084088e+09 6002113 1.072317e+09 6002113
1.363748e-06 1.080415e+09 6001113 1.049513e+09 6001113
1.534066e-06 1.069358e+09 6001113 1.044687e+09 6001113
1.55801e-06 1.066628e+09 6001113 1.071496e+09 6001113
2.609185e-07 1.046615e+09 6001113 1.075492e+09 6001113
1.127989e-06 1.051933e+09 6001113 1.067288e+09 6001113
2.180606e-06 1.062791e+09 6001113 1.059437e+09 6001113
1.272588e-06 1.049821e+09 6001113 1.062735e+09 6001113
1.481751e-06 1.094005e+09 6002113 1.065155e+09 6002113
1.481751e-06 1.094005e+09 6002113 1.065155e+09 6002113
2.260393e-06 1.053708e+09 6001113 1.06079e+09 6001113
2.330516e-06 1.07588e+09 6001113 1.056976e+09 6001113
2.030653e-06 1.092558e+09 6002113 1.08188e+09 6002113
6.860522e-07 1.054392e+09 6001113 1.066387e+09 6001113
1.584116e-06 1.063324e+09 6001113 1.015345e+09 6001113
1.432428e-06 1.06587e+09 6001113 1.050528e+09 6001113
1.555775e-06 1.029221e+09 6001113 1.029628e+09 6001113
1.544485e-06 1.074569e+09 6001113 1.059491e+09 6001113
1.350368e-06 1.091946e+09 6002113 1.07709e+09 6002113
1.506338e-06 1.027723e+09 6001113 1.083448e+09 6001113
1.421248e-06 1.059876e+09 6001113 1.067053e+09 6001113
2.260393e-06 1.098041e+09 6002113 1.06702e+09 6002113
1.320155e-06 1.04339e+09 6001113 1.049018e+09 6001113
1.55801e-06 1.063372e+09 6001113 1.051457e+09 6001113
2.490946e-06 1.05706e+09 6001113 1.052573e+09 6001113
1.573856e-06 1.055048e+09 6001113 1.061389e+09 6001113
1.573856e-06 1.055048e+09 6001113 1.061389e+09 6001113
1.544485e-06 1.028737e+09 6001113 1.057832e+09 6001113
1.500901e-06 1.066529e+09 6002113 1.100826e+09 6002113
1.180515e-06 1.066001e+09 6002113 1.08756e+09 6002113
1.413587e-07 1.049175e+09 6001113 1.057928e+09 6001113
1.272588e-06 1.086127e+09 6002113 1.093541e+09 6002113
5.786792e-07 1.066329e+09 6002113 1.068001e+09 6002113
2.490946e-06 1.060864e+09 6001113 1.059717e+09 6001113
1.506338e-06 1.068318e+09 6001113 1.044347e+09 6001113
1.506338e-06 1.068318e+09 6001113 1.044347e+09 6001113
1.359268e-06 1.053667e+09 6001113 1.074792e+09 6001113
1.55801e-06 1.032749e+09 6001113 1.058764e+09 6001113
1.651758e-06 1.079707e+09 6001113 1.051332e+09 6001113
7.369567e-07 1.081911e+09 6002113 1.073533e+09 6002113
1.432398e-06 1.082532e+09 6002113 1.07693e+09 6002113
1.365148e-06 1.065623e+09 6002113 1.069219e+09 6002113
2.205293e-06 1.032785e+09 6001113 1.056896e+09 6001113
1.481751e-06 1.042178e+09 6001113 1.059636e+09 6001113
1.076e-06 1.039126e+09 6001113 1.043209e+09 6001113
1.573856e-06 1.050039e+09 6001113 1.069162e+09 6001113
4.914011e-07 1.033552e+09 6001113 1.05956e+09 6001113
1.56199e-06 1.07898e+09 6002113 1.072449e+09 6002113
3.651898e-07 1.08497e+09 6002113 1.098051e+09 6002113
9.487159e-07 1.079377e+09 6003113 1.110193e+09 6003113
1.364628e-06 1.083473e+09 6002113 1.08477e+09 6002113
1.494973e-06 1.083982e+09 6003113 1.111742e+09 6003113
1.272588e-06 1.054721e+09 6001113 1.056026e+09 6001113
9.487159e-07 1.070766e+09 6002113 1.099396e+09 6002113
1.525237e-06 1.104216e+09 6002113 1.077773e+09 6002113
1.308072e-06 1.065826e+09 6002113 1.092156e+09 6002113
1.364667e-06 1.052335e+09 6001113 1.070484e+09 6001113
1.506338e-06 1.068715e+09 6001113 1.009612e+09 6001113
9.487159e-07 1.066652e+09 6002113 1.064671e+09 6002113
8.606262e-07 1.059168e+09 6001113 1.062348e+09 6001113
2.090576e-06 1.071559e+09 6001113 1.044651e+09 6001113
5.337615e-07 1.067916e+09 6001113 1.065983e+09 6001113
1.511251e-06 1.097941e+09 6002113 1.092745e+09 6002113
1.555775e-06 1.049268e+09 6001113 1.058083e+09 6001113
1.367764e-06 1.058175e+09 6001113 1.076627e+09 6001113
1.672444e-06 1.054442e+09 6001113 1.053849e+09 6001113
1.672444e-06 1.054442e+09 6001113 1.053849e+09 6001113
1.428866e-06 1.066377e+09 6001113 1.072618e+09 6001113
2.030653e-06 1.074618e+09 6001113 1.05791e+09 6001113
1.353746e-06 1.066655e+09 6001113 1.01833e+09 6001113
1.584116e-06 1.073768e+09 6001113 1.053362e+09 6001113
1.966045e-06 1.080871e+09 6002113 1.09054e+09 6002113
1.651758e-06 1.077293e+09 6002113 1.087991e+09 6002113
1.353746e-06 1.041799e+09 6001113 1.04618e+09 6001113
2.112379e-06 1.04625e+09 6001113 1.021201e+09 6001113
1.365148e-06 1.058423e+09 6001113 1.055224e+09 6001113
1.55801e-06 1.065577e+09 6001113 1.049608e+09 6001113
3.016441e-07 1.058151e+09 6001113 1.060022e+09 6001113
1.320155e-06 1.071444e+09 6001113 1.029503e+09 6001113
6.876207e-07 1.074155e+09 6001113 1.049093e+09 6001113
6.876207e-07 1.074155e+09 6001113 1.049093e+09 6001113
5.975199e-08 1.055027e+09 6001113 1.060109e+09 6001113
5.975199e-08 1.055027e+09 6001113 1.060109e+09 6001113
1.437657e-06 1.070077e+09 6001113 1.069772e+09 6001113
1.36723e-06 1.063239e+09 6002113 1.091073e+09 6002113
1.308072e-06 1.065904e+09 6001113 1.045262e+09 6001113
1.547031e-06 1.059636e+09 6001113 1.073401e+09 6001113
1.364667e-06 1.054812e+09 6001113 1.067886e+09 6001113
1.364667e-06 1.054812e+09 6001113 1.067886e+09 6001113
1.432428e-06 1.063089e+09 6001113 1.056417e+09 6001113
1.365116e-06 1.093793e+09 6002113 1.089685e+09 6002113
1.573856e-06 1.077989e+09 6002113 1.075079e+09 6002113
1.488592e-06 1.067363e+09 6002113 1.091749e+09 6002113
1.439362e-06 1.092011e+09 6002113 1.088697e+09 6002113
1.53884e-06 1.039786e+09 6001113 1.042444e+09 6001113
2.260393e-06 1.054116e+09 6001113 1.039777e+09 6001113
1.488592e-06 1.065445e+09 6001113 1.072473e+09 6001113
1.562993e-06 1.068538e+09 6001113 1.035874e+09 6001113
1.573856e-06 1.076947e+09 6003113 1.095572e+09 6003113
1.363748e-06 1.074109e+09 6003113 1.093769e+09 6003113
1.363748e-06 1.074109e+09 6003113 1.093769e+09 6003113
1.550439e-06 1.091115e+09 6002113 1.095012e+09 6002113
1.445931e-06 1.079258e+09 6003113 1.076012e+09 6003113
6.349806e-10 1.09338e+09 6002113 1.071898e+09 6002113
6.349806e-10 1.09338e+09 6002113 1.071898e+09 6002113
7.011012e-07 1.039132e+09 6001113 1.054346e+09 6001113
1.573856e-06 1.074208e+09 6001113 1.055331e+09 6001113
1.391859e-06 1.053175e+09 6001113 1.065542e+09 6001113
1.96691e-08 1.051205e+09 6001113 1.029722e+09 6001113
1.890762e-06 1.045666e+09 6001113 1.050226e+09 6001113
1.224657e-06 1.059621e+09 6001113 1.047717e+09 6001113
7.473616e-07 1.058368e+09 6001113 1.065502e+09 6001113
1.020454e-06 1.097848e+09 6002113 1.058979e+09 6002113
1.481494e-06 1.095636e+09 6002113 1.082731e+09 6002113
1.437657e-06 1.045922e+09 6001113 1.038351e+09 6001113
1.579582e-06 1.078968e+09 6002113 1.085451e+09 6002113
5.620617e-08 1.082286e+09 6002113 1.056792e+09 6002113
1.491023e-06 1.112924e+09 6003113 1.085031e+09 6003113
1.56199e-06 1.097185e+09 6002113 1.083255e+09 6002113
1.364628e-06 1.093296e+09 6002113 1.097679e+09 6002113
8.514065e-07 1.072674e+09 6001113 1.045302e+09 6001113
4.005846e-07 1.052793e+09 6001113 1.058393e+09 6001113
1.481751e-06 1.0825e+09 6003113 1.126421e+09 6003113
1.365116e-06 1.067668e+09 6002113 1.091283e+09 6002113
1.365116e-06 1.067668e+09 6002113 1.091283e+09 6002113
1.432428e-06 1.071347e+09 6002113 1.057123e+09 6002113
1.544485e-06 1.075037e+09 6001113 1.058246e+09 6001113
5.620617e-08 1.089825e+09 6002113 1.043536e+09 6002113
1.551457e-06 1.049856e+09 6001113 1.040219e+09 6001113
1.326419e-06 1.077663e+09 6001113 1.069056e+09 6001113
1.785924e-07 1.072975e+09 6002113 1.068575e+09 6002113
1.53884e-06 1.051995e+09 6001113 1.05038e+09 6001113
1.53884e-06 1.051995e+09 6001113 1.05038e+09 6001113
1.347253e-06 1.099706e+09 6002113 1.062191e+09 6002113
1.413563e-06 1.07938e+09 6002113 1.076489e+09 6002113
1.435335e-06 1.069502e+09 6001113 1.056291e+09 6001113
1.331134e-06 1.057905e+09 6001113 1.055203e+09 6001113
1.506338e-06 1.043462e+09 6002113 1.085228e+09 6002113
1.579582e-06 1.042669e+09 6001113 1.02984e+09 6001113
1.53884e-06 1.08766e+09 6002113 1.095279e+09 6002113
1.365148e-06 1.062185e+09 6001113 1.05934e+09 6001113
1.367764e-06 1.099667e+09 6002113 1.061543e+09 6002113
1.367764e-06 1.059437e+09 6001113 1.044258e+09 6001113
1.359268e-06 1.048859e+09 6002113 1.084334e+09 6002113
1.506338e-06 1.035862e+09 6001113 1.06924e+09 6001113
3.016441e-07 1.090071e+09 6002113 1.061575e+09 6002113
3.322429e-07 1.050215e+09 6001113 1.054917e+09 6001113
1.458914e-06 1.043226e+09 6001113 1.061363e+09 6001113
1.500901e-06 1.088062e+09 6002113 1.070331e+09 6002113
1.326419e-06 1.112924e+09 6003113 1.080884e+09 6003113
1.439362e-06 1.048204e+09 6001113 1.065802e+09 6001113
1.544485e-06 1.037151e+09 6001113 1.061058e+09 6001113
1.363905e-06 1.039594e+09 6001113 1.045067e+09 6001113
1.363905e-06 1.039594e+09 6001113 1.045067e+09 6001113
5.786792e-07 1.050033e+09 6001113 1.061198e+09 6001113
6.860522e-07 1.103747e+09 6002113 1.066581e+09 6002113
1.448296e-06 1.064529e+09 6001113 1.039782e+09 6001113
3.322429e-07 1.054372e+09 6001113 1.061981e+09 6001113
1.56199e-06 1.076216e+09 6001113 1.047507e+09 6001113
9.062257e-07 1.060268e+09 6001113 1.058497e+09 6001113
1.367764e-06 1.053944e+09 6001113 1.053075e+09 6001113
1.367764e-06 1.053944e+09 6001113 1.053075e+09 6001113
1.594251e-06 1.078519e+09 6001113 1.049715e+09 6001113
1.594251e-06 1.078519e+09 6001113 1.049715e+09 6001113
1.127989e-06 1.077669e+09 6002113 1.084201e+09 6002113
1.391859e-06 1.068185e+09 6001113 1.047197e+09 6001113
6.860522e-07 1.056084e+09 6001113 1.058558e+09 6001113
1.176493e-06 1.085839e+09 6001113 1.038686e+09 6001113
1.437657e-06 1.095034e+09 6002113 1.053602e+09 6002113
1.448296e-06 1.065423e+09 6001113 1.060581e+09 6001113
1.729349e-06 1.06842e+09 6002113 1.094535e+09 6002113
1.506338e-06 1.022195e+09 6001113 1.070239e+09 6001113
2.490946e-06 1.071094e+09 6002113 1.08916e+09 6002113
1.525237e-06 1.06204e+09 6001113 1.0664e+09 6001113
1.488118e-06 1.088595e+09 6002113 1.039815e+09 6002113
1.672444e-06 1.068306e+09 6001113 1.060168e+09 6001113
1.528976e-06 1.06073e+09 6001113 1.046349e+09 6001113
1.511251e-06 1.050018e+09 6001113 1.06961e+09 6001113
1.491023e-06 1.075168e+09 6002113 1.083762e+09 6002113
1.491023e-06 1.075168e+09 6002113 1.083762e+09 6002113
1.551457e-06 1.07889e+09 6001113 1.063352e+09 6001113
1.33294e-06 1.036234e+09 6002113 1.058221e+09 6002113
1.435335e-06 1.0153e+09 6001113 1.023794e+09 6001113
1.365116e-06 1.057527e+09 6001113 1.057142e+09 6001113
1.51384e-06 1.042026e+09 6001113 1.058172e+09 6001113
1.53884e-06 1.085093e+09 6002113 1.09112e+09 6002113
1.56199e-06 1.067325e+09 6002113 1.065859e+09 6002113
1.56199e-06 1.067325e+09 6002113 1.065859e+09 6002113
1.413563e-06 1.107441e+09 6003113 1.063208e+09 6003113
1.53917e-06 1.067357e+09 6001113 1.066578e+09 6001113
9.659456e-07 1.047272e+09 6001113 1.070029e+09 6001113
9.659456e-07 1.047272e+09 6001113 1.070029e+09 6001113
1.506338e-06 1.037235e+09 6001113 1.031921e+09 6001113
1.024126e-06 1.090437e+09 6002113 1.091581e+09 6002113
1.127989e-06 1.054827e+09 6001113 1.042397e+09 6001113
1.534066e-06 1.053584e+09 6002113 1.054359e+09 6002113
1.525237e-06 1.107651e+09 6002113 1.092382e+09 6002113
9.487159e-07 1.071484e+09 6002113 1.052157e+09 6002113
1.432428e-06 1.08223e+09 6002113 1.080602e+09 6002113
1.55801e-06 1.07744e+09 6001113 1.060208e+09 6001113
1.55801e-06 1.07744e+09 6001113 1.060208e+09 6001113
2.348928e-07 1.083124e+09 6002113 1.086237e+09 6002113
1.506338e-06 1.03944e+09 6001113 1.05744e+09 6001113
1.331134e-06 1.094393e+09 6002113 1.067089e+09 6002113
3.651898e-07 1.061009e+09 6001113 1.065831e+09 6001113
1.233231e-06 1.072448e+09 6002113 1.066294e+09 6002113
1.506338e-06 1.065737e+09 6001113 1.066378e+09 6001113
1.334442e-06 1.084668e+09 6003113 1.05444e+09 6003113
1.53917e-06 1.068422e+09 6003113 1.075897e+09 6003113
1.594251e-06 1.068415e+09 6001113 1.058425e+09 6001113
1.470784e-06 1.068651e+09 6003113 1.104429e+09 6003113
1.583686e-06 1.065291e+09 6003113 1.119627e+09 6003113
1.347253e-06 1.082192e+09 6002113 1.066004e+09 6002113
2.110092e-07 1.05396e+09 6001113 1.04428e+09 6001113
1.180515e-06 1.05136e+09 6001113 1.046642e+09 6001113
1.448296e-06 1.084317e+09 6002113 1.103837e+09 6002113
1.534066e-06 1.083259e+09 6002113 1.091818e+09 6002113
7.369567e-07 1.0776e+09 6002113 1.04835e+09 6002113
1.413563e-06 1.05518e+09 6001113 1.063346e+09 6001113
1.471959e-06 1.056096e+09 6001113 1.058899e+09 6001113
1.233231e-06 1.03145e+09 6001113 1.057832e+09 6001113
1.36723e-06 1.099259e+09 6003113 1.091707e+09 6003113
1.367764e-06 1.043852e+09 6001113 1.058468e+09 6001113
1.045652e-08 1.058636e+09 6001113 1.069152e+09 6001113
1.076e-06 1.068091e+09 6001113 1.057193e+09 6001113
1.176493e-06 1.057585e+09 6001113 1.047528e+09 6001113
1.176493e-06 1.057585e+09 6001113 1.047528e+09 6001113
1.514217e-06 1.048663e+09 6001113 1.043041e+09 6001113
8.450237e-08 1.086297e+09 6002113 1.073008e+09 6002113
1.364628e-06 1.052613e+09 6001113 1.043303e+09 6001113
1.481751e-06 1.050206e+09 6001113 1.031483e+09 6001113
4.240174e-09 1.080929e+09 6001113 1.063749e+09 6001113
4.005846e-07 1.03078e+09 6002113 1.064586e+09 6002113
1.544485e-06 1.043788e+09 6001113 1.077174e+09 6001113
5.805086e-07 1.090129e+09 6002113 1.077283e+09 6002113
1.584116e-06 1.067956e+09 6001113 1.06512e+09 6001113
1.651758e-06 1.043437e+09 6001113 1.040245e+09 6001113
9.062257e-07 1.067667e+09 6002113 1.077608e+09 6002113
1.359268e-06 1.066768e+09 6002113 1.086507e+09 6002113
4.385243e-07 1.060472e+09 6001113 1.063593e+09 6001113
1.514217e-06 1.061679e+09 6001113 1.041593e+09 6001113
1.488118e-06 1.089608e+09 6002113 1.083535e+09 6002113
1.347253e-06 1.08493e+09 6002113 1.055969e+09 6002113
4.385243e-07 1.025238e+09 6001113 1.027414e+09 6001113
1.481751e-06 1.066298e+09 6002113 1.081404e+09 6002113
1.928451e-06 1.085771e+09 6002113 1.066166e+09 6002113
1.579582e-06 1.090737e+09 6002113 1.093185e+09 6002113
1.583686e-06 1.088446e+09 6002113 1.097177e+09 6002113
1.528976e-06 1.065151e+09 6001113 1.040986e+09 6001113
1.471959e-06 1.075224e+09 6001113 1.066045e+09 6001113
1.364667e-06 1.044262e+09 6001113 1.061719e+09 6001113
1.488592e-06 1.053166e+09 6001113 1.041011e+09 6001113
1.458914e-06 1.04801e+09 6001113 1.073929e+09 6001113
1.550439e-06 1.044684e+09 6001113 1.052779e+09 6001113
1.56199e-06 1.039723e+09 6001113 1.048457e+09 6001113
1.272588e-06 1.057145e+09 6001113 1.04943e+09 6001113
5.912976e-07 1.094985e+09 6002113 1.084264e+09 6002113
1.525237e-06 1.056193e+09 6001113 1.057626e+09 6001113
1.525237e-06 1.056193e+09 6001113 1.057626e+09 6001113
1.528976e-06 1.076867e+09 6002113 1.086911e+09 6002113
9.126244e-07 1.072138e+09 6001113 1.044572e+09 6001113
1.579582e-06 1.066887e+09 6001113 1.05963e+09 6001113
1.367764e-06 1.098273e+09 6002113 1.066832e+09 6002113
1.367764e-06 1.080451e+09 6001113 1.073257e+09 6001113
1.367764e-06 1.073137e+09 6001113 1.068438e+09 6001113
5.620617e-08 1.063488e+09 6001113 1.062216e+09 6001113
1.573856e-06 1.06763e+09 6001113 1.024467e+09 6001113
1.428866e-06 1.050995e+09 6002113 1.094725e+09 6002113
1.488592e-06 1.076687e+09 6001113 1.041591e+09 6001113
1.590582e-07 1.08044e+09 6002113 1.07759e+09 6002113
1.364628e-06 1.091714e+09 6002113 1.075272e+09 6002113
2.030653e-06 1.05529e+09 6002113 1.086991e+09 6002113
1.331134e-06 1.066679e+09 6002113 1.096154e+09 6002113
1.672444e-06 1.060467e+09 6001113 1.028506e+09 6001113
1.435335e-06 1.067717e+09 6001113 1.069128e+09 6001113
1.33294e-06 1.052734e+09 6001113 1.058114e+09 6001113
1.363905e-06 1.054498e+09 6001113 1.023694e+09 6001113
1.320155e-06 1.061184e+09 6001113 1.040534e+09 6001113
1.499173e-07 1.066137e+09 6001113 1.060074e+09 6001113
1.692308e-06 1.07134e+09 6001113 1.058311e+09 6001113
1.320155e-06 1.045482e+09 6001113 1.051524e+09 6001113
1.514217e-06 1.033652e+09 6001113 1.055289e+09 6001113
1.576998e-06 1.069273e+09 6002113 1.083352e+09 6002113
1.392169e-06 1.072186e+09 6001113 1.062325e+09 6001113
1.328985e-06 1.116533e+09 6003113 1.092125e+09 6003113
1.491023e-06 1.052971e+09 6001113 1.040895e+09 6001113
1.367764e-06 1.085541e+09 6003113 1.12638e+09 6003113
1.326419e-06 1.042579e+09 6001113 1.049677e+09 6001113
1.96691e-08 1.066224e+09 6002113 1.088968e+09 6002113
1.534066e-06 1.126713e+09 6003113 1.06855e+09 6003113
1.413563e-06 1.067357e+09 6001113 1.069322e+09 6001113
1.353746e-06 1.094529e+09 6003113 1.120112e+09 6003113
6.982831e-07 1.045396e+09 6001113 1.019387e+09 6001113
1.458914e-06 1.065782e+09 6002113 1.094206e+09 6002113
1.328985e-06 1.080074e+09 6002113 1.069227e+09 6002113
2.490946e-06 1.063829e+09 6001113 1.062662e+09 6001113
1.458914e-06 1.063511e+09 6001113 1.058783e+09 6001113
1.331134e-06 1.040462e+09 6001113 1.054441e+09 6001113
1.511251e-06 1.042387e+09 6001113 1.02465e+09 6001113
1.437657e-06 1.043741e+09 6001113 1.036809e+09 6001113
1.514217e-06 1.050564e+09 6001113 1.072391e+09 6001113
2.049882e-06 1.056643e+09 6001113 1.073135e+09 6001113
3.016441e-07 1.071536e+09 6001113 1.052509e+09 6001113
1.500901e-06 1.052102e+09 6002113 1.069996e+09 6002113
1.494973e-06 1.068206e+09 6002113 1.095011e+09 6002113
1.51384e-06 1.068428e+09 6002113 1.088333e+09 6002113
1.176493e-06 1.0678e+09 6001113 1.052622e+09 6001113
1.445931e-06 1.075023e+09 6001113 1.070116e+09 6001113
1.491023e-06 1.027922e+09 6002113 1.104228e+09 6002113
1.320155e-06 1.094045e+09 6002113 1.040209e+09 6002113
6.45054e-08 1.046011e+09 6001113 1.07762e+09 6001113
1.094861e-06 1.073552e+09 6002113 1.092586e+09 6002113
1.334442e-06 1.102321e+09 6002113 1.086476e+09 6002113
1.347253e-06 1.068423e+09 6001113 1.067971e+09 6001113
1.347253e-06 1.068423e+09 6001113 1.067971e+09 6001113
1.966045e-06 1.06724e+09 6001113 1.065909e+09 6001113
1.020454e-06 1.068489e+09 6001113 1.0762e+09 6001113
1.367764e-06 1.118978e+09 6003113 1.03108e+09 6003113
9.062257e-07 1.09793e+09 6003113 1.085347e+09 6003113
1.320155e-06 1.065094e+09 6001113 1.063506e+09 6001113
2.112379e-06 1.066704e+09 6002113 1.067164e+09 6002113
1.51384e-06 1.0721e+09 6001113 1.048153e+09 6001113
1.481494e-06 1.053252e+09 6001113 1.038545e+09 6001113
1.555775e-06 1.09892e+09 6002113 1.08133e+09 6002113
4.914011e-07 1.075077e+09 6002113 1.06155e+09 6002113
8.514065e-07 1.061638e+09 6001113 1.068197e+09 6001113
1.353746e-06 1.087851e+09 6002113 1.083393e+09 6002113
1.353746e-06 1.087851e+09 6002113 1.083393e+09 6002113
1.651758e-06 1.058155e+09 6001113 1.036727e+09 6001113
1.094861e-06 1.055712e+09 6001113 1.045057e+09 6001113
1.437657e-06 1.058119e+09 6001113 1.066077e+09 6001113
2.353266e-06 1.089523e+09 6002113 1.067052e+09 6002113
7.984246e-07 1.0592e+09 6001113 1.035898e+09 6001113
1.711313e-06 9.932604e+08 6001113 1.038961e+09 6001113
1.448296e-06 1.060742e+09 6001113 1.061462e+09 6001113
1.448296e-06 1.060742e+09 6001113 1.061462e+09 6001113
1.448296e-06 1.060742e+09 6001113 1.061462e+09 6001113
3.894038e-08 1.047741e+09 6001113 1.074732e+09 6001113
1.432398e-06 1.068918e+09 6001113 1.072336e+09 6001113
2.490946e-06 1.083463e+09 6002113 1.090576e+09 6002113
7.011012e-07 1.098378e+09 6002113 1.079143e+09 6002113
1.55801e-06 1.062588e+09 6002113 1.077993e+09 6002113
1.55801e-06 1.062588e+09 6002113 1.077993e+09 6002113
1.435335e-06 1.070881e+09 6001113 1.063737e+09 6001113
9.062257e-07 1.091343e+09 6002113 1.096761e+09 6002113
8.450237e-08 1.082383e+09 6002113 1.071942e+09 6002113
1.511251e-06 1.05161e+09 6001113 1.06071e+09 6001113
1.562993e-06 1.040191e+09 6001113 1.050388e+09 6001113
1.534066e-06 1.062667e+09 6001113 1.058858e+09 6001113
1.534066e-06 1.062667e+09 6001113 1.058858e+09 6001113
1.692308e-06 1.032795e+09 6002113 1.080659e+09 6002113
7.121891e-09 1.06891e+09 6001113 1.044636e+09 6001113
2.030653e-06 1.098933e+09 6003113 1.073562e+09 6003113
1.353746e-06 1.034483e+09 6001113 1.059229e+09 6001113
1.96691e-08 1.091858e+09 6002113 1.065755e+09 6002113
1.96691e-08 1.091858e+09 6002113 1.065755e+09 6002113
1.584116e-06 1.043421e+09 6001113 1.070484e+09 6001113
1.584116e-06 1.043421e+09 6001113 1.070484e+09 6001113
1.594251e-06 1.064712e+09 6001113 9.910718e+08 6001113
2.000959e-07 1.057766e+09 6001113 1.072198e+09 6001113
1.544485e-06 1.058358e+09 6001113 1.040574e+09 6001113
1.579582e-06 1.073061e+09 6002113 1.087341e+09 6002113
1.729349e-06 1.068057e+09 6001113 1.042356e+09 6001113
1.448296e-06 1.041869e+09 6001113 1.055637e+09 6001113
1.448296e-06 1.041869e+09 6001113 1.055637e+09 6001113
1.481751e-06 1.040965e+09 6001113 1.058539e+09 6001113
1.494973e-06 1.067896e+09 6001113 1.050881e+09 6001113
1.494973e-06 1.067896e+09 6001113 1.050881e+09 6001113
1.488118e-06 1.068628e+09 6001113 1.061479e+09 6001113
1.573856e-06 1.077659e+09 6002113 1.08992e+09 6002113
1.692308e-06 1.128638e+09 6003113 1.09278e+09 6003113
1.53917e-06 1.051119e+09 6001113 1.067007e+09 6001113
1.364628e-06 1.06727e+09 6002113 1.092146e+09 6002113
4.914011e-07 1.087443e+09 6003113 1.11691e+09 6003113
5.786792e-07 1.06109e+09 6001113 1.05609e+09 6001113
9.126244e-07 1.063089e+09 6001113 1.024434e+09 6001113
1.550439e-06 1.079656e+09 6002113 1.102177e+09 6002113
1.579582e-06 1.100933e+09 6002113 1.059816e+09 6002113
1.359268e-06 1.057466e+09 6001113 1.06371e+09 6001113
1.562993e-06 1.119287e+09 6003113 1.066024e+09 6003113
1.494973e-06 1.058193e+09 6001113 1.061118e+09 6001113
1.494973e-06 1.058193e+09 6001113 1.061118e+09 6001113
1.651758e-06 1.069323e+09 6001113 1.049942e+09 6001113
1.92407e-06 1.026481e+09 6002113 1.076295e+09 6002113
1.326419e-06 1.078126e+09 6002113 1.095684e+09 6002113
1.53884e-06 1.08069e+09 6002113 1.103653e+09 6002113
1.367764e-06 1.091566e+09 6002113 1.085516e+09 6002113
1.53917e-06 1.052711e+09 6001113 1.060355e+09 6001113
1.445931e-06 1.044066e+09 6001113 1.064831e+09 6001113
5.912976e-07 1.077571e+09 6002113 1.100488e+09 6002113
1.488118e-06 1.082819e+09 6002113 1.095485e+09 6002113
1.367764e-06 1.055753e+09 6001113 1.061321e+09 6001113
1.328985e-06 1.080347e+09 6002113 1.070726e+09 6002113
2.205293e-06 1.036197e+09 6001113 1.048959e+09 6001113
2.205293e-06 1.036197e+09 6001113 1.048959e+09 6001113
1.334442e-06 1.026297e+09 6001113 1.058861e+09 6001113
1.334442e-06 1.085328e+09 6002113 1.06276e+09 6002113
1.506338e-06 1.052688e+09 6001113 1.072544e+09 6001113
1.692308e-06 1.053982e+09 6001113 1.060646e+09 6001113
1.692308e-06 1.053982e+09 6001113 1.060646e+09 6001113
3.322429e-07 1.070526e+09 6002113 1.093596e+09 6002113
1.458914e-06 1.064754e+09 6002113 1.090682e+09 6002113
1.562993e-06 1.059319e+09 6002113 1.093922e+09 6002113
1.53884e-06 1.061814e+09 6001113 1.045321e+09 6001113
1.491023e-06 1.061409e+09 6001113 1.052376e+09 6001113
1.435335e-06 1.067358e+09 6001113 1.032058e+09 6001113
4.385243e-07 1.047815e+09 6001113 1.048233e+09 6001113
1.514217e-06 1.099796e+09 6002113 1.053933e+09 6002113
1.528976e-06 1.057588e+09 6001113 1.075242e+09 6001113
1.470784e-06 1.068089e+09 6002113 1.084863e+09 6002113
1.470784e-06 1.068089e+09 6002113 1.084863e+09 6002113
1.363748e-06 1.063555e+09 6001113 1.033617e+09 6001113
1.428866e-06 1.060889e+09 6001113 1.059386e+09 6001113
