1.115925e-06 1.057474e+09 6001113 1.096536e+09 6001113
1.972043e-06 1.101292e+09 6002113 1.063885e+09 6002113
1.296006e-06 1.060682e+09 6001113 1.076946e+09 6001113
1.2752e-06 1.070662e+09 6001113 1.0791e+09 6001113
8.151663e-07 1.049878e+09 6001113 1.078498e+09 6001113
8.151663e-07 1.049878e+09 6001113 1.078498e+09 6001113
1.296006e-06 1.080958e+09 6001113 1.068637e+09 6001113
1.332667e-06 1.07543e+09 6001113 1.066207e+09 6001113
1.206189e-06 1.082537e+09 6001113 1.073769e+09 6001113
1.1199e-06 1.100755e+09 6003113 1.135385e+09 6003113
1.335386e-06 1.115871e+09 6002113 1.076141e+09 6002113
1.115925e-06 1.036535e+09 6001113 1.079517e+09 6001113
1.192285e-06 1.081315e+09 6002113 1.100248e+09 6002113
1.306315e-06 1.093468e+09 6002113 1.057676e+09 6002113
1.265306e-06 1.094008e+09 6002113 1.082893e+09 6002113
1.718919e-06 1.069561e+09 6001113 1.093029e+09 6001113
1.279636e-06 1.108678e+09 6002113 1.108106e+09 6002113
1.318843e-06 1.088627e+09 6002113 1.113878e+09 6002113
1.12894e-06 1.069557e+09 6001113 1.064489e+09 6001113
1.206189e-06 1.073908e+09 6001113 1.090953e+09 6001113
1.302664e-06 1.109878e+09 6002113 1.094479e+09 6002113
1.335386e-06 1.071511e+09 6001113 1.071904e+09 6001113
1.11525e-06 1.065122e+09 6001113 1.078935e+09 6001113
1.228486e-06 1.086806e+09 6001113 1.075182e+09 6001113
1.344995e-06 1.09116e+09 6001113 1.091058e+09 6001113
1.344995e-06 1.09116e+09 6001113 1.091058e+09 6001113
1.219003e-06 1.117188e+09 6002113 1.088161e+09 6002113
1.2752e-06 1.092192e+09 6001113 1.082026e+09 6001113
1.342859e-06 1.092978e+09 6002113 1.051737e+09 6002113
1.38329e-06 1.089912e+09 6002113 1.100553e+09 6002113
7.030131e-08 1.108162e+09 6002113 1.107773e+09 6002113
1.352696e-06 1.081053e+09 6001113 1.079408e+09 6001113
9.537129e-07 1.1143e+09 6002113 1.093856e+09 6002113
1.304977e-06 1.100529e+09 6001113 1.09849e+09 6001113
3.389919e-07 1.103045e+09 6002113 1.124735e+09 6002113
1.56974e-06 1.077217e+09 6001113 1.063637e+09 6001113
2.508338e-07 1.052394e+09 6002113 1.096144e+09 6002113
1.228486e-06 1.054232e+09 6001113 1.073844e+09 6001113
1.242139e-06 1.094485e+09 6001113 1.103377e+09 6001113
1.137761e-06 1.059482e+09 6001113 1.087982e+09 6001113
1.137761e-06 1.059482e+09 6001113 1.087982e+09 6001113
1.219538e-06 1.031849e+09 6001113 1.057102e+09 6001113
1.11525e-06 1.080008e+09 6001113 1.086409e+09 6001113
7.623555e-07 1.094054e+09 6001113 1.090476e+09 6001113
5.37161e-08 1.040402e+09 6001113 1.087612e+09 6001113
1.270407e-06 1.117772e+09 6002113 1.088662e+09 6002113
1.11146e-06 1.091013e+09 6001113 1.084857e+09 6001113
2.763681e-07 1.08829e+09 6002113 1.100438e+09 6002113
1.131155e-06 1.108144e+09 6002113 1.091902e+09 6002113
1.242139e-06 1.061556e+09 6001113 1.057484e+09 6001113
5.37161e-08 1.091341e+09 6001113 1.07773e+09 6001113
8.582777e-08 1.091275e+09 6001113 1.089594e+09 6001113
1.087196e-06 1.075816e+09 6001113 1.078641e+09 6001113
1.323332e-06 1.047246e+09 6001113 1.057564e+09 6001113
1.320977e-07 1.079819e+09 6001113 1.053467e+09 6001113
4.943035e-07 1.085075e+09 6001113 1.082994e+09 6001113
1.1199e-06 1.106361e+09 6002113 1.096647e+09 6002113
1.356433e-06 1.078673e+09 6001113 1.089053e+09 6001113
1.155842e-06 1.10462e+09 6002113 1.069203e+09 6002113
1.242139e-06 1.069335e+09 6001113 1.079106e+09 6001113
1.216189e-06 1.083829e+09 6001113 1.094044e+09 6001113
1.274396e-06 1.076119e+09 6001113 1.093233e+09 6001113
7.247176e-07 1.067823e+09 6001113 1.066264e+09 6001113
1.95142e-07 1.057422e+09 6001113 1.095308e+09 6001113
1.137761e-06 1.051253e+09 6001113 1.08325e+09 6001113
8.582777e-08 1.093221e+09 6001113 1.077012e+09 6001113
1.210183e-06 1.088909e+09 6001113 1.059544e+09 6001113
1.363147e-06 1.064541e+09 6001113 1.065775e+09 6001113
1.297623e-06 1.119694e+09 6002113 1.067874e+09 6002113
1.304977e-06 1.115934e+09 6002113 1.095538e+09 6002113
1.023691e-06 1.10414e+09 6002113 1.099901e+09 6002113
1.32266e-06 1.136064e+09 6003113 1.08913e+09 6003113
4.328966e-08 1.075991e+09 6001113 1.071877e+09 6001113
1.335386e-06 1.047096e+09 6001113 1.072919e+09 6001113
1.212491e-06 1.058804e+09 6001113 1.090173e+09 6001113
1.279636e-06 1.084918e+09 6001113 1.083093e+09 6001113
1.323332e-06 1.101203e+09 6001113 1.084517e+09 6001113
1.32266e-06 1.079518e+09 6001113 1.059383e+09 6001113
1.155842e-06 1.095551e+09 6001113 1.080448e+09 6001113
1.115925e-06 1.074794e+09 6001113 1.090886e+09 6001113
1.115925e-06 1.074794e+09 6001113 1.090886e+09 6001113
1.32266e-06 1.060934e+09 6001113 1.068008e+09 6001113
1.216189e-06 1.059116e+09 6001113 1.044415e+09 6001113
1.12894e-06 1.067213e+09 6001113 1.08566e+09 6001113
1.049907e-06 1.073977e+09 6001113 1.077162e+09 6001113
1.38329e-06 1.11096e+09 6002113 1.10102e+09 6002113
1.296006e-06 1.087026e+09 6001113 1.085297e+09 6001113
1.778851e-06 1.077659e+09 6001113 1.04646e+09 6001113
1.106447e-06 1.094907e+09 6001113 1.075828e+09 6001113
4.943035e-07 1.066971e+09 6001113 1.082346e+09 6001113
9.123486e-07 1.075942e+09 6002113 1.099067e+09 6002113
1.218237e-06 1.096258e+09 6001113 1.052659e+09 6001113
1.483187e-07 1.077808e+09 6001113 1.087584e+09 6001113
1.192285e-06 1.098762e+09 6002113 1.091253e+09 6002113
1.279636e-06 1.068185e+09 6001113 1.069731e+09 6001113
1.245255e-07 1.092852e+09 6001113 1.071429e+09 6001113
1.155842e-06 1.024678e+09 6001113 1.077962e+09 6001113
1.15442e-06 1.092973e+09 6001113 1.074818e+09 6001113
1.045114e-06 1.078187e+09 6001113 1.06909e+09 6001113
1.045114e-06 1.078187e+09 6001113 1.06909e+09 6001113
1.265306e-06 1.061536e+09 6002113 1.116552e+09 6002113
1.356433e-06 1.113764e+09 6002113 1.086812e+09 6002113
1.161692e-06 1.08982e+09 6001113 1.079975e+09 6001113
1.033063e-08 1.059197e+09 6001113 1.039523e+09 6001113
1.306315e-06 1.074644e+09 6001113 1.05079e+09 6001113
1.335133e-06 1.076653e+09 6001113 1.089152e+09 6001113
4.454057e-07 1.061155e+09 6001113 1.06636e+09 6001113
1.319358e-06 1.101799e+09 6001113 1.084834e+09 6001113
1.620647e-06 1.0768e+09 6001113 1.086693e+09 6001113
1.1199e-06 1.078734e+09 6001113 1.100718e+09 6001113
4.943035e-07 1.068823e+09 6001113 1.071271e+09 6001113
6.039832e-10 1.082859e+09 6001113 1.083198e+09 6001113
1.38329e-06 1.116825e+09 6002113 1.088967e+09 6002113
1.155519e-06 1.117586e+09 6002113 1.078832e+09 6002113
9.123486e-07 1.083861e+09 6001113 1.084901e+09 6001113
1.15442e-06 1.064571e+09 6001113 1.093313e+09 6001113
1.259936e-06 1.070758e+09 6001113 1.08655e+09 6001113
1.087196e-06 1.074608e+09 6001113 1.090854e+09 6001113
1.192285e-06 1.084531e+09 6001113 1.075996e+09 6001113
1.002838e-06 1.099542e+09 6001113 1.08195e+09 6001113
1.150104e-06 1.106011e+09 6002113 1.098127e+09 6002113
1.106447e-06 1.090761e+09 6001113 1.084935e+09 6001113
1.157277e-06 1.082924e+09 6003113 1.112132e+09 6003113
1.292758e-06 1.053672e+09 6001113 1.088204e+09 6001113
1.1199e-06 1.062352e+09 6002113 1.103981e+09 6002113
1.342859e-06 1.079457e+09 6001113 1.081486e+09 6001113
1.123679e-06 1.082775e+09 6001113 1.073892e+09 6001113
1.27054e-06 1.069614e+09 6001113 1.061126e+09 6001113
1.323332e-06 1.074401e+09 6001113 1.069047e+09 6001113
1.308585e-06 1.044989e+09 6001113 1.074695e+09 6001113
1.308585e-06 1.044989e+09 6001113 1.074695e+09 6001113
9.578434e-07 1.119486e+09 6002113 1.074984e+09 6002113
6.17342e-07 1.092846e+09 6001113 1.082631e+09 6001113
1.228486e-06 1.099632e+09 6002113 1.0994e+09 6002113
1.152589e-06 1.127624e+09 6002113 1.096113e+09 6002113
1.778851e-06 1.086824e+09 6001113 1.066191e+09 6001113
1.3127e-06 1.094577e+09 6002113 1.117121e+09 6002113
1.120377e-06 1.09627e+09 6002113 1.100503e+09 6002113
8.02068e-08 1.092979e+09 6001113 1.082177e+09 6001113
5.332757e-07 1.088291e+09 6001113 1.06228e+09 6001113
5.332757e-07 1.07745e+09 6001113 1.068935e+09 6001113
7.693143e-07 1.069017e+09 6001113 1.04919e+09 6001113
1.318843e-06 1.096729e+09 6002113 1.108031e+09 6002113
1.045114e-06 1.108567e+09 6003113 1.14342e+09 6003113
1.216189e-06 1.077486e+09 6001113 1.078174e+09 6001113
1.131155e-06 1.064035e+09 6001113 1.070654e+09 6001113
1.177399e-06 1.089363e+09 6001113 1.076747e+09 6001113
7.207143e-07 1.083437e+09 6001113 1.070715e+09 6001113
7.207143e-07 1.083437e+09 6001113 1.070715e+09 6001113
1.177399e-06 1.057027e+09 6002113 1.11683e+09 6002113
1.123402e-06 1.083755e+09 6001113 1.058197e+09 6001113
2.814914e-08 1.093312e+09 6001113 1.042441e+09 6001113
7.623555e-07 1.080313e+09 6001113 1.066274e+09 6001113
3.652044e-07 1.078864e+09 6001113 1.073655e+09 6001113
1.718919e-06 1.103214e+09 6002113 1.082541e+09 6002113
1.219538e-06 1.032016e+09 6001113 1.089579e+09 6001113
1.15442e-06 1.084881e+09 6001113 1.066671e+09 6001113
1.38329e-06 1.030692e+09 6001113 1.093755e+09 6001113
1.299677e-06 1.049449e+09 6001113 1.063197e+09 6001113
1.137761e-06 1.086837e+09 6002113 1.100022e+09 6002113
1.401562e-06 1.070835e+09 6002113 1.106161e+09 6002113
1.344995e-06 1.04065e+09 6001113 1.084593e+09 6001113
1.352696e-06 1.083307e+09 6001113 1.063233e+09 6001113
1.002838e-06 1.098975e+09 6001113 1.071386e+09 6001113
1.335386e-06 1.10383e+09 6002113 1.104622e+09 6002113
1.117678e-08 1.078415e+09 6001113 1.10015e+09 6001113
1.3127e-06 1.133682e+09 6003113 1.092422e+09 6003113
1.332667e-06 1.032204e+09 6001113 1.091548e+09 6001113
1.146371e-06 1.109359e+09 6002113 1.076202e+09 6002113
1.831604e-06 1.12287e+09 6002113 1.075643e+09 6002113
1.216189e-06 1.079484e+09 6001113 1.091965e+09 6001113
1.131155e-06 1.073027e+09 6001113 1.094409e+09 6001113
1.219003e-06 1.077103e+09 6001113 1.086281e+09 6001113
1.692885e-06 1.033751e+09 6001113 1.077383e+09 6001113
1.38329e-06 1.065818e+09 6001113 1.046368e+09 6001113
1.087196e-06 1.098041e+09 6001113 1.066043e+09 6001113
1.335386e-06 1.073947e+09 6001113 1.070801e+09 6001113
1.335386e-06 1.073947e+09 6001113 1.070801e+09 6001113
1.155519e-06 1.080761e+09 6001113 1.052969e+09 6001113
1.212491e-06 1.080122e+09 6002113 1.10995e+09 6002113
1.219003e-06 1.076236e+09 6002113 1.103624e+09 6002113
1.219538e-06 1.128138e+09 6003113 1.072879e+09 6003113
1.106447e-06 1.083684e+09 6001113 1.076076e+09 6001113
5.332757e-07 1.059528e+09 6001113 1.082707e+09 6001113
1.161692e-06 1.076063e+09 6001113 1.077495e+09 6001113
1.262569e-06 1.065205e+09 6001113 1.086076e+09 6001113
6.004362e-09 1.104117e+09 6001113 1.089567e+09 6001113
8.621686e-07 1.085651e+09 6001113 1.045155e+09 6001113
1.306315e-06 1.062817e+09 6001113 1.080453e+09 6001113
1.299677e-06 1.09143e+09 6001113 1.066744e+09 6001113
1.651243e-06 1.075882e+09 6001113 1.075577e+09 6001113
1.513296e-06 1.057276e+09 6001113 1.066583e+09 6001113
1.831604e-06 1.067579e+09 6001113 1.079262e+09 6001113
9.174079e-07 1.064263e+09 6001113 1.054656e+09 6001113
8.151663e-07 1.089186e+09 6002113 1.116267e+09 6002113
1.352696e-06 1.064433e+09 6003113 1.136265e+09 6003113
7.623555e-07 1.119963e+09 6002113 1.079045e+09 6002113
5.853884e-07 1.052373e+09 6001113 1.066746e+09 6001113
1.318843e-06 1.081747e+09 6001113 1.066879e+09 6001113
1.155842e-06 1.091439e+09 6001113 1.092137e+09 6001113
1.242139e-06 1.079761e+09 6001113 1.093859e+09 6001113
1.513296e-06 1.086246e+09 6001113 1.067242e+09 6001113
1.218237e-06 1.066681e+09 6001113 1.067252e+09 6001113
1.56974e-06 1.062241e+09 6001113 1.06268e+09 6001113
1.352696e-06 1.082859e+09 6001113 1.077532e+09 6001113
1.32266e-06 1.103055e+09 6002113 1.103902e+09 6002113
1.356433e-06 1.11472e+09 6002113 1.095259e+09 6002113
1.27054e-06 1.091414e+09 6001113 1.073779e+09 6001113
6.270321e-07 1.112978e+09 6002113 1.080078e+09 6002113
8.02068e-08 1.091721e+09 6002113 1.108858e+09 6002113
1.335386e-06 1.088017e+09 6002113 1.089047e+09 6002113
1.292758e-06 1.074827e+09 6001113 1.078083e+09 6001113
1.401562e-06 1.08546e+09 6002113 1.114651e+09 6002113
1.105805e-06 1.091709e+09 6001113 1.075924e+09 6001113
1.1199e-06 1.104437e+09 6002113 1.093901e+09 6002113
1.87805e-06 1.073598e+09 6001113 1.077369e+09 6001113
1.242139e-06 1.095563e+09 6002113 1.103695e+09 6002113
1.120377e-06 1.084665e+09 6001113 1.065746e+09 6001113
7.693143e-07 1.103773e+09 6002113 1.079052e+09 6002113
1.242139e-06 1.090521e+09 6001113 1.066825e+09 6001113
1.316247e-06 1.079575e+09 6001113 1.072193e+09 6001113
1.2752e-06 1.073833e+09 6001113 1.087504e+09 6001113
9.578434e-07 1.086351e+09 6001113 1.082549e+09 6001113
1.342859e-06 1.091929e+09 6002113 1.105184e+09 6002113
1.11146e-06 1.096193e+09 6002113 1.10691e+09 6002113
1.137517e-06 1.093236e+09 6002113 1.083261e+09 6002113
1.512508e-06 1.085178e+09 6002113 1.125917e+09 6002113
1.316247e-06 1.078956e+09 6001113 1.07768e+09 6001113
1.308585e-06 1.073544e+09 6001113 1.045949e+09 6001113
1.308585e-06 1.073544e+09 6001113 1.045949e+09 6001113
1.308585e-06 1.073544e+09 6001113 1.045949e+09 6001113
7.247176e-07 1.079027e+09 6001113 1.09292e+09 6001113
1.120377e-06 1.05232e+09 6001113 1.086132e+09 6001113
1.137517e-06 1.051041e+09 6002113 1.095992e+09 6002113
1.150104e-06 1.08577e+09 6001113 1.083965e+09 6001113
1.123679e-06 1.079627e+09 6001113 1.092593e+09 6001113
1.56974e-06 1.085514e+09 6001113 1.083525e+09 6001113
9.123486e-07 1.07409e+09 6001113 1.083387e+09 6001113
1.292758e-06 1.068959e+09 6001113 1.073092e+09 6001113
1.274396e-06 1.085607e+09 6001113 1.097476e+09 6001113
1.292758e-06 1.085074e+09 6001113 1.086617e+09 6001113
1.38329e-06 1.103223e+09 6001113 1.044069e+09 6001113
1.206189e-06 1.055139e+09 6001113 1.057285e+09 6001113
1.228486e-06 1.069608e+09 6001113 1.088896e+09 6001113
1.262569e-06 1.065966e+09 6001113 1.050792e+09 6001113
1.1199e-06 1.075137e+09 6001113 1.066532e+09 6001113
1.150104e-06 1.094572e+09 6002113 1.087913e+09 6002113
1.692885e-06 1.085645e+09 6001113 1.078587e+09 6001113
1.11146e-06 1.086246e+09 6001113 1.064071e+09 6001113
1.296006e-06 1.113466e+09 6002113 1.07561e+09 6002113
1.296006e-06 1.113466e+09 6002113 1.07561e+09 6002113
1.1199e-06 1.084831e+09 6002113 1.12079e+09 6002113
8.621686e-07 1.100292e+09 6001113 1.074758e+09 6001113
1.262569e-06 1.094283e+09 6001113 1.056202e+09 6001113
1.38329e-06 1.075923e+09 6001113 1.076153e+09 6001113
1.87805e-06 1.109252e+09 6002113 1.119603e+09 6002113
1.049907e-06 1.093936e+09 6001113 1.073767e+09 6001113
1.161692e-06 1.095901e+09 6001113 1.045626e+09 6001113
1.228486e-06 1.066571e+09 6001113 1.096322e+09 6001113
1.299677e-06 1.087918e+09 6001113 1.098892e+09 6001113
1.299677e-06 1.087918e+09 6001113 1.098892e+09 6001113
7.247176e-07 1.06713e+09 6001113 1.082754e+09 6001113
1.120377e-06 1.077823e+09 6001113 1.067344e+09 6001113
1.831604e-06 1.06041e+09 6001113 1.057457e+09 6001113
1.219538e-06 1.059729e+09 6001113 1.081246e+09 6001113
1.213474e-06 1.112965e+09 6002113 1.077006e+09 6002113
1.11525e-06 1.093922e+09 6002113 1.122601e+09 6002113
1.152589e-06 1.101702e+09 6002113 1.124539e+09 6002113
1.155842e-06 1.089868e+09 6001113 1.085474e+09 6001113
1.831604e-06 1.084011e+09 6002113 1.114764e+09 6002113
1.157277e-06 1.095703e+09 6001113 1.079752e+09 6001113
1.106447e-06 1.077506e+09 6001113 1.092434e+09 6001113
1.972043e-06 1.105063e+09 6002113 1.08052e+09 6002113
1.155519e-06 1.091371e+09 6002113 1.109934e+09 6002113
1.1199e-06 1.079994e+09 6001113 1.07755e+09 6001113
1.279636e-06 1.078857e+09 6001113 1.060321e+09 6001113
1.15442e-06 1.065552e+09 6001113 1.04041e+09 6001113
1.155842e-06 1.083006e+09 6001113 1.073684e+09 6001113
1.120377e-06 1.080537e+09 6001113 1.079819e+09 6001113
1.297623e-06 1.101159e+09 6002113 1.102871e+09 6002113
1.259936e-06 1.032314e+09 6001113 1.078276e+09 6001113
1.343334e-06 1.11915e+09 6002113 1.081648e+09 6002113
1.306315e-06 1.090788e+09 6002113 1.111748e+09 6002113
1.15442e-06 1.073653e+09 6002113 1.087853e+09 6002113
1.335386e-06 1.085769e+09 6002113 1.102399e+09 6002113
1.2752e-06 1.071354e+09 6001113 1.078525e+09 6001113
1.15442e-06 1.084022e+09 6001113 1.082828e+09 6001113
1.219003e-06 1.059696e+09 6002113 1.115855e+09 6002113
1.150104e-06 1.108651e+09 6001113 1.07653e+09 6001113
1.106447e-06 1.080745e+09 6001113 1.083343e+09 6001113
7.623555e-07 1.090624e+09 6001113 1.065481e+09 6001113
1.363147e-06 1.065851e+09 6001113 1.075151e+09 6001113
1.002838e-06 1.04786e+09 6001113 1.068389e+09 6001113
1.1199e-06 1.100885e+09 6002113 1.108877e+09 6002113
1.56974e-06 1.074756e+09 6001113 1.080686e+09 6001113
1.002838e-06 1.077537e+09 6001113 1.069252e+09 6001113
1.161692e-06 1.063361e+09 6001113 1.089282e+09 6001113
9.578434e-07 1.056069e+09 6001113 1.079095e+09 6001113
8.169266e-07 1.072149e+09 6002113 1.111222e+09 6002113
1.279636e-06 1.074875e+09 6001113 1.085627e+09 6001113
9.123486e-07 1.091189e+09 6002113 1.093435e+09 6002113
1.11146e-06 1.098023e+09 6001113 1.06921e+09 6001113
1.306315e-06 1.075022e+09 6001113 1.058233e+09 6001113
7.693143e-07 1.082234e+09 6001113 1.092396e+09 6001113
8.674074e-07 1.049941e+09 6001113 1.07954e+09 6001113
1.045114e-06 1.091302e+09 6001113 1.08169e+09 6001113
1.27054e-06 1.037914e+09 6002113 1.103336e+09 6002113
1.150104e-06 1.089705e+09 6002113 1.089771e+09 6002113
1.213474e-06 1.086266e+09 6002113 1.08781e+09 6002113
1.297623e-06 1.086506e+09 6001113 1.079826e+09 6001113
1.137761e-06 1.076027e+09 6001113 1.034242e+09 6001113
1.105805e-06 1.080259e+09 6001113 1.099211e+09 6001113
1.102191e-07 1.075133e+09 6001113 1.078265e+09 6001113
1.123402e-06 1.088968e+09 6002113 1.104744e+09 6002113
1.049907e-06 1.049448e+09 6001113 1.081041e+09 6001113
4.18564e-07 1.111439e+09 6002113 1.083728e+09 6002113
1.105805e-06 1.092007e+09 6002113 1.117585e+09 6002113
1.115925e-06 1.118657e+09 6002113 1.077356e+09 6002113
3.763954e-07 1.091122e+09 6001113 1.068976e+09 6001113
3.038833e-07 1.092681e+09 6001113 1.079779e+09 6001113
1.620647e-06 1.098399e+09 6003113 1.148075e+09 6003113
1.54263e-06 1.055112e+09 6001113 1.075563e+09 6001113
1.11146e-06 1.065129e+09 6001113 1.07667e+09 6001113
1.299677e-06 1.080066e+09 6001113 1.084504e+09 6001113
1.755241e-06 1.065015e+09 6001113 1.084869e+09 6001113
1.342859e-06 1.091203e+09 6001113 1.074269e+09 6001113
1.219538e-06 1.107505e+09 6002113 1.119135e+09 6002113
1.123402e-06 1.0429e+09 6001113 1.101596e+09 6001113
1.27054e-06 1.077274e+09 6001113 1.057661e+09 6001113
1.115925e-06 1.090012e+09 6001113 1.080931e+09 6001113
1.219003e-06 1.054171e+09 6001113 1.034419e+09 6001113
1.318087e-06 1.07895e+09 6001113 1.092598e+09 6001113
1.318087e-06 1.100859e+09 6002113 1.088248e+09 6002113
1.161692e-06 1.099392e+09 6002113 1.116145e+09 6002113
