2.136525e-06 1.010635e+09 6001113 1.088737e+09 6001113
1.278015e-06 1.077001e+09 6001113 1.075587e+09 6001113
1.164581e-06 1.121766e+09 6002113 1.07864e+09 6002113
1.379365e-06 1.083617e+09 6001113 1.085112e+09 6001113
1.331254e-06 1.075301e+09 6001113 1.091747e+09 6001113
1.376739e-06 1.080581e+09 6001113 1.085103e+09 6001113
1.164581e-06 1.071517e+09 6001113 1.083985e+09 6001113
5.202957e-07 1.074202e+09 6002113 1.108012e+09 6002113
2.853558e-07 1.09688e+09 6001113 1.072823e+09 6001113
1.294351e-06 1.094021e+09 6002113 1.109606e+09 6002113
1.380484e-06 1.095313e+09 6002113 1.062165e+09 6002113
1.339444e-06 1.088791e+09 6001113 1.092063e+09 6001113
1.413094e-06 1.068735e+09 6001113 1.08115e+09 6001113
1.493366e-06 1.077886e+09 6002113 1.116319e+09 6002113
1.331254e-06 1.062366e+09 6001113 1.064743e+09 6001113
1.505462e-06 1.07066e+09 6001113 1.062113e+09 6001113
1.543118e-06 1.075276e+09 6002113 1.107462e+09 6002113
1.504697e-06 1.076784e+09 6002113 1.10434e+09 6002113
1.311219e-06 1.111362e+09 6002113 1.082371e+09 6002113
1.278015e-06 1.075438e+09 6001113 1.080216e+09 6001113
5.067066e-07 1.088304e+09 6002113 1.12474e+09 6002113
1.316552e-06 1.092245e+09 6001113 1.080914e+09 6001113
1.528217e-06 1.041201e+09 6001113 1.070566e+09 6001113
1.516081e-06 1.087105e+09 6001113 1.074377e+09 6001113
1.516081e-06 1.087105e+09 6001113 1.074377e+09 6001113
1.445404e-06 1.098949e+09 6002113 1.082572e+09 6002113
2.243455e-06 1.100171e+09 6001113 1.076718e+09 6001113
1.308393e-06 1.084246e+09 6002113 1.102572e+09 6002113
8.488496e-11 1.07659e+09 6001113 1.072851e+09 6001113
1.269509e-06 1.085412e+09 6001113 1.093696e+09 6001113
1.258726e-06 1.088144e+09 6001113 1.058325e+09 6001113
1.493366e-06 1.109124e+09 6002113 1.09114e+09 6002113
1.188953e-06 1.050737e+09 6001113 1.06845e+09 6001113
5.327687e-08 1.108206e+09 6003113 1.130736e+09 6003113
1.383572e-06 1.062745e+09 6001113 1.068538e+09 6001113
1.278015e-06 1.091132e+09 6001113 1.091268e+09 6001113
1.308393e-06 1.090407e+09 6002113 1.105742e+09 6002113
1.474375e-06 1.0771e+09 6001113 1.081232e+09 6001113
1.528217e-06 1.088364e+09 6001113 1.084988e+09 6001113
1.376739e-06 1.063589e+09 6001113 1.077781e+09 6001113
1.308393e-06 1.096122e+09 6001113 1.08369e+09 6001113
1.331254e-06 1.077485e+09 6001113 1.095029e+09 6001113
1.505462e-06 1.06393e+09 6001113 1.060282e+09 6001113
1.316552e-06 1.077179e+09 6001113 1.090702e+09 6001113
6.27401e-09 1.070688e+09 6001113 1.08216e+09 6001113
1.335632e-07 1.090738e+09 6001113 1.071495e+09 6001113
9.764019e-08 1.07158e+09 6002113 1.12835e+09 6002113
1.955493e-06 1.068974e+09 6001113 1.087018e+09 6001113
1.311219e-06 1.076618e+09 6001113 1.087723e+09 6001113
1.481949e-06 1.061395e+09 6001113 1.083243e+09 6001113
1.372196e-06 1.089869e+09 6002113 1.106864e+09 6002113
1.445252e-06 1.083928e+09 6001113 1.070621e+09 6001113
2.734431e-07 1.090079e+09 6001113 1.064241e+09 6001113
2.136525e-06 1.087066e+09 6001113 1.078714e+09 6001113
1.861081e-06 1.113526e+09 6002113 1.077327e+09 6002113
1.754941e-06 1.126722e+09 6002113 1.1041e+09 6002113
1.04367e-06 1.079641e+09 6001113 1.100735e+09 6001113
1.493366e-06 1.059055e+09 6001113 1.088098e+09 6001113
6.110902e-08 1.056683e+09 6001113 1.0487e+09 6001113
2.136525e-06 1.08701e+09 6001113 1.090234e+09 6001113
1.356378e-06 1.089009e+09 6001113 1.070135e+09 6001113
1.258726e-06 1.078346e+09 6001113 1.015073e+09 6001113
1.445252e-06 1.087508e+09 6001113 1.07581e+09 6001113
1.314919e-06 1.076991e+09 6001113 1.063209e+09 6001113
1.379365e-06 1.076492e+09 6001113 1.061883e+09 6001113
1.236827e-06 1.107612e+09 6003113 1.069785e+09 6003113
1.386773e-06 1.058264e+09 6001113 1.048232e+09 6001113
1.470679e-06 1.090499e+09 6003113 1.152076e+09 6003113
1.258726e-06 1.08774e+09 6001113 1.088936e+09 6001113
6.659551e-07 1.07695e+09 6001113 1.073447e+09 6001113
1.72157e-06 1.113712e+09 6002113 1.078948e+09 6002113
1.316552e-06 1.081561e+09 6001113 1.071757e+09 6001113
1.687318e-07 1.104643e+09 6001113 1.084537e+09 6001113
1.264429e-06 1.099048e+09 6001113 1.07804e+09 6001113
1.543118e-06 1.085248e+09 6001113 1.098527e+09 6001113
1.321575e-06 1.099211e+09 6002113 1.092658e+09 6002113
1.500354e-06 1.107341e+09 6002113 1.09426e+09 6002113
1.236827e-06 1.09068e+09 6001113 1.063632e+09 6001113
1.236827e-06 1.09068e+09 6001113 1.063632e+09 6001113
8.751945e-07 1.097611e+09 6001113 1.094698e+09 6001113
1.474375e-06 1.065813e+09 6001113 1.085202e+09 6001113
1.258726e-06 1.074606e+09 6001113 1.079097e+09 6001113
1.286835e-06 1.094281e+09 6002113 1.07694e+09 6002113
9.867882e-07 1.074049e+09 6001113 1.062363e+09 6001113
1.455751e-06 1.073792e+09 6001113 1.059614e+09 6001113
1.43334e-06 1.102125e+09 6002113 1.118235e+09 6002113
4.983546e-09 1.039005e+09 6001113 1.095951e+09 6001113
1.257497e-09 1.121678e+09 6002113 1.086126e+09 6002113
1.257996e-06 1.064021e+09 6001113 1.063045e+09 6001113
1.509628e-06 1.085901e+09 6001113 1.076791e+09 6001113
1.843695e-06 1.092054e+09 6002113 1.100607e+09 6002113
4.662403e-07 1.089849e+09 6001113 1.075944e+09 6001113
1.258726e-06 1.100126e+09 6001113 1.051406e+09 6001113
1.286835e-06 1.067184e+09 6001113 1.085949e+09 6001113
1.308393e-06 1.074162e+09 6001113 1.077233e+09 6001113
1.311219e-06 1.078149e+09 6001113 1.076814e+09 6001113
1.478551e-06 1.069961e+09 6001113 1.074085e+09 6001113
1.257996e-06 1.075483e+09 6001113 1.087834e+09 6001113
2.023673e-06 1.08145e+09 6001113 1.060335e+09 6001113
5.202957e-07 1.089439e+09 6001113 1.067404e+09 6001113
1.286835e-06 1.099657e+09 6001113 1.0777e+09 6001113
9.764019e-08 1.072434e+09 6001113 1.032461e+09 6001113
1.308393e-06 1.116333e+09 6002113 1.089739e+09 6002113
1.527676e-06 1.084414e+09 6002113 1.071633e+09 6002113
1.397562e-06 1.073713e+09 6001113 1.08535e+09 6001113
2.113743e-07 1.091632e+09 6001113 1.079426e+09 6001113
1.497401e-06 1.097549e+09 6001113 1.076773e+09 6001113
1.815091e-06 1.069778e+09 6001113 1.072295e+09 6001113
1.530105e-06 1.086193e+09 6001113 1.071368e+09 6001113
1.815091e-06 1.107464e+09 6002113 1.053846e+09 6002113
1.271503e-08 1.035029e+09 6001113 1.095584e+09 6001113
1.455751e-06 1.040751e+09 6001113 1.078039e+09 6001113
1.274032e-06 1.05833e+09 6001113 1.088675e+09 6001113
1.294351e-06 1.084219e+09 6002113 1.10809e+09 6002113
1.478551e-06 1.083479e+09 6001113 1.081266e+09 6001113
1.488685e-06 1.054844e+09 6001113 1.074762e+09 6001113
1.258726e-06 1.085601e+09 6001113 1.091674e+09 6001113
1.372196e-06 1.046605e+09 6001113 1.099676e+09 6001113
1.445252e-06 1.070157e+09 6001113 1.060948e+09 6001113
6.533246e-07 1.125708e+09 6002113 1.100792e+09 6002113
1.385902e-06 1.079279e+09 6001113 1.072705e+09 6001113
1.311219e-06 1.093432e+09 6001113 1.090824e+09 6001113
5.929078e-07 1.076222e+09 6001113 1.088533e+09 6001113
1.493366e-06 1.074249e+09 6001113 1.059728e+09 6001113
1.141891e-06 1.069901e+09 6001113 1.078435e+09 6001113
1.380484e-06 1.095716e+09 6001113 1.085104e+09 6001113
1.436336e-06 1.074688e+09 6001113 1.067316e+09 6001113
1.519175e-06 1.093121e+09 6002113 1.11608e+09 6002113
5.929078e-07 1.081421e+09 6001113 1.085122e+09 6001113
1.339444e-06 1.100701e+09 6002113 1.123637e+09 6002113
1.284315e-06 1.073072e+09 6001113 1.045031e+09 6001113
1.439449e-06 1.064992e+09 6001113 1.070765e+09 6001113
1.194405e-06 1.116865e+09 6003113 1.100316e+09 6003113
1.48458e-06 1.060661e+09 6001113 1.056327e+09 6001113
1.48458e-06 1.060661e+09 6001113 1.056327e+09 6001113
1.339444e-06 1.092733e+09 6001113 1.064172e+09 6001113
1.538867e-06 1.091315e+09 6002113 1.115909e+09 6002113
1.278015e-06 1.080406e+09 6001113 1.065677e+09 6001113
1.278015e-06 1.080406e+09 6001113 1.065677e+09 6001113
1.386773e-06 1.112701e+09 6002113 1.094861e+09 6002113
8.751945e-07 1.073865e+09 6001113 1.095268e+09 6001113
1.314553e-06 1.077954e+09 6001113 1.088093e+09 6001113
2.113743e-07 1.100036e+09 6002113 1.094992e+09 6002113
1.878503e-06 1.060727e+09 6001113 1.06752e+09 6001113
1.258726e-06 1.120148e+09 6002113 1.075442e+09 6002113
1.308393e-06 1.073858e+09 6001113 1.095448e+09 6001113
2.136525e-06 1.083343e+09 6001113 1.060013e+09 6001113
1.286835e-06 1.074719e+09 6001113 1.0492e+09 6001113
1.308393e-06 1.101147e+09 6002113 1.082751e+09 6002113
7.071896e-07 1.085238e+09 6001113 1.054186e+09 6001113
1.383572e-06 1.063885e+09 6001113 1.097515e+09 6001113
1.436336e-06 1.056212e+09 6001113 1.075016e+09 6001113
1.383572e-06 1.036475e+09 6001113 1.074284e+09 6001113
1.141891e-06 1.10859e+09 6002113 1.091164e+09 6002113
1.449791e-06 1.100674e+09 6001113 1.059129e+09 6001113
1.530105e-06 1.083721e+09 6001113 1.07043e+09 6001113
1.509628e-06 1.075999e+09 6001113 1.094781e+09 6001113
5.623342e-07 1.092619e+09 6002113 1.059729e+09 6002113
5.067066e-07 1.090136e+09 6001113 1.066055e+09 6001113
1.385902e-06 1.05977e+09 6001113 1.093737e+09 6001113
1.084972e-06 1.044198e+09 6001113 1.083316e+09 6001113
1.445252e-06 1.060568e+09 6001113 1.082288e+09 6001113
1.528217e-06 1.074395e+09 6002113 1.101932e+09 6002113
1.815091e-06 1.091362e+09 6001113 1.065203e+09 6001113
1.499495e-06 1.066419e+09 6001113 1.086391e+09 6001113
1.356378e-06 1.083811e+09 6001113 1.067767e+09 6001113
1.264429e-06 1.062804e+09 6001113 1.083186e+09 6001113
3.793617e-07 1.024023e+09 6001113 1.101163e+09 6001113
1.500354e-06 1.065101e+09 6001113 1.09019e+09 6001113
1.691683e-10 1.085006e+09 6002113 1.076836e+09 6002113
1.313302e-06 1.075432e+09 6001113 1.075328e+09 6001113
1.339444e-06 1.065577e+09 6001113 1.077248e+09 6001113
1.339444e-06 1.065577e+09 6001113 1.077248e+09 6001113
1.43334e-06 1.099459e+09 6001113 1.080977e+09 6001113
1.449791e-06 1.086029e+09 6001113 1.074316e+09 6001113
1.331254e-06 1.094996e+09 6001113 1.079897e+09 6001113
1.278331e-06 1.073351e+09 6001113 1.048014e+09 6001113
1.089671e-06 1.081368e+09 6001113 1.081621e+09 6001113
1.089671e-06 1.081368e+09 6001113 1.081621e+09 6001113
7.023064e-07 1.065628e+09 6001113 1.07324e+09 6001113
8.751945e-07 1.087654e+09 6002113 1.100787e+09 6002113
1.258726e-06 1.059999e+09 6001113 1.075582e+09 6001113
1.519175e-06 1.048476e+09 6001113 1.089199e+09 6001113
1.530105e-06 1.091985e+09 6001113 1.07379e+09 6001113
1.754941e-06 1.081625e+09 6001113 1.075738e+09 6001113
1.397562e-06 1.080573e+09 6001113 1.042692e+09 6001113
1.474375e-06 1.072467e+09 6001113 1.070135e+09 6001113
1.294351e-06 1.086077e+09 6001113 1.071224e+09 6001113
1.278015e-06 1.081032e+09 6001113 1.077548e+09 6001113
2.853558e-07 1.07447e+09 6001113 1.09101e+09 6001113
1.48458e-06 1.076216e+09 6001113 1.096726e+09 6001113
1.274574e-06 1.077326e+09 6001113 1.095687e+09 6001113
1.269509e-06 1.150748e+09 6003113 1.082774e+09 6003113
4.662403e-07 1.087644e+09 6001113 1.074028e+09 6001113
1.815091e-06 1.069777e+09 6001113 1.060474e+09 6001113
1.268741e-06 1.107441e+09 6002113 1.085646e+09 6002113
1.455751e-06 1.060134e+09 6001113 1.065133e+09 6001113
7.627101e-07 1.091627e+09 6001113 1.061252e+09 6001113
1.996814e-06 1.062116e+09 6001113 1.07312e+09 6001113
1.313302e-06 1.074768e+09 6001113 1.079383e+09 6001113
1.339444e-06 1.082712e+09 6001113 1.091869e+09 6001113
1.785782e-06 1.071655e+09 6001113 1.076288e+09 6001113
1.194405e-06 1.086987e+09 6001113 1.07984e+09 6001113
1.488685e-06 1.081263e+09 6001113 1.07878e+09 6001113
1.321575e-06 1.075063e+09 6001113 1.083807e+09 6001113
1.439449e-06 1.072405e+09 6001113 1.088794e+09 6001113
1.499495e-06 1.079378e+09 6001113 1.08679e+09 6001113
1.339444e-06 1.070736e+09 6001113 1.086674e+09 6001113
1.387383e-06 1.073769e+09 6001113 1.083434e+09 6001113
1.294072e-06 1.093065e+09 6001113 1.036752e+09 6001113
1.500354e-06 1.095649e+09 6001113 1.065754e+09 6001113
1.380484e-06 1.085073e+09 6001113 1.084984e+09 6001113
1.439449e-06 1.088011e+09 6001113 1.050306e+09 6001113
1.387383e-06 1.096496e+09 6002113 1.123898e+09 6002113
1.314919e-06 1.08239e+09 6001113 1.085947e+09 6001113
1.478551e-06 1.085498e+09 6001113 1.068185e+09 6001113
1.278015e-06 1.091494e+09 6001113 1.05325e+09 6001113
1.993981e-07 1.057134e+09 6001113 1.073142e+09 6001113
1.268741e-06 1.067966e+09 6001113 1.097997e+09 6001113
1.269509e-06 1.083539e+09 6002113 1.099049e+09 6002113
1.372196e-06 1.08509e+09 6001113 1.060226e+09 6001113
1.294351e-06 1.062327e+09 6001113 1.064354e+09 6001113
1.455751e-06 1.094743e+09 6001113 1.06063e+09 6001113
1.474375e-06 1.058577e+09 6001113 1.088735e+09 6001113
1.274574e-06 1.059031e+09 6001113 1.074762e+09 6001113
1.505462e-06 1.076555e+09 6001113 1.067407e+09 6001113
1.268741e-06 1.091979e+09 6001113 1.094316e+09 6001113
1.264429e-06 1.086126e+09 6002113 1.071128e+09 6002113
1.264429e-06 1.097045e+09 6002113 1.104532e+09 6002113
8.14047e-07 1.115549e+09 6002113 1.093805e+09 6002113
1.107583e-07 1.092786e+09 6002113 1.118545e+09 6002113
1.474375e-06 1.089015e+09 6002113 1.091076e+09 6002113
1.550757e-06 1.072604e+09 6001113 1.078101e+09 6001113
1.274032e-06 1.096389e+09 6002113 1.086988e+09 6002113
5.067066e-07 1.052805e+09 6001113 1.040962e+09 6001113
1.274032e-06 1.088444e+09 6001113 1.08174e+09 6001113
1.372196e-06 1.083663e+09 6002113 1.106899e+09 6002113
1.372196e-06 1.087748e+09 6001113 1.06558e+09 6001113
1.516081e-06 1.087369e+09 6001113 1.096567e+09 6001113
1.573672e-06 1.075604e+09 6001113 1.07124e+09 6001113
1.264429e-06 1.059329e+09 6001113 1.08656e+09 6001113
1.785782e-06 1.074898e+09 6001113 1.072713e+09 6001113
1.286835e-06 1.088064e+09 6001113 1.045851e+09 6001113
1.516081e-06 1.075829e+09 6001113 1.079138e+09 6001113
1.519175e-06 1.075066e+09 6001113 1.060487e+09 6001113
1.450705e-06 1.081095e+09 6001113 1.076376e+09 6001113
1.314919e-06 1.044196e+09 6001113 1.072989e+09 6001113
1.376739e-06 1.070978e+09 6001113 1.051884e+09 6001113
1.445252e-06 1.098817e+09 6001113 1.081391e+09 6001113
1.372196e-06 1.074509e+09 6001113 1.069253e+09 6001113
1.269509e-06 1.104649e+09 6002113 1.09207e+09 6002113
1.538867e-06 1.077366e+09 6001113 1.083029e+09 6001113
1.379365e-06 1.068395e+09 6001113 1.073274e+09 6001113
1.493366e-06 1.073906e+09 6001113 1.089628e+09 6001113
1.286835e-06 1.068221e+09 6001113 1.092703e+09 6001113
1.573672e-06 1.034545e+09 6001113 1.078359e+09 6001113
1.720673e-06 1.124438e+09 6002113 1.093923e+09 6002113
1.550757e-06 1.045924e+09 6001113 1.087122e+09 6001113
3.793617e-07 1.087368e+09 6001113 1.082702e+09 6001113
8.751945e-07 1.042903e+09 6002113 1.110758e+09 6002113
1.449791e-06 1.057189e+09 6001113 1.083245e+09 6001113
1.48458e-06 1.08606e+09 6001113 1.047207e+09 6001113
5.496609e-07 1.099838e+09 6001113 1.086686e+09 6001113
1.380484e-06 1.067183e+09 6001113 1.099304e+09 6001113
1.573672e-06 1.101864e+09 6002113 1.107884e+09 6002113
1.386773e-06 1.101773e+09 6002113 1.120111e+09 6002113
9.293597e-07 1.099977e+09 6002113 1.074746e+09 6002113
1.445252e-06 1.070089e+09 6001113 1.059335e+09 6001113
1.476214e-06 1.089574e+09 6002113 1.10111e+09 6002113
1.450705e-06 1.079152e+09 6001113 1.060637e+09 6001113
2.12496e-06 1.068319e+09 6001113 1.079317e+09 6001113
4.662403e-07 1.06954e+09 6001113 1.090711e+09 6001113
1.268741e-06 1.076913e+09 6001113 1.088876e+09 6001113
1.380484e-06 1.070259e+09 6001113 1.090926e+09 6001113
1.43334e-06 1.06146e+09 6001113 1.084391e+09 6001113
4.154673e-07 1.086467e+09 6001113 1.071681e+09 6001113
5.638908e-07 1.088664e+09 6002113 1.090134e+09 6002113
1.550757e-06 1.064221e+09 6001113 1.032731e+09 6001113
1.550757e-06 1.074272e+09 6002113 1.137979e+09 6002113
1.434706e-06 1.084001e+09 6001113 1.094875e+09 6001113
1.72157e-06 1.101795e+09 6002113 1.09209e+09 6002113
1.488685e-06 1.084946e+09 6001113 1.078732e+09 6001113
4.281985e-07 1.126027e+09 6002113 1.093427e+09 6002113
1.331254e-06 1.0744e+09 6001113 1.092231e+09 6001113
1.314919e-06 1.097831e+09 6001113 1.083826e+09 6001113
1.278015e-06 1.071202e+09 6001113 1.048746e+09 6001113
1.380484e-06 1.075002e+09 6001113 1.100437e+09 6001113
1.48458e-06 1.093501e+09 6001113 1.075804e+09 6001113
1.48458e-06 1.093501e+09 6001113 1.075804e+09 6001113
9.206645e-10 1.071082e+09 6001113 1.090639e+09 6001113
1.538867e-06 1.074731e+09 6001113 1.090107e+09 6001113
1.314553e-06 1.065771e+09 6001113 1.083956e+09 6001113
1.311219e-06 1.045154e+09 6001113 1.088453e+09 6001113
3.457066e-07 1.036648e+09 6001113 1.082427e+09 6001113
1.269509e-06 1.110853e+09 6002113 1.07899e+09 6002113
1.445252e-06 1.087618e+09 6001113 1.093622e+09 6001113
9.273571e-07 1.064272e+09 6001113 1.080019e+09 6001113
1.528217e-06 1.043254e+09 6001113 1.082281e+09 6001113
1.269509e-06 1.078761e+09 6001113 1.091591e+09 6001113
1.188953e-06 1.096031e+09 6002113 1.077893e+09 6002113
1.380484e-06 1.067463e+09 6001113 1.079111e+09 6001113
3.417434e-08 1.092682e+09 6001113 1.060762e+09 6001113
1.449791e-06 1.095994e+09 6001113 1.067409e+09 6001113
1.449791e-06 1.095994e+09 6001113 1.067409e+09 6001113
1.505462e-06 1.089327e+09 6001113 1.083907e+09 6001113
1.785782e-06 1.132858e+09 6003113 1.078805e+09 6003113
1.486102e-06 1.059297e+09 6001113 1.090727e+09 6001113
1.331254e-06 1.087419e+09 6003113 1.12643e+09 6003113
1.413094e-06 1.085477e+09 6002113 1.09297e+09 6002113
1.286835e-06 1.083474e+09 6001113 1.089721e+09 6001113
1.258726e-06 1.085316e+09 6001113 1.082288e+09 6001113
1.372196e-06 1.036981e+09 6001113 1.090954e+09 6001113
2.243455e-06 1.08524e+09 6001113 1.070703e+09 6001113
1.754941e-06 1.07741e+09 6002113 1.118115e+09 6002113
1.528217e-06 1.085577e+09 6001113 1.083599e+09 6001113
6.533246e-07 1.09899e+09 6002113 1.084118e+09 6002113
1.314553e-06 1.083834e+09 6001113 1.074175e+09 6001113
1.538867e-06 1.097301e+09 6001113 1.083498e+09 6001113
9.61473e-11 1.076804e+09 6001113 1.084977e+09 6001113
8.14047e-07 1.0963e+09 6001113 1.017718e+09 6001113
1.386773e-06 1.088102e+09 6001113 1.079379e+09 6001113
1.754941e-06 1.093971e+09 6001113 1.075264e+09 6001113
1.284315e-06 1.100799e+09 6002113 1.095832e+09 6002113
8.590731e-08 1.091515e+09 6001113 1.05808e+09 6001113
1.450705e-06 1.08467e+09 6001113 1.074766e+09 6001113
1.476214e-06 1.061537e+09 6002113 1.088175e+09 6002113
1.43334e-06 1.093649e+09 6001113 1.075599e+09 6001113
1.278331e-06 1.074774e+09 6003113 1.117919e+09 6003113
1.785782e-06 1.083313e+09 6001113 1.061537e+09 6001113
1.785782e-06 1.083313e+09 6001113 1.061537e+09 6001113
1.379365e-06 1.066454e+09 6001113 1.092313e+09 6001113
9.273571e-07 1.06049e+09 6001113 1.096409e+09 6001113
1.445252e-06 1.036551e+09 6001113 1.091264e+09 6001113
8.199058e-07 1.09712e+09 6001113 1.076217e+09 6001113
1.278331e-06 1.088559e+09 6002113 1.120409e+09 6002113
1.385902e-06 1.116427e+09 6002113 1.082662e+09 6002113
1.278331e-06 1.098305e+09 6002113 1.084259e+09 6002113
1.278331e-06 1.098305e+09 6002113 1.084259e+09 6002113
1.449791e-06 1.097547e+09 6001113 1.099089e+09 6001113
1.314553e-06 1.090952e+09 6001113 1.077467e+09 6001113
1.502782e-07 1.034454e+09 6001113 1.081761e+09 6001113
1.518887e-06 1.079839e+09 6002113 1.093648e+09 6002113
3.025253e-07 1.091142e+09 6001113 1.086111e+09 6001113
1.107583e-07 1.111047e+09 6002113 1.052976e+09 6002113
1.386773e-06 1.077171e+09 6001113 1.066933e+09 6001113
1.481949e-06 1.089884e+09 6001113 1.076908e+09 6001113
1.500354e-06 1.080071e+09 6001113 1.094809e+09 6001113
6.066701e-07 1.069884e+09 6003113 1.110839e+09 6003113
1.499495e-06 1.073962e+09 6001113 1.095031e+09 6001113
1.439449e-06 1.100664e+09 6002113 1.106523e+09 6002113
1.194405e-06 1.072056e+09 6001113 1.085159e+09 6001113
1.497401e-06 1.078936e+09 6001113 1.091851e+09 6001113
1.486102e-06 1.121249e+09 6002113 1.04473e+09 6002113
1.269509e-06 1.084545e+09 6001113 1.067137e+09 6001113
