1.040672e-06 1.11802e+09 6002113 1.101175e+09 6002113
1.200566e-06 1.105594e+09 6003113 1.112915e+09 6003113
1.221021e-06 1.073686e+09 6002114 1.11199e+09 6002113
1.040672e-06 1.09585e+09 6003113 1.123172e+09 6003113
1.117363e-06 1.07415e+09 6002113 1.111246e+09 6002113
1.02961e-06 1.116862e+09 6002113 1.092955e+09 6002113
1.212218e-06 1.107365e+09 6003113 1.109221e+09 6003113
1.221021e-06 1.116285e+09 6002113 1.092116e+09 6002113
1.225257e-06 1.101909e+09 6003114 1.101677e+09 6003113
1.123201e-06 1.107105e+09 6002113 1.090068e+09 6002113
6.713482e-07 1.11309e+09 6002113 1.119263e+09 6002113
8.451617e-07 1.135113e+09 6003114 1.103957e+09 6003113
1.037871e-06 1.108191e+09 6003113 1.098378e+09 6003113
1.105471e-06 1.110427e+09 6002113 1.084473e+09 6002113
1.124112e-06 1.117445e+09 6003114 1.116107e+09 6003113
1.033747e-06 1.108232e+09 6003113 1.108504e+09 6003113
1.229273e-06 1.076927e+09 6002114 1.113139e+09 6002113
1.067711e-06 1.135089e+09 6003113 1.116789e+09 6003113
1.222198e-06 1.121014e+09 6003113 1.115406e+09 6003113
1.072053e-06 1.126568e+09 6003114 1.103612e+09 6003113
1.210116e-06 1.134376e+09 6003113 1.100336e+09 6003113
1.216031e-06 1.116147e+09 6003113 1.106148e+09 6003113
2.069081e-08 1.112395e+09 6003113 1.109066e+09 6003113
1.121063e-06 1.127483e+09 6003113 1.104546e+09 6003113
1.221721e-06 1.094059e+09 6002113 1.109214e+09 6002113
1.529643e-06 1.128822e+09 6003113 1.110639e+09 6003113
1.222198e-06 1.129601e+09 6003114 1.112617e+09 6003113
1.208876e-06 1.117258e+09 6003113 1.109386e+09 6003113
1.150666e-06 1.107841e+09 6002113 1.105471e+09 6002113
1.128524e-06 1.114593e+09 6002113 1.119611e+09 6002113
1.053975e-06 1.104226e+09 6002114 1.111026e+09 6002113
1.229273e-06 1.085609e+09 6002113 1.097891e+09 6002113
1.623676e-07 1.111722e+09 6003113 1.130966e+09 6003113
1.176975e-06 1.108534e+09 6003113 1.124725e+09 6003113
1.121063e-06 1.105769e+09 6002114 1.104484e+09 6002113
1.069406e-06 1.104549e+09 6002114 1.098631e+09 6002113
6.62869e-07 1.129805e+09 6003113 1.120783e+09 6003113
1.454141e-06 1.116719e+09 6002113 1.093847e+09 6002113
4.126052e-07 1.095795e+09 6002113 1.113543e+09 6002113
1.244409e-06 1.107414e+09 6003113 1.133979e+09 6003113
1.117363e-06 1.126684e+09 6003114 1.105247e+09 6003113
1.236812e-06 1.100376e+09 6002113 1.07813e+09 6002113
1.126627e-06 1.086869e+09 6002114 1.098076e+09 6002113
1.5013e-06 1.079375e+09 6002114 1.107895e+09 6002113
1.067711e-06 1.095368e+09 6002113 1.106328e+09 6002113
6.210659e-07 1.043137e+09 6003114 1.112797e+09 6003113
1.167152e-06 1.105742e+09 6002113 1.118674e+09 6002113
7.126607e-07 1.106381e+09 6002113 1.049253e+09 6002113
1.06195e-06 1.114763e+09 6002113 1.105429e+09 6002113
1.007133e-06 1.083065e+09 6002113 1.100653e+09 6002113
1.067711e-06 1.070871e+09 6002114 1.109248e+09 6002113
6.62869e-07 1.103018e+09 6002113 1.08237e+09 6002113
1.625982e-06 1.109055e+09 6002114 1.110086e+09 6002113
1.225257e-06 1.105135e+09 6002113 1.093059e+09 6002113
1.281423e-06 1.105347e+09 6002113 1.067951e+09 6002113
1.072053e-06 1.084304e+09 6002113 1.10254e+09 6002113
5.758562e-07 1.104322e+09 6002113 1.1057e+09 6002113
1.216031e-06 1.131721e+09 6003114 1.115751e+09 6003113
1.219316e-06 1.11553e+09 6002113 1.063554e+09 6002113
1.124112e-06 1.124508e+09 6003113 1.114253e+09 6003113
1.22588e-06 1.090968e+09 6002113 1.09956e+09 6002113
1.206733e-06 1.097044e+09 6002114 1.103674e+09 6002113
1.216031e-06 1.077575e+09 6002113 1.104527e+09 6002113
1.202064e-06 1.109463e+09 6003113 1.132848e+09 6003113
1.245947e-06 1.089022e+09 6002114 1.102476e+09 6002113
1.053975e-06 1.112572e+09 6003113 1.136444e+09 6003113
1.167152e-06 1.12615e+09 6003114 1.104265e+09 6003113
1.090693e-06 1.110119e+09 6003113 1.107728e+09 6003113
4.743345e-07 1.102158e+09 6002113 1.107973e+09 6002113
1.203966e-06 1.119667e+09 6003113 1.106129e+09 6003113
1.072053e-06 1.104514e+09 6002113 1.109059e+09 6002113
1.124112e-06 1.129445e+09 6003113 1.111877e+09 6003113
1.236812e-06 1.126689e+09 6003113 1.111904e+09 6003113
1.024966e-06 1.11421e+09 6002113 1.079646e+09 6002113
1.176975e-06 1.104153e+09 6003113 1.113838e+09 6003113
1.053748e-06 1.105055e+09 6002113 1.087994e+09 6002113
1.216031e-06 1.126605e+09 6003114 1.104927e+09 6003113
1.172127e-06 1.10799e+09 6002113 1.10843e+09 6002113
1.180548e-06 1.102618e+09 6002113 1.095976e+09 6002113
1.216031e-06 1.12477e+09 6003114 1.115009e+09 6003113
1.024966e-06 1.093385e+09 6002113 1.108754e+09 6002113
5.808564e-07 1.106238e+09 6002113 1.066419e+09 6002113
1.208876e-06 1.110345e+09 6002113 1.11017e+09 6002113
1.069406e-06 1.11646e+09 6003113 1.114078e+09 6003113
1.024966e-06 1.081488e+09 6002114 1.112748e+09 6002113
1.121063e-06 1.105497e+09 6002113 1.109597e+09 6002113
1.200566e-06 1.121912e+09 6003113 1.109186e+09 6003113
7.430024e-08 1.076653e+09 6002113 1.109633e+09 6002113
1.647853e-06 1.120585e+09 6003113 1.122374e+09 6003113
1.256543e-06 1.082283e+09 6002114 1.10013e+09 6002113
1.070425e-06 1.097882e+09 6003114 1.107994e+09 6003113
1.129233e-06 1.097449e+09 6002114 1.107952e+09 6002113
1.262763e-06 1.112725e+09 6003113 1.084125e+09 6003113
7.496863e-10 1.106587e+09 6003113 1.127971e+09 6003113
1.176852e-06 1.134014e+09 6003114 1.112444e+09 6003113
9.018917e-08 1.126201e+09 6003114 1.107919e+09 6003113
4.579022e-07 1.104343e+09 6002113 1.092024e+09 6002113
1.070425e-06 1.122937e+09 6003113 1.112317e+09 6003113
1.040672e-06 1.096337e+09 6002114 1.108353e+09 6002113
8.431729e-07 1.110403e+09 6002114 1.102085e+09 6002113
1.123201e-06 1.067512e+09 6002114 1.106373e+09 6002113
1.024372e-06 1.129863e+09 6003114 1.11194e+09 6003113
1.221021e-06 1.115838e+09 6003113 1.133438e+09 6003113
1.126627e-06 1.109532e+09 6002113 1.082542e+09 6002113
1.180548e-06 1.13247e+09 6003113 1.111857e+09 6003113
1.04093e-06 1.118143e+09 6003113 1.108316e+09 6003113
6.676397e-07 1.111102e+09 6002113 1.073907e+09 6002113
1.053975e-06 1.117516e+09 6002113 1.113566e+09 6002113
1.185401e-06 1.086556e+09 6002113 1.111009e+09 6002113
1.053975e-06 1.13484e+09 6003113 1.115288e+09 6003113
1.22588e-06 1.112223e+09 6003114 1.113879e+09 6003113
1.245947e-06 1.12762e+09 6003114 1.109389e+09 6003113
1.121063e-06 1.083232e+09 6002113 1.103945e+09 6002113
1.236812e-06 1.096664e+09 6002113 1.110399e+09 6002113
4.236707e-07 1.123896e+09 6003114 1.116909e+09 6003113
1.5013e-06 1.114318e+09 6002113 1.095468e+09 6002113
1.234527e-06 1.108969e+09 6003113 1.146647e+09 6003113
1.129729e-06 1.139476e+09 6003114 1.110591e+09 6003113
1.244409e-06 1.146216e+09 6003114 1.113281e+09 6003113
1.256543e-06 1.071403e+09 6002114 1.100387e+09 6002113
1.123201e-06 1.121574e+09 6003113 1.114287e+09 6003113
1.244409e-06 1.096403e+09 6002114 1.108029e+09 6002113
1.090693e-06 1.098142e+09 6002114 1.100705e+09 6002113
7.062144e-07 1.127149e+09 6003114 1.115832e+09 6003113
1.124112e-06 1.141344e+09 6003113 1.113244e+09 6003113
5.319946e-07 1.108595e+09 6003113 1.143913e+09 6003113
1.053975e-06 1.114982e+09 6002113 1.111271e+09 6002113
9.725898e-07 1.103405e+09 6002113 1.111027e+09 6002113
1.216031e-06 1.093391e+09 6002113 1.107994e+09 6002113
8.451617e-07 1.099996e+09 6003114 1.106746e+09 6003113
1.037871e-06 1.100407e+09 6002114 1.110986e+09 6002113
1.185401e-06 1.083264e+09 6002113 1.103666e+09 6002113
1.221721e-06 1.118383e+09 6003113 1.123138e+09 6003113
4.236707e-07 1.112834e+09 6003113 1.115788e+09 6003113
1.262763e-06 1.11502e+09 6003113 1.123194e+09 6003113
1.539436e-07 1.097683e+09 6002114 1.107603e+09 6002113
2.069081e-08 1.1377e+09 6003114 1.116105e+09 6003113
6.676397e-07 1.100085e+09 6003113 1.13099e+09 6003113
1.253081e-06 1.095076e+09 6002114 1.111853e+09 6002113
1.210116e-06 1.104735e+09 6002113 1.085902e+09 6002113
1.033121e-06 1.111114e+09 6002114 1.114137e+09 6002113
4.940044e-07 1.104555e+09 6003113 1.130637e+09 6003113
9.298287e-07 1.053296e+09 6002113 1.11371e+09 6002113
9.298287e-07 1.116143e+09 6002113 1.076013e+09 6002113
6.936909e-07 1.115807e+09 6003113 1.122941e+09 6003113
8.184742e-09 1.105636e+09 6002113 1.10104e+09 6002113
1.06195e-06 1.084881e+09 6002114 1.108135e+09 6002113
8.873062e-07 1.096486e+09 6002113 1.109924e+09 6002113
1.298349e-06 1.10209e+09 6002113 1.099076e+09 6002113
1.128524e-06 1.134785e+09 6003113 1.105701e+09 6003113
1.124112e-06 1.072471e+09 6002114 1.110295e+09 6002113
1.197557e-06 1.094039e+09 6002113 1.109608e+09 6002113
1.212218e-06 1.118585e+09 6003113 1.115074e+09 6003113
7.55136e-07 1.05976e+09 6003114 1.105641e+09 6003113
1.047854e-06 1.073206e+09 6002113 1.110409e+09 6002113
1.021024e-07 1.109823e+09 6002114 1.110779e+09 6002113
1.053975e-06 1.142061e+09 6003113 1.11579e+09 6003113
1.065409e-06 1.142205e+09 6003114 1.099926e+09 6003113
1.070425e-06 1.110937e+09 6003113 1.123605e+09 6003113
1.024966e-06 1.117172e+09 6003113 1.124702e+09 6003113
1.069406e-06 1.10718e+09 6003113 1.122801e+09 6003113
1.076143e-06 1.129383e+09 6003114 1.106724e+09 6003113
1.696722e-06 1.097852e+09 6002114 1.109875e+09 6002113
9.681501e-07 1.097967e+09 6003114 1.108383e+09 6003113
1.237046e-06 1.102923e+09 6002113 1.110873e+09 6002113
1.219316e-06 1.083876e+09 6002114 1.110951e+09 6002113
1.105471e-06 1.108556e+09 6002114 1.100637e+09 6002113
1.236812e-06 1.107989e+09 6002114 1.106904e+09 6002113
1.221721e-06 1.117087e+09 6002113 1.108593e+09 6002113
1.200566e-06 1.114262e+09 6002113 1.068352e+09 6002113
6.62869e-07 1.056194e+09 6002113 1.107705e+09 6002113
1.172127e-06 1.084649e+09 6002114 1.108783e+09 6002113
1.072053e-06 1.095409e+09 6002113 1.099996e+09 6002113
1.807714e-07 1.114119e+09 6002113 1.088693e+09 6002113
6.62869e-07 1.14292e+09 6003114 1.109487e+09 6003113
5.697701e-08 1.092131e+09 6002114 1.105015e+09 6002113
1.121063e-06 1.134728e+09 6003113 1.112026e+09 6003113
1.203966e-06 1.105268e+09 6003113 1.128032e+09 6003113
1.070723e-06 1.10761e+09 6002114 1.108483e+09 6002113
1.072053e-06 1.108477e+09 6002113 1.083547e+09 6002113
4.338273e-08 1.1256e+09 6003113 1.112467e+09 6003113
1.478007e-06 1.067436e+09 6002113 1.11148e+09 6002113
9.298287e-07 1.120619e+09 6003114 1.114365e+09 6003113
1.121063e-06 1.088955e+09 6002113 1.110319e+09 6002113
9.289876e-07 1.11868e+09 6003113 1.112813e+09 6003113
1.221021e-06 1.12071e+09 6003114 1.107915e+09 6003113
2.463428e-07 1.130953e+09 6003114 1.110304e+09 6003113
1.244409e-06 1.107643e+09 6002113 1.064378e+09 6002113
1.176975e-06 1.111809e+09 6003113 1.124085e+09 6003113
1.105471e-06 1.10574e+09 6003114 1.100825e+09 6003113
1.185401e-06 1.127653e+09 6003114 1.112332e+09 6003113
2.00837e-07 1.088703e+09 6002113 1.113424e+09 6002113
1.121063e-06 1.096931e+09 6002114 1.106294e+09 6002113
7.430024e-08 1.092614e+09 6002113 1.100967e+09 6002113
1.647853e-06 1.101602e+09 6002113 1.104242e+09 6002113
1.104483e-06 1.104482e+09 6002113 1.096873e+09 6002113
1.200566e-06 1.085441e+09 6002113 1.108502e+09 6002113
1.221721e-06 1.076888e+09 6002114 1.107631e+09 6002113
1.076143e-06 1.097715e+09 6003114 1.111121e+09 6003113
7.55136e-07 1.113913e+09 6002113 1.110816e+09 6002113
1.234527e-06 1.089648e+09 6002114 1.101735e+09 6002113
1.236812e-06 1.086376e+09 6002114 1.101921e+09 6002113
1.219316e-06 1.11626e+09 6003113 1.10928e+09 6003113
9.681501e-07 1.121156e+09 6003113 1.109145e+09 6003113
1.129729e-06 1.065067e+09 6002114 1.099612e+09 6002113
1.124112e-06 1.132558e+09 6003113 1.114727e+09 6003113
1.197557e-06 1.111391e+09 6002113 1.077461e+09 6002113
1.256543e-06 1.139883e+09 6003114 1.110862e+09 6003113
4.236707e-07 1.106819e+09 6003113 1.128968e+09 6003113
6.936909e-07 1.060443e+09 6002114 1.10001e+09 6002113
1.212218e-06 1.099698e+09 6002114 1.103896e+09 6002113
1.281423e-06 1.096025e+09 6002113 1.087452e+09 6002113
1.076143e-06 1.135886e+09 6003114 1.1071e+09 6003113
3.089098e-07 1.079203e+09 6002113 1.104698e+09 6002113
1.076143e-06 1.113772e+09 6002113 1.102989e+09 6002113
3.877402e-07 1.093971e+09 6003114 1.113215e+09 6003113
1.197557e-06 1.1076e+09 6002113 1.092828e+09 6002113
4.940044e-07 1.09366e+09 6003113 1.130313e+09 6003113
1.037871e-06 1.131202e+09 6003113 1.109303e+09 6003113
1.221021e-06 1.146948e+09 6003113 1.103506e+09 6003113
9.483048e-07 1.07585e+09 6002114 1.10023e+09 6002113
5.979657e-09 1.074288e+09 6002113 1.11127e+09 6002113
1.065409e-06 1.099173e+09 6002114 1.093894e+09 6002113
1.069406e-06 1.115076e+09 6003113 1.141238e+09 6003113
1.150666e-06 1.108401e+09 6002113 1.091342e+09 6002113
1.128524e-06 1.099885e+09 6002113 1.101922e+09 6002113
1.253081e-06 1.136505e+09 6003114 1.106941e+09 6003113
1.024372e-06 1.098044e+09 6002113 1.095303e+09 6002113
1.069406e-06 1.104719e+09 6002114 1.1076e+09 6002113
1.167152e-06 1.066637e+09 6002113 1.10601e+09 6002113
1.129729e-06 1.080937e+09 6002113 1.107329e+09 6002113
8.431729e-07 1.092289e+09 6002113 1.108649e+09 6002113
1.067711e-06 1.109537e+09 6003113 1.125925e+09 6003113
7.722532e-07 1.11397e+09 6002113 1.09961e+09 6002113
4.126052e-07 1.145063e+09 6003114 1.095089e+09 6003113
1.197557e-06 1.107826e+09 6002113 1.102145e+09 6002113
1.175127e-06 1.126227e+09 6003114 1.119672e+09 6003113
1.172127e-06 1.106937e+09 6002113 1.086117e+09 6002113
1.647853e-06 1.107763e+09 6003113 1.12907e+09 6003113
8.451617e-07 1.111819e+09 6002113 1.097102e+09 6002113
1.065409e-06 1.086563e+09 6002113 1.110831e+09 6002113
1.105471e-06 1.110239e+09 6002113 1.106244e+09 6002113
1.072053e-06 1.135816e+09 6003113 1.110998e+09 6003113
1.185401e-06 1.102756e+09 6002113 1.100434e+09 6002113
1.185401e-06 1.095508e+09 6002114 1.107861e+09 6002113
1.090693e-06 1.099963e+09 6002114 1.101546e+09 6002113
1.129729e-06 1.133488e+09 6003113 1.106677e+09 6003113
1.197557e-06 1.115844e+09 6002113 1.105575e+09 6002113
1.153552e-07 1.088757e+09 6002113 1.104473e+09 6002113
1.104483e-06 1.032131e+09 6002113 1.107914e+09 6002113
1.069406e-06 1.101708e+09 6002113 1.1079e+09 6002113
1.176975e-06 1.104005e+09 6003113 1.1163e+09 6003113
1.200566e-06 1.09626e+09 6002113 1.104896e+09 6002113
1.067711e-06 1.106257e+09 6003113 1.135854e+09 6003113
1.04093e-06 1.092829e+09 6002113 1.1102e+09 6002113
1.221021e-06 1.094604e+09 6002113 1.10204e+09 6002113
2.463428e-07 1.114488e+09 6002113 1.097049e+09 6002113
1.090693e-06 1.101134e+09 6002113 1.112805e+09 6002113
1.185401e-06 1.135201e+09 6003114 1.114186e+09 6003113
1.281423e-06 1.081357e+09 6002113 1.109379e+09 6002113
1.033747e-06 1.106909e+09 6003113 1.108797e+09 6003113
1.150666e-06 1.100359e+09 6002113 1.108638e+09 6002113
7.062144e-07 1.108433e+09 6003113 1.130771e+09 6003113
1.478007e-06 1.138866e+09 6003114 1.108453e+09 6003113
1.090693e-06 1.122174e+09 6003113 1.113948e+09 6003113
1.033747e-06 1.079778e+09 6002114 1.113273e+09 6002113
1.180548e-06 1.148039e+09 6003114 1.110396e+09 6003113
1.090693e-06 1.10521e+09 6002113 1.100805e+09 6002113
1.124112e-06 1.099084e+09 6002113 1.105257e+09 6002113
1.033121e-06 1.099301e+09 6002113 1.102517e+09 6002113
1.067711e-06 1.106238e+09 6003113 1.123005e+09 6003113
9.298287e-07 1.078359e+09 6002114 1.115331e+09 6002113
1.126627e-06 1.10399e+09 6002114 1.109954e+09 6002113
1.568218e-06 1.111189e+09 6003113 1.116163e+09 6003113
1.739747e-06 1.133516e+09 6003113 1.113653e+09 6003113
1.121063e-06 1.121149e+09 6003114 1.097295e+09 6003113
1.236812e-06 1.104521e+09 6003113 1.144044e+09 6003113
1.454141e-06 1.108788e+09 6003113 1.126073e+09 6003113
1.185401e-06 1.107509e+09 6002113 1.089657e+09 6002113
1.04093e-06 1.080925e+09 6002113 1.100967e+09 6002113
7.062144e-07 1.128196e+09 6003114 1.110924e+09 6003113
1.047854e-06 1.118017e+09 6002113 1.077609e+09 6002113
1.024372e-06 1.119118e+09 6002113 1.109239e+09 6002113
1.037429e-06 1.100369e+09 6002113 1.106879e+09 6002113
1.040672e-06 1.086388e+09 6002113 1.110433e+09 6002113
8.834799e-07 1.089711e+09 6002114 1.109479e+09 6002113
1.053975e-06 1.100174e+09 6002113 1.090806e+09 6002113
1.826819e-06 1.108955e+09 6003113 1.115816e+09 6003113
1.229273e-06 1.080686e+09 6003113 1.104143e+09 6003113
1.181292e-06 1.046548e+09 6002113 1.112229e+09 6002113
1.202064e-06 1.091146e+09 6002114 1.107613e+09 6002113
1.076143e-06 1.142848e+09 6003114 1.099007e+09 6003113
1.203966e-06 1.106434e+09 6002113 1.109006e+09 6002113
1.721196e-07 1.109298e+09 6002113 1.095905e+09 6002113
1.529643e-06 1.111547e+09 6002113 1.09985e+09 6002113
1.222198e-06 1.099847e+09 6002113 1.071117e+09 6002113
2.463428e-07 1.105268e+09 6003113 1.091366e+09 6003113
1.826819e-06 1.089055e+09 6002113 1.084178e+09 6002113
3.796541e-07 1.085884e+09 6002114 1.104905e+09 6002113
1.040672e-06 1.107823e+09 6003113 1.099425e+09 6003113
1.090693e-06 1.081821e+09 6002113 1.095525e+09 6002113
