1.787412e-06 1.078638e+09 6002113 1.097151e+09 6002113
1.890684e-06 1.104238e+09 6003114 1.09659e+09 6003113
3.236416e-06 1.092751e+09 6002114 1.09309e+09 6002113
2.765883e-06 1.115888e+09 6003114 1.09011e+09 6003113
3.751104e-06 1.113949e+09 6003113 1.085701e+09 6003113
2.920016e-06 1.086689e+09 6003114 1.094147e+09 6003113
2.786788e-06 1.102808e+09 6003113 1.0749e+09 6003113
3.162566e-06 1.067796e+09 6002113 1.099484e+09 6002113
2.765883e-06 1.079858e+09 6003114 1.099909e+09 6003113
3.218178e-06 1.100884e+09 6003114 1.09835e+09 6003113
2.365261e-06 1.077723e+09 6002113 1.087368e+09 6002113
2.959579e-06 1.115732e+09 6003113 1.092841e+09 6003113
3.223271e-06 1.097543e+09 6002113 1.092154e+09 6002113
2.870111e-06 1.101577e+09 6002113 1.092618e+09 6002113
2.138226e-06 1.129654e+09 6003113 1.09214e+09 6003113
2.956933e-06 1.095575e+09 6003113 1.105091e+09 6003113
2.805327e-06 1.089065e+09 6002114 1.09589e+09 6002113
2.765883e-06 1.085445e+09 6002114 1.088146e+09 6002113
6.595114e-07 1.09462e+09 6003114 1.086872e+09 6003113
3.751104e-06 1.112584e+09 6003113 1.091375e+09 6003113
1.787412e-06 1.095749e+09 6002113 1.075939e+09 6002113
