1.811741e-06 1.099762e+09 6002113 1.073926e+09 6002113
2.760767e-06 1.096165e+09 6002113 1.085655e+09 6002113
2.895145e-06 1.034762e+09 6002113 1.100335e+09 6002113
3.730493e-06 1.090931e+09 6002113 1.050709e+09 6002113
3.239526e-06 1.104021e+09 6003113 1.097698e+09 6003113
4.227447e-06 1.101347e+09 6003113 1.116208e+09 6003113
1.14824e-06 1.098115e+09 6002113 1.085117e+09 6002113
3.000502e-06 1.093982e+09 6002113 1.097602e+09 6002113
3.101283e-06 1.102032e+09 6003113 1.11686e+09 6003113
3.028608e-06 1.104726e+09 6003113 1.105287e+09 6003113
1.14824e-06 1.099077e+09 6003113 1.130231e+09 6003113
2.669769e-06 1.128202e+09 6003113 1.097788e+09 6003113
2.669769e-06 1.128202e+09 6003113 1.097788e+09 6003113
3.100071e-08 1.093999e+09 6002113 1.115177e+09 6002113
1.811741e-06 1.097614e+09 6003113 1.105933e+09 6003113
1.086896e-06 1.104388e+09 6003113 1.113634e+09 6003113
2.656167e-08 1.103214e+09 6003113 1.109346e+09 6003113
2.898238e-06 1.102437e+09 6003113 1.120857e+09 6003113
1.722295e-06 1.101958e+09 6003113 1.126075e+09 6003113
2.88149e-06 1.099318e+09 6002113 1.07268e+09 6002113
3.594482e-06 1.098907e+09 6003113 1.104174e+09 6003113
3.669204e-06 1.096415e+09 6003113 1.123043e+09 6003113
6.567901e-07 1.053063e+09 6002113 1.097028e+09 6002113
1.540817e-06 1.121114e+09 6003113 1.098261e+09 6003113
2.048948e-06 1.103304e+09 6003113 1.102643e+09 6003113
2.048948e-06 1.103304e+09 6003113 1.102643e+09 6003113
1.276566e-07 1.121158e+09 6003113 1.112829e+09 6003113
