3.119638e-06 1.020001e+09 6001113 1.058349e+09 6001113
2.951949e-06 1.054877e+09 6001113 1.057354e+09 6001113
2.746097e-06 1.032778e+09 6001113 1.057502e+09 6001113
2.746097e-06 1.032778e+09 6001113 1.057502e+09 6001113
1.364793e-06 1.036167e+09 6002113 1.055172e+09 6002113
3.287396e-06 1.100627e+09 6002113 1.058276e+09 6002113
2.896965e-06 1.05927e+09 6001113 1.077029e+09 6001113
7.2218e-07 1.062017e+09 6002113 1.101299e+09 6002113
1.937246e-06 1.069102e+09 6001113 1.068182e+09 6001113
6.567901e-07 1.080917e+09 6002113 1.065241e+09 6002113
6.567901e-07 1.080917e+09 6002113 1.065241e+09 6002113
3.330819e-06 1.069427e+09 6001113 1.066217e+09 6001113
3.330819e-06 1.069427e+09 6001113 1.066217e+09 6001113
2.641389e-06 1.094736e+09 6003113 1.078668e+09 6003113
1.700542e-06 1.050651e+09 6001113 1.058576e+09 6001113
1.364793e-06 1.049817e+09 6001113 1.055524e+09 6001113
2.743484e-06 1.11807e+09 6003113 1.09174e+09 6003113
2.760767e-06 1.064456e+09 6001113 1.051841e+09 6001113
2.760767e-06 1.064456e+09 6001113 1.051841e+09 6001113
2.898238e-06 1.073025e+09 6001113 1.043371e+09 6001113
2.641389e-06 1.086485e+09 6002113 1.049635e+09 6002113
3.028608e-06 1.057565e+09 6001113 1.059872e+09 6001113
3.028608e-06 1.057565e+09 6001113 1.059872e+09 6001113
3.079964e-06 1.042656e+09 6001113 1.042353e+09 6001113
2.876004e-06 1.05912e+09 6001113 1.048163e+09 6001113
2.641389e-06 1.038183e+09 6002113 1.086685e+09 6002113
1.593299e-06 1.049944e+09 6001113 1.047079e+09 6001113
3.139308e-07 1.043941e+09 6001113 1.050095e+09 6001113
3.007006e-06 1.089791e+09 6002113 1.08596e+09 6002113
2.876004e-06 1.062101e+09 6001113 1.045883e+09 6001113
1.937246e-06 1.022264e+09 6002113 1.092802e+09 6002113
3.04106e-06 1.092537e+09 6002113 1.071878e+09 6002113
2.743484e-06 1.05741e+09 6001113 1.069905e+09 6001113
2.780985e-06 1.052633e+09 6001113 1.017042e+09 6001113
1.94143e-06 1.082671e+09 6002113 1.085154e+09 6002113
3.730493e-06 1.088953e+09 6002113 1.073234e+09 6002113
3.730493e-06 1.088953e+09 6002113 1.073234e+09 6002113
2.641389e-06 1.099107e+09 6002113 1.09327e+09 6002113
3.196386e-06 1.0747e+09 6002113 1.077676e+09 6002113
3.214688e-06 1.056229e+09 6001113 1.06024e+09 6001113
2.83347e-06 1.066076e+09 6001113 1.057109e+09 6001113
2.688194e-06 1.051736e+09 6001113 1.042285e+09 6001113
3.109858e-06 1.082163e+09 6001113 1.03835e+09 6001113
2.896965e-06 1.072296e+09 6002113 1.088794e+09 6002113
2.669769e-06 1.059152e+09 6001113 1.066711e+09 6001113
2.866514e-06 1.051451e+09 6001113 1.065823e+09 6001113
2.652001e-06 1.059735e+09 6001113 1.047561e+09 6001113
3.17295e-06 1.093792e+09 6002113 1.07726e+09 6002113
1.467116e-06 1.085298e+09 6002113 1.055873e+09 6002113
3.791719e-06 1.058979e+09 6002113 1.080243e+09 6002113
3.079964e-06 1.098044e+09 6002113 1.082065e+09 6002113
2.743484e-06 1.140986e+09 6003113 1.090268e+09 6003113
3.104463e-06 1.050262e+09 6002113 1.043539e+09 6002113
2.898238e-06 1.086762e+09 6002113 1.078634e+09 6002113
2.629476e-06 1.038462e+09 6001113 1.02955e+09 6001113
6.159601e-08 1.041562e+09 6001113 1.061749e+09 6001113
2.739134e-06 1.075131e+09 6001113 1.039517e+09 6001113
2.276319e-06 1.084047e+09 6002113 1.070034e+09 6002113
3.04106e-06 1.118691e+09 6003113 1.099162e+09 6003113
2.836006e-06 1.054335e+09 6001113 1.066725e+09 6001113
2.629476e-06 1.026072e+09 6001113 1.056838e+09 6001113
3.100071e-08 1.06545e+09 6001113 1.060341e+09 6001113
2.994244e-06 1.085519e+09 6003113 1.077979e+09 6003113
2.994244e-06 1.085519e+09 6003113 1.077979e+09 6003113
2.670429e-06 1.059408e+09 6001113 1.054232e+09 6001113
1.828279e-06 1.086345e+09 6002113 1.097312e+09 6002113
2.627951e-06 1.070774e+09 6002113 1.093751e+09 6002113
2.669769e-06 1.057256e+09 6002113 1.089453e+09 6002113
2.652001e-06 1.095683e+09 6002113 1.075813e+09 6002113
2.798094e-06 1.049747e+09 6001113 1.054392e+09 6001113
3.13244e-06 1.076295e+09 6002113 1.099461e+09 6002113
3.104463e-06 1.076649e+09 6003113 1.086441e+09 6003113
2.994244e-06 1.065574e+09 6002113 1.090915e+09 6002113
2.750273e-06 1.085512e+09 6003113 1.113711e+09 6003113
3.287396e-06 1.053946e+09 6001113 1.035336e+09 6001113
2.703313e-06 1.059585e+09 6002113 1.067705e+09 6002113
8.199551e-07 1.08644e+09 6001113 1.041043e+09 6001113
1.267332e-06 1.122754e+09 6003113 1.091064e+09 6003113
6.567901e-07 1.093067e+09 6003113 1.064611e+09 6003113
2.163098e-06 1.097557e+09 6002113 1.057767e+09 6002113
2.1682e-06 1.092744e+09 6002113 1.092001e+09 6002113
5.308077e-08 1.043819e+09 6001113 1.053102e+09 6001113
3.214688e-06 1.048806e+09 6001113 1.049822e+09 6001113
2.495108e-06 1.057633e+09 6002113 1.089666e+09 6002113
3.287396e-06 1.082212e+09 6002113 1.058451e+09 6002113
3.153609e-06 1.074076e+09 6002113 1.077012e+09 6002113
4.352816e-06 1.062025e+09 6002113 1.097712e+09 6002113
1.058509e-06 1.06916e+09 6001113 1.071432e+09 6001113
2.661448e-06 1.056598e+09 6001113 1.062799e+09 6001113
2.733229e-06 1.062426e+09 6001113 1.059283e+09 6001113
2.951949e-06 1.063005e+09 6001113 1.058697e+09 6001113
2.83347e-06 1.133505e+09 6003113 1.059165e+09 6003113
3.287396e-06 1.059776e+09 6001113 1.05169e+09 6001113
3.019444e-06 1.068278e+09 6001113 1.024314e+09 6001113
2.994244e-06 1.103163e+09 6002113 1.068093e+09 6002113
3.014703e-06 1.106246e+09 6002113 1.08429e+09 6002113
3.109858e-06 1.063135e+09 6001113 1.053131e+09 6001113
3.109858e-06 1.063135e+09 6001113 1.053131e+09 6001113
2.641389e-06 1.092596e+09 6003113 1.119818e+09 6003113
2.670429e-06 1.043119e+09 6001113 1.049311e+09 6001113
2.866514e-06 1.091079e+09 6002113 1.069805e+09 6002113
3.287396e-06 1.011317e+09 6001113 1.061355e+09 6001113
1.464326e-06 1.050201e+09 6001113 1.074006e+09 6001113
2.750273e-06 1.065169e+09 6001113 1.062785e+09 6001113
2.750273e-06 1.065169e+09 6001113 1.062785e+09 6001113
3.104463e-06 1.041516e+09 6002113 1.073967e+09 6002113
3.104463e-06 1.041516e+09 6002113 1.073967e+09 6002113
2.099736e-08 1.084259e+09 6002113 1.093347e+09 6002113
2.896965e-06 1.091701e+09 6002113 1.070331e+09 6002113
2.629476e-06 1.072038e+09 6002113 1.088383e+09 6002113
3.019128e-06 1.065933e+09 6001113 1.037424e+09 6001113
2.627951e-06 1.04582e+09 6001113 1.042746e+09 6001113
3.730493e-06 1.044977e+09 6001113 1.065806e+09 6001113
3.730493e-06 1.044977e+09 6001113 1.065806e+09 6001113
2.629476e-06 1.056454e+09 6001113 1.058145e+09 6001113
2.652001e-06 1.100292e+09 6002113 1.090771e+09 6002113
2.739134e-06 1.055661e+09 6002113 1.063062e+09 6002113
2.650397e-06 1.081122e+09 6002113 1.083692e+09 6002113
3.239526e-06 1.058916e+09 6001113 1.050371e+09 6001113
2.629476e-06 1.067685e+09 6001113 1.046639e+09 6001113
3.000502e-06 1.023707e+09 6001113 1.070161e+09 6001113
2.890279e-06 1.056679e+09 6001113 1.062229e+09 6001113
2.733229e-06 1.067033e+09 6001113 1.05224e+09 6001113
2.650397e-06 1.074018e+09 6003113 1.105014e+09 6003113
2.495108e-06 1.053012e+09 6001113 1.074004e+09 6001113
2.669769e-06 1.100782e+09 6003113 1.081975e+09 6003113
2.994244e-06 1.090998e+09 6002113 1.076525e+09 6002113
2.1682e-06 1.080057e+09 6002113 1.072218e+09 6002113
2.919503e-06 1.035894e+09 6001113 1.037201e+09 6001113
2.919503e-06 1.035894e+09 6001113 1.037201e+09 6001113
3.083807e-06 1.039062e+09 6001113 1.066628e+09 6001113
2.997096e-06 1.102691e+09 6003113 1.085047e+09 6003113
3.144905e-06 1.069685e+09 6001113 1.060734e+09 6001113
3.134236e-06 1.078557e+09 6002113 1.079574e+09 6002113
2.895145e-06 1.064526e+09 6001113 1.03603e+09 6001113
2.895145e-06 1.064526e+09 6001113 1.03603e+09 6001113
3.239526e-06 1.036864e+09 6001113 1.057089e+09 6001113
2.919503e-06 1.091762e+09 6002113 1.087725e+09 6002113
2.662582e-06 1.076284e+09 6001113 1.039001e+09 6001113
2.703895e-06 1.057968e+09 6001113 1.047026e+09 6001113
2.313737e-07 1.056254e+09 6001113 1.060788e+09 6001113
3.007006e-06 1.061092e+09 6002113 1.099466e+09 6002113
7.924855e-07 1.064846e+09 6001113 1.039133e+09 6001113
2.994244e-06 1.058388e+09 6001113 1.070755e+09 6001113
2.703895e-06 1.058137e+09 6002113 1.090395e+09 6002113
3.13244e-06 1.072893e+09 6001113 1.037066e+09 6001113
2.898238e-06 1.074896e+09 6001113 1.044247e+09 6001113
1.267332e-06 1.04619e+09 6001113 1.034785e+09 6001113
1.267332e-06 1.04619e+09 6001113 1.034785e+09 6001113
3.239526e-06 1.087217e+09 6002113 1.072686e+09 6002113
2.733229e-06 1.086757e+09 6002113 1.065154e+09 6002113
2.733229e-06 1.086757e+09 6002113 1.065154e+09 6002113
3.851474e-06 1.090764e+09 6002113 1.051357e+09 6002113
2.798094e-06 1.029073e+09 6001113 1.059308e+09 6001113
2.743484e-06 1.082796e+09 6002113 1.050152e+09 6002113
3.287396e-06 1.047891e+09 6001113 1.013124e+09 6001113
3.173551e-06 1.051661e+09 6001113 1.065785e+09 6001113
3.173551e-06 1.051661e+09 6001113 1.065785e+09 6001113
2.866514e-06 1.069519e+09 6002113 1.021719e+09 6002113
1.937246e-06 1.086252e+09 6002113 1.091432e+09 6002113
2.641389e-06 1.037452e+09 6001113 1.05109e+09 6001113
2.652001e-06 1.094633e+09 6002113 1.067077e+09 6002113
1.174715e-06 1.062975e+09 6001113 1.041252e+09 6001113
3.13546e-06 1.033382e+09 6001113 1.044342e+09 6001113
2.483718e-06 1.070916e+09 6001113 1.034438e+09 6001113
1.14824e-06 1.060918e+09 6001113 1.065112e+09 6001113
3.669204e-06 1.042028e+09 6001113 1.075184e+09 6001113
3.669204e-06 1.07693e+09 6002113 1.068866e+09 6002113
3.730493e-06 1.067296e+09 6001113 1.047417e+09 6001113
3.730493e-06 1.067296e+09 6001113 1.047417e+09 6001113
2.670429e-06 1.075443e+09 6002113 1.044658e+09 6002113
2.746863e-06 1.074064e+09 6002113 1.08758e+09 6002113
2.760767e-06 1.02703e+09 6001113 1.044268e+09 6001113
3.13546e-06 1.06565e+09 6001113 1.068313e+09 6001113
2.746863e-06 1.076619e+09 6002113 1.048681e+09 6002113
2.746863e-06 1.076619e+09 6002113 1.048681e+09 6002113
1.593299e-06 1.084571e+09 6002113 1.093567e+09 6002113
2.919503e-06 1.035376e+09 6001113 1.040058e+09 6001113
2.919503e-06 1.035376e+09 6001113 1.040058e+09 6001113
4.227447e-06 1.054335e+09 6002113 1.083103e+09 6002113
1.467116e-06 1.058352e+09 6001113 1.058477e+09 6001113
3.223569e-06 1.031207e+09 6001113 1.04932e+09 6001113
3.007006e-06 1.09233e+09 6003113 1.123679e+09 6003113
3.239526e-06 1.059398e+09 6001113 1.067302e+09 6001113
2.583727e-06 1.055411e+09 6001113 1.059347e+09 6001113
3.669204e-06 1.086868e+09 6002113 1.092286e+09 6002113
3.92864e-08 1.069109e+09 6002113 1.073481e+09 6002113
2.746863e-06 1.055834e+09 6001113 1.051206e+09 6001113
3.167089e-06 1.030308e+09 6001113 1.03498e+09 6001113
5.961076e-07 1.085911e+09 6002113 1.082713e+09 6002113
4.637558e-07 1.065803e+09 6001113 1.070431e+09 6001113
4.637558e-07 1.065803e+09 6001113 1.070431e+09 6001113
2.760767e-06 1.057879e+09 6001113 1.058806e+09 6001113
2.760767e-06 1.057879e+09 6001113 1.058806e+09 6001113
7.924855e-07 1.058761e+09 6002113 1.074728e+09 6002113
3.239526e-06 1.060455e+09 6001113 1.062752e+09 6001113
4.023149e-06 1.057461e+09 6001113 1.066202e+09 6001113
2.866514e-06 1.049593e+09 6001113 1.068308e+09 6001113
8.6791e-07 1.061295e+09 6001113 1.063193e+09 6001113
2.163098e-06 1.063831e+09 6001113 1.050558e+09 6001113
1.593299e-06 1.09057e+09 6002113 1.058393e+09 6002113
5.152327e-07 1.026792e+09 6001113 1.027176e+09 6001113
3.083807e-06 1.035948e+09 6001113 1.060895e+09 6001113
3.019128e-06 1.074339e+09 6002113 1.091931e+09 6002113
3.17295e-06 1.076448e+09 6002113 1.091267e+09 6002113
2.703895e-06 1.0645e+09 6001113 1.040675e+09 6001113
5.961076e-07 1.085419e+09 6002113 1.062943e+09 6002113
2.898238e-06 1.019712e+09 6001113 1.028973e+09 6001113
3.851474e-06 1.039431e+09 6002113 1.040038e+09 6002113
2.495108e-06 1.076578e+09 6001113 1.049815e+09 6001113
3.000502e-06 1.071574e+09 6002113 1.05706e+09 6002113
2.760767e-06 1.044539e+09 6001113 1.059979e+09 6001113
3.101283e-06 1.071715e+09 6003113 1.115992e+09 6003113
4.085018e-06 1.044864e+09 6001113 1.052352e+09 6001113
1.391178e-06 1.059454e+09 6001113 1.024638e+09 6001113
2.959355e-07 1.063199e+09 6001113 1.06444e+09 6001113
6.159601e-08 1.05862e+09 6001113 1.057377e+09 6001113
1.477317e-06 1.102823e+09 6002113 1.076472e+09 6002113
1.426939e-08 1.070761e+09 6001113 1.052369e+09 6001113
2.385408e-06 1.062067e+09 6001113 1.054665e+09 6001113
1.906118e-07 1.058171e+09 6001113 1.034517e+09 6001113
1.906118e-07 1.058171e+09 6001113 1.034517e+09 6001113
2.836006e-06 1.07331e+09 6002113 1.053862e+09 6002113
2.994244e-06 1.062475e+09 6001113 1.057818e+09 6001113
3.196386e-06 1.08441e+09 6003113 1.123784e+09 6003113
2.703895e-06 1.061939e+09 6002113 1.090633e+09 6002113
1.593299e-06 1.064516e+09 6001113 1.055829e+09 6001113
2.798094e-06 1.097961e+09 6002113 1.087587e+09 6002113
2.896965e-06 1.04619e+09 6001113 1.022552e+09 6001113
3.61539e-08 1.096239e+09 6002113 1.082548e+09 6002113
3.083807e-06 1.080599e+09 6002113 1.084865e+09 6002113
5.961076e-07 1.031177e+09 6001113 1.050382e+09 6001113
2.670429e-06 1.054513e+09 6001113 1.043622e+09 6001113
3.134236e-06 1.056784e+09 6001113 1.036925e+09 6001113
3.028608e-06 1.046654e+09 6001113 1.061011e+09 6001113
3.028608e-06 1.046654e+09 6001113 1.061011e+09 6001113
2.38325e-06 1.018993e+09 6001113 1.061446e+09 6001113
2.876004e-06 1.084211e+09 6002113 1.086746e+09 6002113
5.961076e-07 1.052962e+09 6001113 1.041558e+09 6001113
1.828279e-06 1.071544e+09 6003113 1.102121e+09 6003113
2.896965e-06 1.057057e+09 6001113 1.049917e+09 6001113
1.238583e-06 1.009609e+09 6001113 1.069148e+09 6001113
3.13244e-06 1.06877e+09 6001113 1.066869e+09 6001113
2.743484e-06 1.040033e+09 6001113 1.062229e+09 6001113
3.128066e-06 1.075437e+09 6001113 1.05928e+09 6001113
2.994244e-06 1.054699e+09 6001113 1.069289e+09 6001113
2.061398e-06 1.025499e+09 6001113 1.059038e+09 6001113
2.652001e-06 1.096578e+09 6002113 1.074969e+09 6002113
1.467116e-06 1.084767e+09 6002113 1.078843e+09 6002113
3.04106e-06 1.062625e+09 6001113 1.054962e+09 6001113
2.652001e-06 1.087058e+09 6003113 1.113435e+09 6003113
2.061398e-06 1.036765e+09 6002113 1.055697e+09 6002113
1.794601e-07 1.075612e+09 6001113 1.039251e+09 6001113
3.028608e-06 1.052608e+09 6001113 1.068521e+09 6001113
2.733229e-06 1.072195e+09 6001113 1.056986e+09 6001113
2.652001e-06 1.06241e+09 6001113 1.051881e+09 6001113
2.641389e-06 1.037346e+09 6001113 1.044714e+09 6001113
3.079964e-06 1.045555e+09 6001113 1.07802e+09 6001113
3.072245e-06 1.073879e+09 6002113 1.083365e+09 6002113
2.061398e-06 1.082593e+09 6003113 1.07269e+09 6003113
3.079964e-06 1.060664e+09 6001113 1.05268e+09 6001113
3.079964e-06 1.060664e+09 6001113 1.05268e+09 6001113
2.895145e-06 1.10805e+09 6002113 1.07475e+09 6002113
2.896965e-06 1.085834e+09 6002113 1.084886e+09 6002113
2.890279e-06 1.095546e+09 6002113 1.078148e+09 6002113
3.330819e-06 1.051997e+09 6001113 1.052088e+09 6001113
2.627951e-06 1.079913e+09 6001113 1.046909e+09 6001113
1.700542e-06 1.088547e+09 6002113 1.092611e+09 6002113
3.101283e-06 1.117322e+09 6003113 1.05931e+09 6003113
1.391178e-06 1.047083e+09 6001113 1.056212e+09 6001113
3.19131e-06 1.079138e+09 6002113 1.078494e+09 6002113
3.19131e-06 1.079138e+09 6002113 1.078494e+09 6002113
4.352816e-06 1.045072e+09 6001113 1.056107e+09 6001113
2.739134e-06 1.034385e+09 6001113 1.057349e+09 6001113
2.798094e-06 1.075859e+09 6002113 1.089022e+09 6002113
3.13244e-06 1.068066e+09 6001113 1.035126e+09 6001113
3.000502e-06 1.054083e+09 6001113 1.042013e+09 6001113
7.2218e-07 1.054161e+09 6001113 1.051651e+09 6001113
2.890279e-06 1.090746e+09 6002113 1.061082e+09 6002113
1.461704e-07 1.06781e+09 6001113 1.047175e+09 6001113
2.83347e-06 1.078172e+09 6001113 1.066039e+09 6001113
2.760767e-06 1.073789e+09 6002113 1.093587e+09 6002113
2.652001e-06 1.052138e+09 6001113 1.060291e+09 6001113
1.364793e-06 1.041765e+09 6001113 1.044391e+09 6001113
3.167089e-06 1.05791e+09 6001113 1.010878e+09 6001113
3.019444e-06 1.070305e+09 6001113 1.035603e+09 6001113
4.023149e-06 1.057275e+09 6001113 1.077518e+09 6001113
3.19244e-06 1.075558e+09 6001113 1.030575e+09 6001113
3.596355e-06 1.027827e+09 6001113 1.072233e+09 6001113
2.994244e-06 1.106198e+09 6002113 1.072459e+09 6002113
2.1682e-06 1.04825e+09 6001113 1.040569e+09 6001113
4.171338e-06 1.076143e+09 6003113 1.108321e+09 6003113
2.743484e-06 1.082587e+09 6002113 1.093819e+09 6002113
2.866514e-06 1.092112e+09 6002113 1.061695e+09 6002113
3.239526e-06 1.097758e+09 6002113 1.093925e+09 6002113
1.828279e-06 1.045499e+09 6001113 1.061932e+09 6001113
3.143307e-06 1.083522e+09 6002113 1.092425e+09 6002113
2.876004e-06 1.066884e+09 6001113 1.047593e+09 6001113
2.688194e-06 1.0689e+09 6001113 1.061013e+09 6001113
2.883827e-06 1.065466e+09 6002113 1.075844e+09 6002113
3.019444e-06 1.065533e+09 6001113 1.065351e+09 6001113
2.670429e-06 1.069731e+09 6001113 1.052225e+09 6001113
4.085018e-06 1.096428e+09 6002113 1.094378e+09 6002113
3.079964e-06 1.079395e+09 6002113 1.089585e+09 6002113
3.101283e-06 1.053675e+09 6001113 1.057207e+09 6001113
2.048948e-06 1.065603e+09 6001113 1.075389e+09 6001113
3.134236e-06 1.060493e+09 6001113 1.06494e+09 6001113
1.238583e-06 1.082428e+09 6002113 1.088184e+09 6002113
2.38325e-06 1.080718e+09 6002113 1.086508e+09 6002113
7.139011e-08 1.037447e+09 6001113 1.0509e+09 6001113
1.058509e-06 1.06052e+09 6001113 1.059923e+09 6001113
3.19244e-06 1.062776e+09 6001113 9.843546e+08 6001113
2.641389e-06 1.067215e+09 6001113 1.066311e+09 6001113
1.981159e-06 1.090121e+09 6002113 1.08313e+09 6002113
2.88149e-06 1.057596e+09 6001113 1.062753e+09 6001113
3.143307e-06 1.084629e+09 6002113 1.086653e+09 6002113
3.239526e-06 1.061894e+09 6002113 1.077254e+09 6002113
3.104463e-06 1.072974e+09 6001113 1.03504e+09 6001113
3.730493e-06 1.06934e+09 6002113 1.08152e+09 6002113
3.214688e-06 1.046756e+09 6001113 1.020823e+09 6001113
2.733229e-06 1.06205e+09 6001113 1.051752e+09 6001113
2.790132e-07 1.072075e+09 6001113 1.043907e+09 6001113
3.153609e-06 1.092882e+09 6002113 1.075485e+09 6002113
2.670429e-06 1.03515e+09 6001113 1.07142e+09 6001113
7.2218e-07 1.0899e+09 6003113 1.10458e+09 6003113
1.238583e-06 1.058316e+09 6001113 1.063239e+09 6001113
2.669769e-06 1.065653e+09 6001113 1.062509e+09 6001113
3.167089e-06 1.052886e+09 6001113 1.069784e+09 6001113
3.000502e-06 1.082076e+09 6002113 1.087918e+09 6002113
3.17295e-06 1.044842e+09 6001113 1.067855e+09 6001113
2.661448e-06 1.061895e+09 6001113 1.055753e+09 6001113
1.490145e-06 1.07378e+09 6002113 1.075559e+09 6002113
2.746097e-06 1.032272e+09 6001113 1.044402e+09 6001113
3.196386e-06 1.083548e+09 6002113 1.079947e+09 6002113
3.196386e-06 1.083548e+09 6002113 1.079947e+09 6002113
2.919503e-06 1.126237e+09 6003113 1.087597e+09 6003113
2.883827e-06 1.119767e+09 6003113 1.059115e+09 6003113
3.119638e-06 1.050549e+09 6002113 1.084587e+09 6002113
3.119638e-06 1.050549e+09 6002113 1.084587e+09 6002113
1.828279e-06 1.081141e+09 6002113 1.085135e+09 6002113
2.661448e-06 1.040873e+09 6001113 1.06877e+09 6001113
2.866514e-06 1.043257e+09 6001113 1.01993e+09 6001113
6.159601e-08 1.060305e+09 6001113 1.045037e+09 6001113
4.352816e-06 1.069038e+09 6001113 1.044304e+09 6001113
1.490145e-06 1.079003e+09 6003113 1.103114e+09 6003113
2.746863e-06 1.06703e+09 6001113 1.067927e+09 6001113
2.760767e-06 1.108114e+09 6002113 1.066009e+09 6002113
2.626909e-09 1.066724e+09 6001113 1.034462e+09 6001113
2.743484e-06 1.040943e+09 6001113 1.074803e+09 6001113
2.997096e-06 1.053054e+09 6002113 1.068796e+09 6002113
3.019444e-06 1.055832e+09 6001113 1.069355e+09 6001113
2.760767e-06 1.075595e+09 6002113 1.092026e+09 6002113
3.088688e-06 1.069679e+09 6001113 1.059094e+09 6001113
3.028608e-06 1.06617e+09 6002113 1.101768e+09 6002113
3.13546e-06 1.056178e+09 6001113 1.023892e+09 6001113
6.567901e-07 1.013524e+09 6001113 1.071531e+09 6001113
6.567901e-07 1.013524e+09 6001113 1.071531e+09 6001113
3.119638e-06 1.04937e+09 6001113 1.076003e+09 6001113
2.798094e-06 1.046768e+09 6001113 1.048649e+09 6001113
2.798094e-06 1.046768e+09 6001113 1.048649e+09 6001113
3.083807e-06 1.047028e+09 6001113 1.047318e+09 6001113
1.490145e-06 1.054976e+09 6001113 1.04149e+09 6001113
5.961076e-07 1.02712e+09 6001113 1.061851e+09 6001113
5.152327e-07 1.077361e+09 6002113 1.084036e+09 6002113
2.895145e-06 1.046996e+09 6001113 1.025611e+09 6001113
2.627951e-06 1.094394e+09 6003113 1.099888e+09 6003113
1.238583e-06 1.028468e+09 6001113 1.059425e+09 6001113
3.104463e-06 1.058637e+09 6001113 1.050143e+09 6001113
2.951949e-06 1.041622e+09 6001113 1.059303e+09 6001113
2.836006e-06 1.101722e+09 6002113 1.071963e+09 6002113
1.593299e-06 1.038995e+09 6002113 1.077079e+09 6002113
2.746863e-06 1.07462e+09 6002113 1.094152e+09 6002113
3.04106e-06 1.082467e+09 6002113 1.08329e+09 6002113
3.730493e-06 1.04549e+09 6001113 1.049043e+09 6001113
9.947192e-07 1.061e+09 6002113 1.077892e+09 6002113
2.898238e-06 1.047823e+09 6001113 1.066761e+09 6001113
1.043e-06 1.073426e+09 6002113 1.057623e+09 6002113
2.743484e-06 1.046862e+09 6001113 1.061409e+09 6001113
2.951949e-06 1.066869e+09 6001113 1.04964e+09 6001113
2.746863e-06 1.056524e+09 6001113 1.066168e+09 6001113
1.267332e-06 1.077202e+09 6002113 1.058399e+09 6002113
2.883827e-06 1.072667e+09 6001113 1.058073e+09 6001113
4.352816e-06 1.075426e+09 6002113 1.082963e+09 6002113
4.352816e-06 1.075426e+09 6002113 1.082963e+09 6002113
2.627951e-06 1.018034e+09 6001113 1.041378e+09 6001113
2.750273e-06 1.057217e+09 6001113 1.051902e+09 6001113
2.750273e-06 1.057217e+09 6001113 1.051902e+09 6001113
2.583727e-06 1.063866e+09 6002113 1.09978e+09 6002113
1.593299e-06 1.057743e+09 6003113 1.112427e+09 6003113
3.083807e-06 1.048431e+09 6001113 1.045762e+09 6001113
2.790132e-07 1.038133e+09 6001113 1.050569e+09 6001113
1.364793e-06 1.050556e+09 6001113 1.021184e+09 6001113
2.798094e-06 1.053185e+09 6001113 1.0517e+09 6001113
1.058509e-06 1.066509e+09 6001113 1.065528e+09 6001113
2.652001e-06 1.056377e+09 6001113 1.063613e+09 6001113
2.276319e-06 1.040435e+09 6001113 1.051939e+09 6001113
2.670429e-06 1.07869e+09 6002113 1.08226e+09 6002113
3.223569e-06 1.033063e+09 6001113 1.032334e+09 6001113
2.876004e-06 1.091909e+09 6002113 1.069203e+09 6002113
2.746097e-06 1.074921e+09 6001113 1.013269e+09 6001113
3.019128e-06 1.059048e+09 6001113 1.053679e+09 6001113
3.019128e-06 1.059048e+09 6001113 1.053679e+09 6001113
2.688194e-06 1.052638e+09 6001113 1.06277e+09 6001113
2.760767e-06 1.03266e+09 6001113 1.030983e+09 6001113
2.760767e-06 1.03266e+09 6001113 1.030983e+09 6001113
2.83347e-06 1.048362e+09 6001113 1.050123e+09 6001113
3.04106e-06 1.077178e+09 6002113 1.077667e+09 6002113
2.919503e-06 1.044774e+09 6001113 1.051959e+09 6001113
2.919503e-06 1.044774e+09 6001113 1.051959e+09 6001113
3.167089e-06 1.049924e+09 6001113 1.061099e+09 6001113
3.072245e-06 1.050952e+09 6001113 1.047294e+09 6001113
3.072245e-06 1.050952e+09 6001113 1.047294e+09 6001113
2.703895e-06 1.053319e+09 6001113 1.056284e+09 6001113
2.652001e-06 1.088499e+09 6002113 1.079058e+09 6002113
3.167089e-06 1.080053e+09 6002113 1.078236e+09 6002113
3.173551e-06 1.024596e+09 6001113 1.064608e+09 6001113
1.795047e-08 1.043033e+09 6002113 1.114887e+09 6002113
3.61539e-08 1.061265e+09 6002113 1.076193e+09 6002113
7.2218e-07 1.061371e+09 6001113 1.073946e+09 6001113
5.152327e-07 1.089761e+09 6002113 1.069229e+09 6002113
5.152327e-07 1.089761e+09 6002113 1.069229e+09 6002113
5.152327e-07 1.089761e+09 6002113 1.069229e+09 6002113
4.439036e-06 1.102792e+09 6002113 1.078896e+09 6002113
1.981159e-06 1.118363e+09 6003113 1.090895e+09 6003113
2.790132e-07 1.024469e+09 6001113 1.084224e+09 6001113
2.669769e-06 1.069068e+09 6001113 1.072985e+09 6001113
2.669769e-06 1.069068e+09 6001113 1.072985e+09 6001113
2.746863e-06 1.061784e+09 6001113 1.059866e+09 6001113
3.019444e-06 1.062271e+09 6002113 1.08639e+09 6002113
2.703895e-06 1.091082e+09 6002113 1.093006e+09 6002113
2.83347e-06 1.092125e+09 6002113 1.070093e+09 6002113
2.760767e-06 1.048826e+09 6001113 1.059454e+09 6001113
4.171338e-06 1.048232e+09 6001113 1.061054e+09 6001113
3.104463e-06 1.048578e+09 6001113 1.08377e+09 6001113
3.119638e-06 1.054709e+09 6001113 1.060498e+09 6001113
1.364793e-06 1.036254e+09 6001113 1.051323e+09 6001113
2.88149e-06 1.008062e+09 6002113 1.075753e+09 6002113
2.750273e-06 1.100483e+09 6003113 1.052193e+09 6003113
1.364793e-06 1.083132e+09 6002113 1.078855e+09 6002113
3.851474e-06 1.036404e+09 6001113 1.057035e+09 6001113
3.030518e-06 1.080049e+09 6002113 1.069404e+09 6002113
2.38325e-06 1.07849e+09 6002113 1.098166e+09 6002113
4.085018e-06 1.067673e+09 6001113 1.04219e+09 6001113
2.703313e-06 1.073848e+09 6002113 1.102028e+09 6002113
3.214688e-06 1.048995e+09 6001113 1.018343e+09 6001113
2.061398e-06 1.054009e+09 6001113 1.044381e+09 6001113
2.896965e-06 1.094407e+09 6002113 1.091229e+09 6002113
1.058509e-06 1.065669e+09 6001113 1.032719e+09 6001113
3.019128e-06 1.076769e+09 6002113 1.077302e+09 6002113
2.746097e-06 1.083296e+09 6002113 1.072154e+09 6002113
2.866514e-06 1.083952e+09 6002113 1.100135e+09 6002113
3.000502e-06 1.065684e+09 6002113 1.077145e+09 6002113
3.019444e-06 1.065233e+09 6001113 1.049488e+09 6001113
3.019444e-06 1.065233e+09 6001113 1.049488e+09 6001113
2.276319e-06 1.054716e+09 6001113 1.043727e+09 6001113
2.746863e-06 1.08036e+09 6001113 1.065575e+09 6001113
2.896965e-06 1.036176e+09 6001113 1.071064e+09 6001113
2.724356e-06 1.114864e+09 6003113 1.088026e+09 6003113
3.000502e-06 1.085552e+09 6002113 1.091771e+09 6002113
3.000502e-06 1.085552e+09 6002113 1.091771e+09 6002113
2.670429e-06 1.076078e+09 6001113 1.027805e+09 6001113
3.019128e-06 1.054271e+09 6001113 1.048763e+09 6001113
2.1682e-06 1.073864e+09 6002113 1.086603e+09 6002113
2.1682e-06 1.073864e+09 6002113 1.086603e+09 6002113
2.997096e-06 1.081468e+09 6002113 1.090377e+09 6002113
2.780985e-06 1.023571e+09 6002113 1.054503e+09 6002113
3.287396e-06 1.045511e+09 6001113 1.057266e+09 6001113
3.144905e-06 1.052332e+09 6002113 1.07466e+09 6002113
3.144905e-06 1.052332e+09 6002113 1.07466e+09 6002113
1.14824e-06 1.079044e+09 6002113 1.083835e+09 6002113
2.432807e-06 1.05475e+09 6001113 1.071137e+09 6001113
2.048948e-06 1.062582e+09 6001113 1.064035e+09 6001113
3.119638e-06 1.080915e+09 6002113 1.064321e+09 6002113
3.079964e-06 1.082735e+09 6002113 1.077894e+09 6002113
3.173551e-06 1.058228e+09 6001113 1.078502e+09 6001113
2.669769e-06 1.13442e+09 6003113 1.074234e+09 6003113
2.743484e-06 1.076504e+09 6002113 1.094969e+09 6002113
1.112952e-07 1.065374e+09 6001113 1.040669e+09 6001113
3.109858e-06 1.093509e+09 6002113 1.040274e+09 6002113
2.669769e-06 1.069176e+09 6001113 1.038383e+09 6001113
2.88149e-06 1.099819e+09 6002113 1.0768e+09 6002113
2.780985e-06 1.108356e+09 6002113 1.087228e+09 6002113
3.239526e-06 1.086121e+09 6002113 1.090703e+09 6002113
2.385408e-06 1.068687e+09 6001113 1.062475e+09 6001113
3.524802e-07 1.048095e+09 6002113 1.105648e+09 6002113
2.994244e-06 1.046852e+09 6001113 1.058381e+09 6001113
2.83347e-06 1.10052e+09 6002113 1.062841e+09 6002113
3.791719e-06 1.069725e+09 6002113 1.081567e+09 6002113
2.703895e-06 1.096272e+09 6002113 1.066041e+09 6002113
3.173551e-06 1.059379e+09 6001113 1.079717e+09 6001113
2.760767e-06 1.047088e+09 6001113 1.065516e+09 6001113
2.760767e-06 1.047088e+09 6001113 1.065516e+09 6001113
2.746863e-06 1.074116e+09 6002113 1.067075e+09 6002113
2.266503e-06 1.06668e+09 6001113 1.065533e+09 6001113
3.019128e-06 1.086908e+09 6002113 1.089848e+09 6002113
2.746863e-06 1.05804e+09 6001113 1.028285e+09 6001113
4.165421e-07 1.058558e+09 6001113 1.048247e+09 6001113
3.104463e-06 1.057289e+09 6001113 1.025744e+09 6001113
4.439036e-06 1.080449e+09 6002113 1.091594e+09 6002113
2.876004e-06 1.04363e+09 6001113 1.049153e+09 6001113
2.890279e-06 1.077103e+09 6002113 1.082581e+09 6002113
3.666067e-06 1.069534e+09 6001113 1.06635e+09 6001113
2.798094e-06 1.065401e+09 6001113 1.059639e+09 6001113
2.798094e-06 1.065401e+09 6001113 1.059639e+09 6001113
2.180224e-06 1.118228e+09 6003113 1.097166e+09 6003113
3.104463e-06 1.101301e+09 6002113 1.087834e+09 6002113
2.048948e-06 1.067647e+09 6001113 1.042774e+09 6001113
4.085018e-06 1.039668e+09 6001113 1.05589e+09 6001113
2.733229e-06 1.041964e+09 6001113 1.053621e+09 6001113
2.180224e-06 1.049117e+09 6001113 1.072472e+09 6001113
2.733229e-06 1.040186e+09 6001113 1.037429e+09 6001113
2.650397e-06 1.014461e+09 6001113 1.059711e+09 6001113
5.152327e-07 1.08146e+09 6002113 1.085979e+09 6002113
2.83347e-06 1.060066e+09 6002113 1.092049e+09 6002113
3.019444e-06 1.041354e+09 6002113 1.096515e+09 6002113
3.028608e-06 1.040985e+09 6001113 1.059359e+09 6001113
2.670429e-06 1.063026e+09 6001113 1.03198e+09 6001113
2.790132e-07 1.063166e+09 6001113 1.061691e+09 6001113
2.746863e-06 1.078308e+09 6002113 1.080995e+09 6002113
3.214688e-06 1.059323e+09 6001113 1.073873e+09 6001113
3.330819e-06 1.089864e+09 6003113 1.090807e+09 6003113
2.746097e-06 1.074688e+09 6001113 1.034656e+09 6001113
3.128066e-06 1.071525e+09 6001113 1.06095e+09 6001113
1.593299e-06 1.078107e+09 6002113 1.078918e+09 6002113
2.385408e-06 1.046338e+09 6001113 1.058889e+09 6001113
1.811741e-06 1.043938e+09 6001113 1.060992e+09 6001113
1.811741e-06 1.043938e+09 6001113 1.060992e+09 6001113
2.746863e-06 1.048739e+09 6001113 1.050079e+09 6001113
1.174715e-06 1.09168e+09 6002113 1.061208e+09 6002113
1.700542e-06 1.071939e+09 6002113 1.058386e+09 6002113
2.836006e-06 1.083609e+09 6002113 1.074714e+09 6002113
2.746863e-06 1.039793e+09 6001113 1.042277e+09 6001113
2.896965e-06 1.050577e+09 6001113 1.060351e+09 6001113
3.104463e-06 1.048753e+09 6001113 1.049488e+09 6001113
3.104463e-06 1.048753e+09 6001113 1.049488e+09 6001113
2.896965e-06 1.021426e+09 6002113 1.077551e+09 6002113
3.167089e-06 1.050422e+09 6001113 1.048453e+09 6001113
2.83347e-06 1.077092e+09 6001113 1.062367e+09 6001113
3.007006e-06 1.037736e+09 6001113 1.051027e+09 6001113
3.214688e-06 1.088552e+09 6002113 1.075749e+09 6002113
2.048948e-06 1.0413e+09 6001113 1.041314e+09 6001113
2.661448e-06 1.066983e+09 6001113 1.045655e+09 6001113
2.661448e-06 1.066983e+09 6001113 1.045655e+09 6001113
3.730493e-06 1.042124e+09 6001113 1.058089e+09 6001113
2.703313e-06 1.045682e+09 6001113 1.057486e+09 6001113
5.961076e-07 1.034161e+09 6001113 1.068354e+09 6001113
2.83347e-06 1.054538e+09 6001113 1.050717e+09 6001113
6.319744e-07 1.067153e+09 6001113 1.066641e+09 6001113
2.896965e-06 1.022424e+09 6001113 1.043356e+09 6001113
2.652001e-06 1.055309e+09 6002113 1.09937e+09 6002113
3.13546e-06 1.10342e+09 6003113 1.073886e+09 6003113
1.670714e-07 1.080795e+09 6002113 1.04371e+09 6002113
3.083807e-06 1.0583e+09 6002113 1.088162e+09 6002113
2.994244e-06 1.057257e+09 6001113 1.067902e+09 6001113
2.746863e-06 1.066614e+09 6001113 1.0555e+09 6001113
2.790132e-07 1.034428e+09 6001113 1.069601e+09 6001113
2.790132e-07 1.034428e+09 6001113 1.069601e+09 6001113
3.19244e-06 1.055409e+09 6001113 1.062466e+09 6001113
3.19244e-06 1.055409e+09 6001113 1.062466e+09 6001113
1.391178e-06 1.090952e+09 6002113 1.082051e+09 6002113
2.743484e-06 1.100144e+09 6002113 1.078651e+09 6002113
3.083807e-06 1.017419e+09 6001113 1.053868e+09 6001113
2.780985e-06 1.073224e+09 6002113 1.104698e+09 6002113
3.167089e-06 1.129634e+09 6003113 1.086827e+09 6003113
2.746863e-06 1.008924e+09 6002113 1.078703e+09 6002113
3.851474e-06 1.040521e+09 6001113 1.050825e+09 6001113
8.720943e-07 1.076883e+09 6002113 1.086414e+09 6002113
2.163098e-06 1.042226e+09 6001113 1.050221e+09 6001113
8.199551e-07 1.08397e+09 6003113 1.110474e+09 6003113
2.866514e-06 1.026366e+09 6001113 1.06236e+09 6001113
3.791719e-06 1.066968e+09 6001113 1.083976e+09 6001113
4.352816e-06 1.070899e+09 6001113 1.052773e+09 6001113
4.352816e-06 1.070899e+09 6001113 1.052773e+09 6001113
1.467116e-06 1.067177e+09 6002113 1.087301e+09 6002113
3.095787e-06 1.091753e+09 6003113 1.102368e+09 6003113
4.439036e-06 1.076585e+09 6001113 1.069258e+09 6001113
2.739134e-06 1.023954e+09 6001113 1.07747e+09 6001113
2.670429e-06 1.062323e+09 6001113 1.019486e+09 6001113
1.467116e-06 1.058363e+09 6001113 1.033689e+09 6001113
2.746097e-06 1.077218e+09 6002113 1.098066e+09 6002113
2.385408e-06 1.051854e+09 6001113 1.082714e+09 6001113
2.88149e-06 1.05418e+09 6001113 1.041351e+09 6001113
2.432807e-06 1.08673e+09 6002113 1.059758e+09 6002113
3.19244e-06 1.040732e+09 6001113 1.07634e+09 6001113
2.876004e-06 1.060063e+09 6001113 1.02814e+09 6001113
3.088688e-06 1.080059e+09 6001113 1.063174e+09 6001113
3.167089e-06 1.050578e+09 6001113 1.077758e+09 6001113
2.048948e-06 1.084335e+09 6002113 1.083704e+09 6002113
2.866514e-06 1.094861e+09 6002113 1.088727e+09 6002113
3.167089e-06 1.029112e+09 6001113 1.075742e+09 6001113
2.866514e-06 1.07067e+09 6001113 1.062706e+09 6001113
5.712219e-07 1.074288e+09 6002113 1.090136e+09 6002113
7.924855e-07 1.089071e+09 6002113 1.093409e+09 6002113
1.391178e-06 1.098755e+09 6002113 1.065428e+09 6002113
2.746863e-06 1.096389e+09 6002113 1.066018e+09 6002113
3.173551e-06 1.082121e+09 6002113 1.08263e+09 6002113
2.743484e-06 1.065713e+09 6002113 1.083464e+09 6002113
1.267332e-06 1.05288e+09 6001113 1.066139e+09 6001113
2.750273e-06 1.02608e+09 6001113 1.060382e+09 6001113
2.627951e-06 1.04914e+09 6001113 1.073462e+09 6001113
2.627951e-06 1.04914e+09 6001113 1.073462e+09 6001113
1.593299e-06 1.084795e+09 6002113 1.052083e+09 6002113
1.593299e-06 1.084795e+09 6002113 1.052083e+09 6002113
2.483718e-06 1.073986e+09 6002113 1.059872e+09 6002113
2.483718e-06 1.073986e+09 6002113 1.059872e+09 6002113
3.214688e-06 1.060083e+09 6002113 1.080895e+09 6002113
3.214688e-06 1.060083e+09 6002113 1.080895e+09 6002113
2.688194e-06 1.070167e+09 6002113 1.039348e+09 6002113
1.364793e-06 1.070721e+09 6001113 1.049687e+09 6001113
3.666067e-06 1.061994e+09 6002113 1.076041e+09 6002113
3.167089e-06 1.095656e+09 6002113 1.090013e+09 6002113
3.13546e-06 1.084587e+09 6002113 1.089507e+09 6002113
2.836006e-06 1.048386e+09 6001113 1.06051e+09 6001113
2.627951e-06 1.065965e+09 6001113 1.064626e+09 6001113
1.276566e-07 1.049907e+09 6002113 1.0598e+09 6002113
2.883827e-06 1.066412e+09 6001113 1.059421e+09 6001113
1.981159e-06 1.057827e+09 6001113 1.047313e+09 6001113
3.223569e-06 1.067768e+09 6002113 1.076642e+09 6002113
2.898238e-06 1.057094e+09 6001113 1.066415e+09 6001113
2.583727e-06 1.086885e+09 6002113 1.08122e+09 6002113
1.712781e-06 1.017662e+09 6001113 1.060137e+09 6001113
2.688194e-06 1.046876e+09 6002113 1.058575e+09 6002113
3.119638e-06 1.061027e+09 6001113 1.050241e+09 6001113
2.88149e-06 1.082898e+09 6002113 1.058827e+09 6002113
2.68293e-06 1.0345e+09 6001113 1.058089e+09 6001113
2.896965e-06 1.058799e+09 6001113 1.025718e+09 6001113
3.134236e-06 1.071123e+09 6002113 1.09012e+09 6002113
2.898238e-06 1.05456e+09 6001113 1.058007e+09 6001113
2.1682e-06 1.042024e+09 6001113 1.049995e+09 6001113
2.1682e-06 1.042024e+09 6001113 1.049995e+09 6001113
2.739134e-06 1.085063e+09 6003113 1.102557e+09 6003113
3.019128e-06 1.087402e+09 6002113 1.072165e+09 6002113
3.095787e-06 1.032605e+09 6001113 1.074277e+09 6001113
3.214688e-06 1.067393e+09 6001113 1.040855e+09 6001113
2.895145e-06 1.068876e+09 6001113 1.045583e+09 6001113
3.128066e-06 1.063603e+09 6001113 1.041682e+09 6001113
1.174715e-06 1.087589e+09 6002113 1.103925e+09 6002113
2.688194e-06 1.055141e+09 6001113 1.064586e+09 6001113
2.883827e-06 1.08483e+09 6002113 1.054947e+09 6002113
5.712219e-07 1.057115e+09 6001113 1.048232e+09 6001113
2.688194e-06 1.06792e+09 6001113 1.028237e+09 6001113
3.083807e-06 1.082561e+09 6002113 1.079164e+09 6002113
2.629476e-06 1.073758e+09 6002113 1.071724e+09 6002113
2.629476e-06 1.073758e+09 6002113 1.071724e+09 6002113
2.780985e-06 1.087801e+09 6003113 1.118324e+09 6003113
3.153609e-06 1.06096e+09 6001113 1.069587e+09 6001113
3.887792e-06 1.066731e+09 6001113 1.052868e+09 6001113
1.364793e-06 1.095284e+09 6002113 1.068606e+09 6002113
3.104463e-06 1.083213e+09 6003113 1.049206e+09 6003113
3.109858e-06 1.063567e+09 6001113 1.026081e+09 6001113
1.700542e-06 1.05852e+09 6001113 1.072618e+09 6001113
3.079964e-06 1.056236e+09 6001113 1.069662e+09 6001113
3.594482e-06 1.04256e+09 6001113 1.044553e+09 6001113
2.743484e-06 1.102059e+09 6002113 1.06709e+09 6002113
2.627951e-06 1.052479e+09 6001113 1.059197e+09 6001113
2.703895e-06 1.0559e+09 6001113 1.077621e+09 6001113
3.101283e-06 1.059105e+09 6001113 1.044333e+09 6001113
3.019128e-06 1.059873e+09 6003113 1.066608e+09 6003113
3.095787e-06 1.075546e+09 6002113 1.084199e+09 6002113
3.095787e-06 1.087131e+09 6002113 1.081917e+09 6002113
2.733229e-06 1.06782e+09 6003113 1.099704e+09 6003113
2.38325e-06 1.074033e+09 6001113 1.059284e+09 6001113
3.791719e-06 1.120384e+09 6003113 1.06239e+09 6003113
3.214688e-06 1.050861e+09 6002113 1.09166e+09 6002113
2.483718e-06 1.068883e+09 6001113 1.048395e+09 6001113
2.266503e-06 1.037738e+09 6001113 1.073169e+09 6001113
1.937246e-06 1.066157e+09 6002113 1.090855e+09 6002113
1.391178e-06 1.08268e+09 6002113 1.034578e+09 6002113
6.319744e-07 1.031789e+09 6001113 1.067136e+09 6001113
2.669769e-06 1.057695e+09 6001113 1.05439e+09 6001113
3.101283e-06 1.043941e+09 6001113 1.01717e+09 6001113
2.650397e-06 1.093469e+09 6002113 1.063583e+09 6002113
3.083807e-06 1.068864e+09 6001113 1.043223e+09 6001113
3.143307e-06 1.10033e+09 6002113 1.068069e+09 6002113
2.688194e-06 1.049899e+09 6001113 1.067032e+09 6001113
2.688194e-06 1.049899e+09 6001113 1.067032e+09 6001113
2.385408e-06 1.062355e+09 6001113 1.058265e+09 6001113
2.746097e-06 1.057929e+09 6002113 1.082768e+09 6002113
2.583727e-06 1.054874e+09 6001113 1.054315e+09 6001113
1.267332e-06 1.055332e+09 6001113 1.03471e+09 6001113
1.267332e-06 1.055332e+09 6001113 1.03471e+09 6001113
2.652001e-06 1.071305e+09 6002113 1.081506e+09 6002113
2.724356e-06 1.055684e+09 6002113 1.070931e+09 6002113
2.724356e-06 1.055684e+09 6002113 1.070931e+09 6002113
3.072245e-06 1.044185e+09 6001113 1.049984e+09 6001113
2.652001e-06 1.055277e+09 6001113 1.038864e+09 6001113
3.524802e-07 1.076674e+09 6002113 1.075465e+09 6002113
3.083807e-06 1.073e+09 6002113 1.081298e+09 6002113
1.276566e-07 1.046104e+09 6001113 1.036691e+09 6001113
3.924186e-06 1.066363e+09 6002113 1.074247e+09 6002113
2.669769e-06 1.082624e+09 6002113 1.090874e+09 6002113
2.739134e-06 1.106662e+09 6003113 1.076619e+09 6003113
1.14824e-06 1.099352e+09 6003113 1.057539e+09 6003113
2.703895e-06 1.032367e+09 6001113 1.065973e+09 6001113
8.720943e-07 1.059305e+09 6001113 1.050297e+09 6001113
3.014703e-06 1.080925e+09 6003113 1.113746e+09 6003113
2.898238e-06 1.067478e+09 6001113 1.049915e+09 6001113
2.670429e-06 1.096399e+09 6002113 1.093666e+09 6002113
1.700542e-06 1.071588e+09 6002113 1.077865e+09 6002113
3.019128e-06 1.050864e+09 6001113 1.060964e+09 6001113
3.019128e-06 1.050864e+09 6001113 1.060964e+09 6001113
2.836006e-06 1.044419e+09 6001113 1.058531e+09 6001113
2.790132e-07 1.082733e+09 6002113 1.090609e+09 6002113
3.669204e-06 1.033634e+09 6001113 1.046594e+09 6001113
3.014703e-06 1.064791e+09 6001113 1.06815e+09 6001113
1.540817e-06 1.045436e+09 6001113 1.036076e+09 6001113
1.540817e-06 1.045436e+09 6001113 1.036076e+09 6001113
2.780985e-06 1.076285e+09 6002113 1.09941e+09 6002113
2.919503e-06 1.080814e+09 6001113 1.018503e+09 6001113
7.598009e-09 1.055201e+09 6001113 1.059758e+09 6001113
7.598009e-09 1.055201e+09 6001113 1.059758e+09 6001113
3.173551e-06 1.04345e+09 6001113 1.053672e+09 6001113
3.13244e-06 1.058684e+09 6001113 1.042661e+09 6001113
2.483718e-06 1.058708e+09 6001113 1.066684e+09 6001113
2.483718e-06 1.058708e+09 6001113 1.066684e+09 6001113
8.945053e-07 1.065717e+09 6001113 1.070182e+09 6001113
3.143307e-06 1.070671e+09 6001113 1.051045e+09 6001113
7.2218e-07 1.058389e+09 6001113 1.026053e+09 6001113
7.2218e-07 1.058389e+09 6001113 1.026053e+09 6001113
2.743484e-06 1.07122e+09 6001113 1.039768e+09 6001113
2.743484e-06 1.07122e+09 6001113 1.039768e+09 6001113
3.134236e-06 1.069205e+09 6001113 1.047189e+09 6001113
2.883827e-06 1.061123e+09 6001113 1.0685e+09 6001113
3.128066e-06 1.100985e+09 6002113 1.057209e+09 6002113
2.790132e-07 1.059846e+09 6001113 1.027159e+09 6001113
2.890279e-06 1.06364e+09 6002113 1.091938e+09 6002113
2.746863e-06 1.041286e+09 6002113 1.040838e+09 6002113
2.670429e-06 1.080248e+09 6002113 1.094375e+09 6002113
4.171338e-06 1.080353e+09 6002113 1.076722e+09 6002113
2.1682e-06 1.042797e+09 6001113 1.066279e+09 6001113
2.619361e-07 1.058715e+09 6001113 1.052044e+09 6001113
2.619361e-07 1.058715e+09 6001113 1.052044e+09 6001113
2.746097e-06 1.058518e+09 6001113 1.04835e+09 6001113
1.267332e-06 1.057214e+09 6001113 1.063284e+09 6001113
2.661448e-06 1.074274e+09 6003113 1.097144e+09 6003113
2.495108e-06 1.083411e+09 6002113 1.094216e+09 6002113
1.700542e-06 1.059184e+09 6001113 1.023864e+09 6001113
2.746097e-06 1.063325e+09 6001113 1.053992e+09 6001113
2.997096e-06 1.084983e+09 6003113 1.120829e+09 6003113
3.109858e-06 1.052303e+09 6001113 1.0087e+09 6001113
3.924186e-06 1.05995e+09 6001113 1.068594e+09 6001113
1.906118e-07 1.044268e+09 6001113 1.060503e+09 6001113
2.048948e-06 1.079784e+09 6003113 1.096681e+09 6003113
2.703895e-06 1.084461e+09 6002113 1.099582e+09 6002113
8.945053e-07 1.078499e+09 6003113 1.117841e+09 6003113
2.739134e-06 1.062843e+09 6001113 1.070561e+09 6001113
2.739134e-06 1.062843e+09 6001113 1.070561e+09 6001113
3.030518e-06 1.100143e+09 6002113 1.079859e+09 6002113
2.994244e-06 1.107344e+09 6003113 1.076227e+09 6003113
2.750273e-06 1.040464e+09 6001113 1.068112e+09 6001113
3.088688e-06 1.065264e+09 6001113 1.057982e+09 6001113
2.688194e-06 1.057932e+09 6001113 1.063508e+09 6001113
2.385408e-06 1.065427e+09 6002113 1.070755e+09 6002113
3.287396e-06 1.089547e+09 6003113 1.12832e+09 6003113
3.17295e-06 1.054888e+09 6001113 1.066731e+09 6001113
2.661448e-06 1.050339e+09 6002113 1.082826e+09 6002113
3.223569e-06 1.077785e+09 6002113 1.063384e+09 6002113
2.896965e-06 1.081041e+09 6002113 1.080808e+09 6002113
1.490145e-06 1.067476e+09 6001113 1.039219e+09 6001113
2.750273e-06 1.068524e+09 6002113 1.085774e+09 6002113
3.19244e-06 1.123741e+09 6003113 1.077214e+09 6003113
1.722295e-06 1.088283e+09 6002113 1.074269e+09 6002113
2.583727e-06 1.052395e+09 6001113 1.072896e+09 6001113
2.641389e-06 1.086464e+09 6002113 1.076826e+09 6002113
4.569021e-08 1.032774e+09 6001113 1.050863e+09 6001113
2.652001e-06 1.08402e+09 6003113 1.106431e+09 6003113
2.670429e-06 1.063319e+09 6001113 1.069022e+09 6001113
3.119638e-06 1.064243e+09 6002113 1.080267e+09 6002113
4.637558e-07 1.094228e+09 6002113 1.101963e+09 6002113
4.415602e-07 1.08558e+09 6002113 1.084435e+09 6002113
6.689657e-08 1.041284e+09 6001113 1.061703e+09 6001113
3.594482e-06 1.073067e+09 6002113 1.094943e+09 6002113
1.276566e-07 1.083215e+09 6002113 1.097574e+09 6002113
2.703313e-06 1.060007e+09 6001113 1.068798e+09 6001113
2.739134e-06 1.107832e+09 6003113 1.069765e+09 6003113
1.722295e-06 1.054951e+09 6001113 1.056435e+09 6001113
2.385408e-06 1.0408e+09 6001113 1.066594e+09 6001113
1.058509e-06 1.082572e+09 6002113 1.090167e+09 6002113
3.173551e-06 1.073265e+09 6001113 1.058499e+09 6001113
2.746863e-06 1.05855e+09 6002113 1.083199e+09 6002113
2.896965e-06 1.060634e+09 6001113 1.059217e+09 6001113
2.88149e-06 1.070579e+09 6001113 1.059011e+09 6001113
2.88149e-06 1.070579e+09 6001113 1.059011e+09 6001113
2.895145e-06 1.089037e+09 6002113 1.064436e+09 6002113
2.896965e-06 1.047431e+09 6001113 1.057824e+09 6001113
2.746863e-06 1.057996e+09 6001113 1.058401e+09 6001113
2.495108e-06 1.056754e+09 6001113 1.07863e+09 6001113
3.109858e-06 1.043592e+09 6001113 1.041533e+09 6001113
2.432807e-06 1.066652e+09 6002113 1.085397e+09 6002113
4.569021e-08 1.08774e+09 6002113 1.078078e+09 6002113
2.83347e-06 1.092028e+09 6002113 1.076562e+09 6002113
2.629476e-06 1.071304e+09 6001113 1.045665e+09 6001113
2.650397e-06 1.072536e+09 6001113 1.059568e+09 6001113
2.583727e-06 1.104031e+09 6002113 1.045147e+09 6002113
2.994244e-06 1.059528e+09 6001113 1.040922e+09 6001113
2.994244e-06 1.059528e+09 6001113 1.040922e+09 6001113
4.68657e-06 1.049408e+09 6002113 1.090729e+09 6002113
3.007006e-06 1.078595e+09 6002113 1.024692e+09 6002113
3.730493e-06 1.079696e+09 6002113 1.073938e+09 6002113
2.83347e-06 1.043319e+09 6001113 1.063078e+09 6001113
3.083807e-06 1.032015e+09 6001113 1.055599e+09 6001113
3.143307e-06 1.06707e+09 6001113 1.063966e+09 6001113
2.760767e-06 1.047263e+09 6001113 1.058385e+09 6001113
2.760767e-06 1.047263e+09 6001113 1.058385e+09 6001113
2.866514e-06 1.067651e+09 6001113 1.040423e+09 6001113
2.739134e-06 1.070821e+09 6002113 1.085393e+09 6002113
2.951949e-06 1.069422e+09 6002113 1.083643e+09 6002113
1.94143e-06 1.018714e+09 6001113 1.04937e+09 6001113
3.144905e-06 1.088954e+09 6002113 1.07637e+09 6002113
2.83347e-06 1.066072e+09 6002113 1.074788e+09 6002113
2.83347e-06 1.052739e+09 6001113 1.008175e+09 6001113
3.13546e-06 1.066718e+09 6002113 1.090826e+09 6002113
2.733229e-06 1.041606e+09 6001113 1.059635e+09 6001113
2.739134e-06 1.10241e+09 6003113 1.084902e+09 6003113
2.780985e-06 1.093565e+09 6002113 1.084841e+09 6002113
2.641389e-06 1.057486e+09 6001113 1.0341e+09 6001113
2.641389e-06 1.057486e+09 6001113 1.0341e+09 6001113
3.104463e-06 1.062683e+09 6001113 1.073023e+09 6001113
3.104463e-06 1.062683e+09 6001113 1.073023e+09 6001113
3.887792e-06 1.100048e+09 6002113 1.069062e+09 6002113
3.019128e-06 1.058581e+09 6001113 1.075324e+09 6001113
4.463194e-06 1.050404e+09 6001113 1.035932e+09 6001113
1.670714e-07 1.057529e+09 6001113 1.062248e+09 6001113
1.670714e-07 1.057529e+09 6001113 1.062248e+09 6001113
2.876004e-06 1.083676e+09 6002113 1.07457e+09 6002113
3.128066e-06 1.078829e+09 6002113 1.084371e+09 6002113
1.593299e-06 1.066478e+09 6001113 1.051949e+09 6001113
3.095787e-06 1.09242e+09 6002113 1.085494e+09 6002113
2.650397e-06 1.076487e+09 6002113 1.096902e+09 6002113
3.143307e-06 1.072194e+09 6001113 1.019887e+09 6001113
2.048948e-06 1.054378e+09 6001113 1.051002e+09 6001113
1.828279e-06 1.050194e+09 6002113 1.058545e+09 6002113
3.104463e-06 1.072971e+09 6001113 1.063238e+09 6001113
3.17295e-06 1.08271e+09 6002113 1.075415e+09 6002113
3.101283e-06 1.085104e+09 6002113 1.064853e+09 6002113
3.101283e-06 1.085104e+09 6002113 1.064853e+09 6002113
1.794601e-07 1.047004e+09 6001113 1.044534e+09 6001113
3.214688e-06 1.076147e+09 6001113 1.049873e+09 6001113
3.101283e-06 1.044842e+09 6001113 1.061632e+09 6001113
2.38325e-06 1.059054e+09 6002113 1.09062e+09 6002113
2.739134e-06 1.052903e+09 6001113 1.054691e+09 6001113
3.104463e-06 1.054138e+09 6001113 1.054974e+09 6001113
3.167089e-06 1.084493e+09 6002113 1.07846e+09 6002113
2.641389e-06 1.063638e+09 6001113 1.054571e+09 6001113
2.739134e-06 1.053984e+09 6001113 1.074662e+09 6001113
2.739134e-06 1.053984e+09 6001113 1.074662e+09 6001113
3.028608e-06 1.069301e+09 6001113 1.048967e+09 6001113
6.567901e-07 1.053063e+09 6002113 1.097028e+09 6002113
3.596355e-06 1.066898e+09 6001113 1.064805e+09 6001113
2.641389e-06 1.067105e+09 6001113 1.082779e+09 6001113
3.072245e-06 1.09338e+09 6002113 1.080684e+09 6002113
1.593299e-06 1.074897e+09 6001113 1.041658e+09 6001113
2.883827e-06 1.121865e+09 6003113 1.088248e+09 6003113
3.079964e-06 1.026486e+09 6001113 1.047271e+09 6001113
3.128066e-06 1.056199e+09 6001113 1.051002e+09 6001113
2.890279e-06 1.060707e+09 6002113 1.086774e+09 6002113
2.266503e-06 1.025957e+09 6001113 1.075307e+09 6001113
3.669204e-06 1.073835e+09 6001113 1.045425e+09 6001113
3.524802e-07 1.073872e+09 6002113 1.078162e+09 6002113
2.746863e-06 1.075524e+09 6002113 1.081008e+09 6002113
2.898238e-06 1.10829e+09 6002113 1.087238e+09 6002113
2.483718e-06 1.052812e+09 6003113 1.099767e+09 6003113
8.199551e-07 1.077109e+09 6002113 1.063237e+09 6002113
3.17295e-06 1.049154e+09 6001113 1.049088e+09 6001113
2.739134e-06 1.078198e+09 6002113 1.066617e+09 6002113
3.072245e-06 1.082432e+09 6002113 1.083336e+09 6002113
2.83347e-06 1.035227e+09 6001113 1.049463e+09 6001113
3.019444e-06 1.067902e+09 6001113 1.047787e+09 6001113
2.1682e-06 1.058239e+09 6002113 1.091339e+09 6002113
2.483718e-06 1.041055e+09 6001113 1.0805e+09 6001113
2.629476e-06 1.087867e+09 6002113 1.078031e+09 6002113
3.014703e-06 1.058148e+09 6002113 1.091917e+09 6002113
2.641389e-06 1.089869e+09 6002113 1.065747e+09 6002113
3.095787e-06 1.035823e+09 6001113 1.045797e+09 6001113
3.095787e-06 1.035823e+09 6001113 1.045797e+09 6001113
3.287396e-06 1.070554e+09 6003113 1.128863e+09 6003113
2.670429e-06 1.055433e+09 6001113 1.067085e+09 6001113
2.641389e-06 1.060978e+09 6001113 1.053692e+09 6001113
2.061398e-06 1.062056e+09 6002113 1.066526e+09 6002113
2.061398e-06 1.062056e+09 6002113 1.066526e+09 6002113
9.739748e-07 1.095221e+09 6002113 1.082406e+09 6002113
2.039701e-07 1.050821e+09 6001113 1.013028e+09 6001113
4.165421e-07 1.090758e+09 6002113 1.042639e+09 6002113
2.746097e-06 1.065278e+09 6001113 1.053336e+09 6001113
3.924186e-06 1.064551e+09 6002113 1.046214e+09 6002113
3.173551e-06 1.091122e+09 6002113 1.108214e+09 6002113
4.352816e-06 1.057172e+09 6001113 1.053214e+09 6001113
7.732833e-08 1.06969e+09 6002113 1.091126e+09 6002113
9.739748e-07 1.086615e+09 6002113 1.074697e+09 6002113
3.153609e-06 1.061041e+09 6001113 1.056822e+09 6001113
2.733229e-06 1.063229e+09 6001113 1.051945e+09 6001113
3.143307e-06 1.068263e+09 6001113 1.067227e+09 6001113
2.641389e-06 1.126944e+09 6003113 1.085958e+09 6003113
3.223569e-06 1.03692e+09 6001113 1.041711e+09 6001113
2.83347e-06 1.045065e+09 6001113 1.044814e+09 6001113
2.483718e-06 1.095823e+09 6002113 1.105175e+09 6002113
3.014703e-06 1.097279e+09 6002113 1.088664e+09 6002113
2.919503e-06 1.090964e+09 6002113 1.060279e+09 6002113
2.919503e-06 1.090964e+09 6002113 1.060279e+09 6002113
3.214688e-06 1.083577e+09 6002113 1.078702e+09 6002113
2.662582e-06 1.053694e+09 6002113 1.07592e+09 6002113
3.095787e-06 1.088551e+09 6002113 1.089101e+09 6002113
2.313737e-07 1.067506e+09 6002113 1.071553e+09 6002113
2.898238e-06 1.045901e+09 6002113 1.076925e+09 6002113
1.467116e-06 1.0594e+09 6001113 1.036634e+09 6001113
2.627951e-06 1.044642e+09 6001113 1.065457e+09 6001113
3.143307e-06 1.043342e+09 6001113 1.069046e+09 6001113
3.167089e-06 1.100638e+09 6002113 1.082273e+09 6002113
4.023149e-06 1.087072e+09 6003113 1.091509e+09 6003113
2.629476e-06 1.060835e+09 6001113 1.055636e+09 6001113
1.267332e-06 1.053739e+09 6001113 1.072025e+09 6001113
1.391178e-06 1.074007e+09 6001113 1.071683e+09 6001113
2.746097e-06 1.061257e+09 6001113 1.047482e+09 6001113
2.88149e-06 1.081628e+09 6002113 1.057e+09 6002113
3.669204e-06 1.076391e+09 6002113 1.091466e+09 6002113
3.007006e-06 1.057231e+09 6001113 1.059599e+09 6001113
2.83347e-06 1.058165e+09 6001113 1.062884e+09 6001113
1.467116e-06 1.049281e+09 6001113 1.069412e+09 6001113
2.876004e-06 1.061881e+09 6001113 1.056042e+09 6001113
1.94143e-06 1.059489e+09 6001113 1.056519e+09 6001113
4.023149e-06 1.053999e+09 6001113 1.041092e+09 6001113
2.669769e-06 1.094772e+09 6002113 1.082546e+09 6002113
3.030518e-06 1.087603e+09 6002113 1.085709e+09 6002113
2.703313e-06 1.092119e+09 6002113 1.061472e+09 6002113
2.629476e-06 1.097055e+09 6002113 1.061087e+09 6002113
1.467116e-06 1.078118e+09 6002113 1.093472e+09 6002113
3.072245e-06 1.067844e+09 6001113 1.024247e+09 6001113
3.072245e-06 1.067844e+09 6001113 1.024247e+09 6001113
2.739134e-06 1.073347e+09 6002113 1.063915e+09 6002113
2.743484e-06 1.08138e+09 6002113 1.089414e+09 6002113
2.483718e-06 1.082781e+09 6002113 1.092473e+09 6002113
7.2218e-07 1.049734e+09 6001113 1.041451e+09 6001113
2.898238e-06 1.094663e+09 6002113 1.074362e+09 6002113
3.167089e-06 1.052736e+09 6001113 1.074479e+09 6001113
5.152327e-07 1.116695e+09 6003113 1.087587e+09 6003113
1.174715e-06 1.058963e+09 6001113 1.059767e+09 6001113
2.652001e-06 1.061919e+09 6001113 1.062716e+09 6001113
2.83347e-06 1.063957e+09 6001113 1.05846e+09 6001113
2.798094e-06 1.058168e+09 6001113 1.068244e+09 6001113
2.83347e-06 1.064926e+09 6002113 1.06393e+09 6002113
1.467116e-06 1.061847e+09 6002113 1.083702e+09 6002113
4.463194e-06 1.032609e+09 6001113 1.051952e+09 6001113
3.924186e-06 1.076374e+09 6003113 1.124975e+09 6003113
1.14824e-06 1.062901e+09 6001113 1.06696e+09 6001113
2.670429e-06 1.057888e+09 6001113 1.066209e+09 6001113
