2.187184e-08 1.103586e+09 6002113 1.088789e+09 6002113
1.397562e-06 1.076363e+09 6001113 1.07726e+09 6001113
1.499495e-06 1.098544e+09 6002113 1.110744e+09 6002113
8.751945e-07 1.085242e+09 6001113 1.0895e+09 6001113
8.751945e-07 1.117988e+09 6002113 1.084812e+09 6002113
1.372196e-06 1.066435e+09 6002113 1.111038e+09 6002113
1.037915e-06 1.042014e+09 6001113 1.087627e+09 6001113
1.497401e-06 1.088465e+09 6001113 1.089998e+09 6001113
1.499495e-06 1.089573e+09 6001113 1.081812e+09 6001113
1.486102e-06 1.111184e+09 6002113 1.105579e+09 6002113
5.496609e-07 1.096292e+09 6001114 1.087459e+09 6001113
2.023673e-06 1.099404e+09 6002113 1.072751e+09 6002113
1.785782e-06 1.098614e+09 6002114 1.100934e+09 6002113
1.274032e-06 1.073643e+09 6002113 1.100344e+09 6002113
1.573672e-06 1.066434e+09 6001113 1.077313e+09 6001113
1.286835e-06 1.076997e+09 6001114 1.075886e+09 6001113
1.387383e-06 1.062627e+09 6002113 1.095485e+09 6002113
1.294072e-06 1.043255e+09 6001114 1.104439e+09 6001113
1.443134e-06 1.082637e+09 6001114 1.090118e+09 6001113
1.164581e-06 1.10659e+09 6003113 1.137847e+09 6003113
1.48458e-06 1.093184e+09 6001113 1.06505e+09 6001113
6.533246e-07 1.081804e+09 6001114 1.091021e+09 6001113
1.194405e-06 1.077173e+09 6001113 1.05935e+09 6001113
1.314919e-06 1.084241e+09 6001114 1.058259e+09 6001113
1.527676e-06 1.06785e+09 6001113 1.090521e+09 6001113
1.499495e-06 1.048651e+09 6001113 1.057951e+09 6001113
1.383572e-06 1.082224e+09 6001113 1.079346e+09 6001113
2.136525e-06 1.090305e+09 6001113 1.082973e+09 6001113
1.499495e-06 1.084917e+09 6001113 1.076446e+09 6001113
1.257996e-06 1.07851e+09 6001113 1.091825e+09 6001113
1.264429e-06 1.07269e+09 6001114 1.082673e+09 6001113
1.519175e-06 1.091644e+09 6001113 1.073765e+09 6001113
6.110902e-08 1.088968e+09 6002114 1.092502e+09 6002113
1.445252e-06 1.113299e+09 6002113 1.108364e+09 6002113
1.550757e-06 1.08426e+09 6001114 1.058282e+09 6001113
1.164581e-06 1.087764e+09 6001113 1.08868e+09 6001113
1.037915e-06 1.054042e+09 6001113 1.092064e+09 6001113
1.481949e-06 1.07993e+09 6001114 1.086393e+09 6001113
1.274574e-06 1.070805e+09 6001113 1.060921e+09 6001113
7.627101e-07 1.091655e+09 6001113 1.07748e+09 6001113
3.793617e-07 1.08343e+09 6001114 1.079086e+09 6001113
8.2446e-07 1.060421e+09 6001113 1.025653e+09 6001113
1.385902e-06 1.100974e+09 6002113 1.067729e+09 6002113
1.314553e-06 1.089106e+09 6001113 1.08952e+09 6001113
4.662403e-07 1.074112e+09 6001114 1.060188e+09 6001113
1.785782e-06 1.076442e+09 6001114 1.080932e+09 6001113
1.268741e-06 1.068922e+09 6001114 1.065736e+09 6001113
6.066701e-07 1.090751e+09 6002113 1.080429e+09 6002113
1.486102e-06 1.107272e+09 6002114 1.084422e+09 6002113
1.294072e-06 1.077782e+09 6002114 1.084019e+09 6002113
1.314553e-06 1.111696e+09 6003114 1.08296e+09 6003113
1.518887e-06 1.073209e+09 6001114 1.074508e+09 6001113
1.258726e-06 1.07254e+09 6001114 1.09202e+09 6001113
1.449791e-06 1.081078e+09 6001114 1.060573e+09 6001113
1.284315e-06 1.067168e+09 6001114 1.073804e+09 6001113
1.387383e-06 1.088252e+09 6001114 1.085358e+09 6001113
1.164581e-06 1.07803e+09 6001113 1.049815e+09 6001113
1.543118e-06 1.052419e+09 6001113 1.068247e+09 6001113
1.286835e-06 1.103384e+09 6002114 1.091241e+09 6002113
1.379365e-06 1.093253e+09 6002113 1.110611e+09 6002113
1.313302e-06 1.087952e+09 6001113 1.081609e+09 6001113
1.387383e-06 1.070098e+09 6001113 1.070002e+09 6001113
1.294351e-06 1.151427e+09 6003113 1.098669e+09 6003113
1.372196e-06 1.070283e+09 6002113 1.098968e+09 6002113
1.439449e-06 1.083531e+09 6002113 1.092711e+09 6002113
1.387383e-06 1.083994e+09 6001114 1.079681e+09 6001113
1.509628e-06 1.08421e+09 6001114 1.100204e+09 6001113
1.478551e-06 1.095586e+09 6001113 1.101799e+09 6001113
6.997155e-08 1.074413e+09 6001114 1.063474e+09 6001113
6.997155e-08 1.083917e+09 6001114 1.06806e+09 6001113
1.387383e-06 1.047332e+09 6001113 1.048799e+09 6001113
1.286835e-06 1.088485e+09 6001113 1.034997e+09 6001113
5.067066e-07 1.076904e+09 6001113 1.076369e+09 6001113
1.387383e-06 1.065746e+09 6002113 1.105282e+09 6002113
1.274032e-06 1.079597e+09 6001114 1.039973e+09 6001113
1.413094e-06 1.118451e+09 6002114 1.084805e+09 6002113
3.925113e-07 1.085084e+09 6001113 1.07939e+09 6001113
1.455751e-06 1.104492e+09 6002114 1.057895e+09 6002113
1.385902e-06 1.050972e+09 6001113 1.069145e+09 6001113
1.476214e-06 1.092912e+09 6002113 1.071351e+09 6002113
5.327687e-08 1.101001e+09 6002113 1.09467e+09 6002113
1.550757e-06 1.121497e+09 6002113 1.058792e+09 6002113
1.730682e-08 1.093791e+09 6001113 1.08703e+09 6001113
1.488685e-06 1.08483e+09 6001113 1.085015e+09 6001113
1.314919e-06 1.100116e+09 6002114 1.100424e+09 6002113
1.314553e-06 1.060417e+09 6001114 1.088595e+09 6001113
1.372196e-06 1.040937e+09 6001113 1.066654e+09 6001113
1.516081e-06 1.0667e+09 6001114 1.029667e+09 6001113
1.476214e-06 1.096055e+09 6002114 1.09054e+09 6002113
1.386773e-06 1.078778e+09 6001113 1.080613e+09 6001113
1.308393e-06 1.081337e+09 6001113 1.090221e+09 6001113
9.867882e-07 1.085334e+09 6001113 1.080401e+09 6001113
1.380484e-06 1.093876e+09 6002114 1.105742e+09 6002113
1.500354e-06 1.071817e+09 6001114 1.071776e+09 6001113
1.314553e-06 1.108364e+09 6002114 1.07767e+09 6002113
1.499495e-06 1.062497e+09 6001113 1.065651e+09 6001113
1.294351e-06 1.086201e+09 6002113 1.08878e+09 6002113
1.284315e-06 1.089921e+09 6001113 1.060621e+09 6001113
2.083687e-06 1.127051e+09 6003113 1.088817e+09 6003113
1.843695e-06 1.091953e+09 6002113 1.097414e+09 6002113
2.046182e-09 1.087847e+09 6001113 1.035488e+09 6001113
3.202329e-08 1.076362e+09 6001113 1.044255e+09 6001113
1.527676e-06 1.08906e+09 6001113 1.086012e+09 6001113
1.509628e-06 1.054251e+09 6001113 1.088806e+09 6001113
2.243455e-06 1.086122e+09 6001113 1.077677e+09 6001113
1.528217e-06 1.067832e+09 6002114 1.09717e+09 6002113
1.519175e-06 1.066391e+09 6001113 1.056867e+09 6001113
1.268741e-06 1.035798e+09 6001113 1.054953e+09 6001113
1.385902e-06 1.088546e+09 6001114 1.072186e+09 6001113
1.43334e-06 1.082622e+09 6002113 1.110769e+09 6002113
1.397562e-06 1.114305e+09 6002114 1.077479e+09 6002113
3.457066e-07 1.007278e+09 6001113 1.070503e+09 6001113
1.449791e-06 1.074702e+09 6001113 1.059441e+09 6001113
1.509628e-06 1.07773e+09 6001113 1.092724e+09 6001113
6.066701e-07 1.124871e+09 6002113 1.08857e+09 6002113
5.929078e-07 1.084234e+09 6001113 1.074536e+09 6001113
9.867882e-07 1.073843e+09 6001114 1.066436e+09 6001113
1.439449e-06 1.11101e+09 6002113 1.044236e+09 6002113
6.830738e-09 1.078568e+09 6001113 1.091011e+09 6001113
1.274574e-06 1.060913e+09 6001113 1.060167e+09 6001113
1.258726e-06 1.109466e+09 6002114 1.091305e+09 6002113
1.314553e-06 1.092852e+09 6001113 1.074337e+09 6001113
1.455751e-06 1.03523e+09 6001113 1.090413e+09 6001113
1.890529e-07 1.080166e+09 6001114 1.05791e+09 6001113
2.136525e-06 1.072637e+09 6001113 1.084607e+09 6001113
1.530105e-06 1.10085e+09 6002113 1.104442e+09 6002113
1.785782e-06 1.087338e+09 6001113 1.069244e+09 6001113
1.519175e-06 1.108869e+09 6002114 1.095813e+09 6002113
1.269509e-06 1.084476e+09 6001114 1.065979e+09 6001113
6.533246e-07 1.062046e+09 6001113 1.076552e+09 6001113
1.955493e-06 1.118636e+09 6002114 1.07945e+09 6002113
1.499495e-06 1.073258e+09 6001114 1.060231e+09 6001113
1.504697e-06 1.079469e+09 6001113 1.09413e+09 6001113
1.357592e-06 1.080395e+09 6001113 1.08196e+09 6001113
2.023673e-06 1.076208e+09 6001113 1.068021e+09 6001113
1.387383e-06 1.074637e+09 6001113 1.0774e+09 6001113
1.274574e-06 1.084389e+09 6001113 1.084041e+09 6001113
1.843695e-06 1.057298e+09 6001113 1.070951e+09 6001113
1.861081e-06 1.047674e+09 6001114 1.067935e+09 6001113
1.50094e-06 1.050097e+09 6001113 1.066155e+09 6001113
1.321575e-06 1.095712e+09 6001113 1.051771e+09 6001113
1.543118e-06 1.075216e+09 6001114 1.096849e+09 6001113
2.853558e-07 1.081897e+09 6001114 1.073386e+09 6001113
1.543118e-06 1.052335e+09 6001114 1.073881e+09 6001113
1.439449e-06 1.131056e+09 6003114 1.100302e+09 6003113
1.314553e-06 1.06849e+09 6001113 1.074841e+09 6001113
1.993981e-07 1.065154e+09 6001113 1.072623e+09 6001113
1.294351e-06 1.108715e+09 6002113 1.115868e+09 6002113
1.43334e-06 1.115791e+09 6002113 1.102225e+09 6002113
1.474375e-06 1.067908e+09 6001113 1.083372e+09 6001113
1.385902e-06 1.089235e+09 6001114 1.083045e+09 6001113
1.253885e-07 1.074778e+09 6001113 1.093353e+09 6001113
1.314919e-06 1.107802e+09 6002114 1.073779e+09 6002113
2.023673e-06 1.059484e+09 6001113 1.076627e+09 6001113
1.311219e-06 1.058055e+09 6001113 1.099864e+09 6001113
4.281985e-07 1.069934e+09 6001113 1.096931e+09 6001113
1.476214e-06 1.097782e+09 6001114 1.061337e+09 6001113
1.278331e-06 1.069125e+09 6001113 1.082497e+09 6001113
1.486102e-06 1.089919e+09 6001113 1.092316e+09 6001113
1.439449e-06 1.108603e+09 6003113 1.10714e+09 6003113
1.278331e-06 1.074556e+09 6001113 1.040903e+09 6001113
2.219993e-07 1.095543e+09 6001114 1.072856e+09 6001113
1.543118e-06 1.077554e+09 6001113 1.085862e+09 6001113
1.331254e-06 1.083532e+09 6001113 1.049903e+09 6001113
1.035472e-06 1.099878e+09 6002113 1.077053e+09 6002113
1.519175e-06 1.062235e+09 6001113 1.096528e+09 6001113
1.509628e-06 1.073677e+09 6001113 1.08809e+09 6001113
1.449791e-06 1.08872e+09 6001113 1.065861e+09 6001113
7.00971e-07 1.078306e+09 6001113 1.078732e+09 6001113
1.372196e-06 1.12435e+09 6002113 1.060688e+09 6002113
1.331254e-06 1.083294e+09 6001113 1.066699e+09 6001113
1.397562e-06 1.084335e+09 6002113 1.09618e+09 6002113
9.273571e-07 1.072209e+09 6003113 1.13897e+09 6003113
1.274574e-06 1.114173e+09 6002114 1.100405e+09 6002113
1.527676e-06 1.086468e+09 6001114 1.038445e+09 6001113
1.500354e-06 1.111113e+09 6002113 1.0911e+09 6002113
1.445252e-06 1.085909e+09 6001113 1.067387e+09 6001113
1.455751e-06 1.061062e+09 6001113 1.087165e+09 6001113
1.43334e-06 1.061247e+09 6001113 1.067319e+09 6001113
1.488685e-06 1.075151e+09 6001114 1.090536e+09 6001113
8.2446e-07 1.030774e+09 6001113 1.067001e+09 6001113
1.519175e-06 1.075081e+09 6001113 1.085249e+09 6001113
8.14047e-07 1.072406e+09 6001113 1.073398e+09 6001113
1.474375e-06 1.083119e+09 6001113 1.048082e+09 6001113
3.457066e-07 1.075466e+09 6001114 1.061452e+09 6001113
1.314553e-06 1.085844e+09 6001113 1.075064e+09 6001113
1.313302e-06 1.086528e+09 6001114 1.095355e+09 6001113
1.258726e-06 1.079732e+09 6001113 1.080562e+09 6001113
1.516081e-06 1.056929e+09 6001113 1.099886e+09 6001113
9.124562e-08 1.102662e+09 6002113 1.096303e+09 6002113
1.356378e-06 1.136775e+09 6003114 1.102212e+09 6003113
2.046182e-09 1.0938e+09 6001113 1.063265e+09 6001113
1.257996e-06 1.091062e+09 6001113 1.062599e+09 6001113
1.754941e-06 1.086699e+09 6001113 1.079347e+09 6001113
9.293597e-07 1.06955e+09 6001113 1.073645e+09 6001113
1.278331e-06 1.064956e+09 6002113 1.111996e+09 6002113
1.519175e-06 1.064684e+09 6001114 1.071286e+09 6001113
1.386773e-06 1.098197e+09 6002113 1.069686e+09 6002113
3.457066e-07 1.072191e+09 6001113 1.094223e+09 6001113
1.499495e-06 1.08112e+09 6002113 1.125159e+09 6002113
1.538867e-06 1.092812e+09 6001113 1.069079e+09 6001113
1.316552e-06 1.083569e+09 6001113 1.096576e+09 6001113
1.528217e-06 1.106436e+09 6002113 1.087982e+09 6002113
1.509628e-06 1.057575e+09 6001113 1.096085e+09 6001113
3.457066e-07 1.077711e+09 6001113 1.068482e+09 6001113
1.499495e-06 1.08282e+09 6001113 1.093259e+09 6001113
1.376739e-06 1.082268e+09 6001113 1.066494e+09 6001113
1.436336e-06 1.099043e+09 6001113 1.060946e+09 6001113
1.386773e-06 1.087312e+09 6001113 1.073234e+09 6001113
1.274032e-06 1.09112e+09 6002113 1.056879e+09 6002113
1.383572e-06 1.065879e+09 6001113 1.070124e+09 6001113
1.445252e-06 1.090978e+09 6001113 1.066494e+09 6001113
1.311219e-06 1.090363e+09 6001113 1.083192e+09 6001113
3.701696e-08 1.079163e+09 6001113 1.071984e+09 6001113
1.493366e-06 1.084528e+09 6001113 1.048773e+09 6001113
1.339444e-06 1.085019e+09 6001113 1.083693e+09 6001113
1.538867e-06 1.087344e+09 6001114 1.090751e+09 6001113
1.815091e-06 1.035597e+09 6001113 1.083513e+09 6001113
1.380484e-06 1.075588e+09 6001114 1.073217e+09 6001113
1.518887e-06 1.078727e+09 6001113 1.095864e+09 6001113
1.284315e-06 1.080621e+09 6001113 1.083706e+09 6001113
1.286835e-06 1.091775e+09 6001114 1.091554e+09 6001113
1.815091e-06 1.083561e+09 6001114 1.061849e+09 6001113
1.474375e-06 1.079584e+09 6001114 1.082473e+09 6001113
8.199058e-07 1.037247e+09 6001113 1.043835e+09 6001113
1.236827e-06 1.113824e+09 6002113 1.099942e+09 6002113
1.188953e-06 1.085033e+09 6001113 1.073908e+09 6001113
2.12496e-06 1.07679e+09 6001113 1.084427e+09 6001113
1.314919e-06 1.073344e+09 6001114 1.098168e+09 6001113
1.413094e-06 1.12248e+09 6002114 1.095438e+09 6002113
2.734431e-07 1.109882e+09 6002114 1.08952e+09 6002113
1.286835e-06 1.072125e+09 6001113 1.100396e+09 6001113
1.311219e-06 1.099358e+09 6002113 1.11445e+09 6002113
1.955493e-06 1.086175e+09 6001114 1.084833e+09 6001113
1.037915e-06 1.113097e+09 6002114 1.074695e+09 6002113
1.518887e-06 1.079439e+09 6002113 1.084766e+09 6002113
8.518984e-07 1.085928e+09 6001114 1.089102e+09 6001113
1.815091e-06 1.092637e+09 6001114 1.080208e+09 6001113
1.861081e-06 1.077024e+09 6001114 1.067261e+09 6001113
1.314919e-06 1.058455e+09 6001113 1.041552e+09 6001113
4.761707e-07 1.089955e+09 6001114 1.075835e+09 6001113
1.504697e-06 1.061728e+09 6001113 1.082809e+09 6001113
1.509628e-06 1.04945e+09 6001113 1.080406e+09 6001113
1.274574e-06 1.079485e+09 6001114 1.074251e+09 6001113
1.257996e-06 1.070321e+09 6001114 1.057348e+09 6001113
1.843695e-06 1.103551e+09 6002113 1.066464e+09 6002113
3.144045e-07 1.057365e+09 6001113 1.089237e+09 6001113
1.497401e-06 1.054131e+09 6001113 1.080864e+09 6001113
1.439449e-06 1.065516e+09 6001113 1.082579e+09 6001113
1.188953e-06 1.116736e+09 6002113 1.075278e+09 6002113
9.273571e-07 1.067967e+09 6001114 1.075993e+09 6001113
1.308393e-06 1.054468e+09 6001113 1.069716e+09 6001113
1.436336e-06 1.094598e+09 6001114 1.058273e+09 6001113
1.278015e-06 1.089207e+09 6001114 1.065798e+09 6001113
1.308393e-06 1.092868e+09 6002113 1.125828e+09 6002113
2.219993e-07 1.07438e+09 6001113 1.086469e+09 6001113
1.756443e-06 1.038503e+09 6001113 1.043165e+09 6001113
2.016664e-08 1.091127e+09 6001114 1.066681e+09 6001113
8.14047e-07 1.087676e+09 6001113 1.089124e+09 6001113
1.756443e-06 1.083112e+09 6001114 1.093754e+09 6001113
1.316552e-06 1.059313e+09 6001113 1.090153e+09 6001113
1.528217e-06 1.08812e+09 6001114 1.057458e+09 6001113
6.110902e-08 1.080125e+09 6001113 1.073364e+09 6001113
1.474375e-06 1.076424e+09 6001113 1.077969e+09 6001113
1.308393e-06 1.07414e+09 6001113 1.083553e+09 6001113
2.083687e-06 1.076407e+09 6001113 1.072628e+09 6001113
1.264429e-06 1.083749e+09 6003113 1.121653e+09 6003113
4.154673e-07 1.119566e+09 6002113 1.088761e+09 6002113
1.385902e-06 1.061771e+09 6001114 1.07614e+09 6001113
1.518887e-06 1.113815e+09 6002113 1.04375e+09 6002113
1.321575e-06 1.078919e+09 6001114 1.072832e+09 6001113
1.311219e-06 1.091662e+09 6002113 1.107363e+09 6002113
1.278331e-06 1.045268e+09 6001114 1.064995e+09 6001113
8.592863e-09 1.100383e+09 6001114 1.067454e+09 6001113
1.311219e-06 1.106609e+09 6002114 1.084642e+09 6002113
1.527676e-06 1.087968e+09 6001113 1.091173e+09 6001113
1.331254e-06 1.058454e+09 6001114 1.075779e+09 6001113
1.258726e-06 1.062646e+09 6001113 1.068882e+09 6001113
1.474375e-06 1.082335e+09 6001113 1.06953e+09 6001113
1.278331e-06 1.058247e+09 6001113 1.08467e+09 6001113
1.470679e-06 1.062666e+09 6001113 1.082823e+09 6001113
1.236827e-06 1.098511e+09 6001113 1.075347e+09 6001113
1.314919e-06 1.092682e+09 6002113 1.126692e+09 6002113
2.853558e-07 1.078633e+09 6001113 1.050153e+09 6001113
1.543118e-06 1.06689e+09 6001113 1.067006e+09 6001113
3.925113e-07 1.093279e+09 6001113 1.032102e+09 6001113
1.311219e-06 1.099428e+09 6002114 1.086875e+09 6002113
1.313302e-06 1.077856e+09 6001113 1.084306e+09 6001113
1.518887e-06 1.09173e+09 6001113 1.083553e+09 6001113
1.538867e-06 1.095293e+09 6001114 1.093007e+09 6001113
9.867882e-07 1.069365e+09 6001114 1.070179e+09 6001113
1.321575e-06 1.071756e+09 6001113 1.085471e+09 6001113
1.269509e-06 1.102168e+09 6002113 1.091585e+09 6002113
1.311219e-06 1.102891e+09 6001113 1.078203e+09 6001113
8.518984e-07 1.083058e+09 6001113 1.07306e+09 6001113
6.110902e-08 1.073025e+09 6001113 1.069187e+09 6001113
1.519175e-06 1.084023e+09 6001113 1.076062e+09 6001113
1.497401e-06 1.094046e+09 6001114 1.078032e+09 6001113
1.372196e-06 1.065374e+09 6001114 1.084937e+09 6001113
1.785782e-06 1.089836e+09 6002114 1.062048e+09 6002113
1.284315e-06 1.070065e+09 6001113 1.08358e+09 6001113
1.164581e-06 1.074405e+09 6001114 1.058893e+09 6001113
1.313302e-06 1.086341e+09 6001113 1.078723e+09 6001113
7.071896e-07 1.095126e+09 6001114 1.085153e+09 6001113
1.880634e-08 1.097362e+09 6001113 1.09122e+09 6001113
2.136525e-06 1.091805e+09 6001114 1.081249e+09 6001113
1.439449e-06 1.071813e+09 6001113 1.091066e+09 6001113
1.754941e-06 1.077774e+09 6001113 1.089098e+09 6001113
1.314553e-06 1.068937e+09 6001114 1.091937e+09 6001113
1.439449e-06 1.094244e+09 6001113 1.080718e+09 6001113
1.455751e-06 1.153726e+09 6003114 1.065522e+09 6003113
1.304146e-06 1.060643e+09 6001114 1.090026e+09 6001113
1.311219e-06 1.103412e+09 6002114 1.093099e+09 6002113
5.623342e-07 1.084157e+09 6001113 1.074403e+09 6001113
9.808283e-07 1.07319e+09 6001113 1.086818e+09 6001113
1.815091e-06 1.129299e+09 6002113 1.09898e+09 6002113
1.264429e-06 1.093545e+09 6001113 1.090996e+09 6001113
1.379365e-06 1.070714e+09 6001113 1.088975e+09 6001113
1.43334e-06 1.044691e+09 6001113 1.08479e+09 6001113
1.594458e-06 1.07576e+09 6001113 1.093529e+09 6001113
1.294351e-06 1.085817e+09 6001113 1.091794e+09 6001113
2.12496e-06 1.098373e+09 6002113 1.120283e+09 6002113
1.509628e-06 1.084163e+09 6001113 1.075463e+09 6001113
1.754941e-06 1.099954e+09 6002113 1.094222e+09 6002113
1.925876e-06 1.076863e+09 6001114 1.034162e+09 6001113
2.243455e-06 1.05434e+09 6001113 1.033476e+09 6001113
1.372196e-06 1.100814e+09 6001113 1.082989e+09 6001113
2.187184e-08 1.109942e+09 6002113 1.087105e+09 6002113
1.843695e-06 1.075659e+09 6001113 1.083526e+09 6001113
1.478551e-06 1.078357e+09 6001114 1.078095e+09 6001113
2.023673e-06 1.055642e+09 6001113 1.076333e+09 6001113
6.659551e-07 1.098671e+09 6001113 1.063621e+09 6001113
1.861081e-06 1.080685e+09 6001114 1.077686e+09 6001113
1.505462e-06 1.073914e+09 6002113 1.066502e+09 6002113
5.067066e-07 1.071069e+09 6003113 1.149687e+09 6003113
1.372196e-06 1.032706e+09 6001113 1.080195e+09 6001113
9.273571e-07 1.067663e+09 6001113 1.07531e+09 6001113
1.286835e-06 1.097464e+09 6002113 1.105679e+09 6002113
1.449791e-06 1.123949e+09 6002113 1.095318e+09 6002113
1.257996e-06 1.141866e+09 6003113 1.074382e+09 6003113
1.376739e-06 1.116327e+09 6002114 1.102327e+09 6002113
1.376739e-06 1.087849e+09 6001114 1.074664e+09 6001113
1.505462e-06 1.056496e+09 6001113 1.078876e+09 6001113
1.455751e-06 1.091696e+09 6001114 1.085302e+09 6001113
1.331254e-06 1.065576e+09 6001113 1.09131e+09 6001113
2.113743e-07 1.080335e+09 6001114 1.089921e+09 6001113
1.035472e-06 1.056983e+09 6001113 1.096472e+09 6001113
1.72157e-06 1.07127e+09 6001113 1.10489e+09 6001113
1.955493e-06 1.091553e+09 6002113 1.108174e+09 6002113
1.843695e-06 1.082575e+09 6001113 1.088984e+09 6001113
1.268741e-06 1.070762e+09 6001114 1.091752e+09 6001113
1.294351e-06 1.070237e+09 6001114 1.082472e+09 6001113
1.955493e-06 1.074508e+09 6001113 1.092971e+09 6001113
1.278331e-06 1.100826e+09 6002113 1.103149e+09 6002113
1.331254e-06 1.094318e+09 6001113 1.091958e+09 6001113
1.445252e-06 1.072095e+09 6001114 1.056895e+09 6001113
1.509628e-06 1.086961e+09 6001113 1.064072e+09 6001113
1.274574e-06 1.112707e+09 6002114 1.09547e+09 6002113
8.590731e-08 1.118803e+09 6002113 1.075224e+09 6002113
1.43334e-06 1.085208e+09 6001113 1.071181e+09 6001113
1.140858e-06 1.069057e+09 6001113 1.086574e+09 6001113
1.141891e-06 1.075795e+09 6001113 1.066469e+09 6001113
2.023673e-06 1.100846e+09 6002113 1.098394e+09 6002113
1.314553e-06 1.090508e+09 6001114 1.066712e+09 6001113
9.808283e-07 1.080262e+09 6001113 1.082955e+09 6001113
1.518887e-06 1.072358e+09 6002113 1.093338e+09 6002113
1.037915e-06 1.074689e+09 6001113 1.080264e+09 6001113
9.867882e-07 1.099597e+09 6002113 1.101459e+09 6002113
1.439449e-06 1.104276e+09 6003113 1.139327e+09 6003113
7.023064e-07 1.083202e+09 6001114 1.079047e+09 6001113
1.72157e-06 1.092167e+09 6001114 1.073704e+09 6001113
1.379365e-06 1.080704e+09 6001113 1.08894e+09 6001113
1.035472e-06 1.086658e+09 6001114 1.075636e+09 6001113
9.273571e-07 1.090582e+09 6001113 1.090046e+09 6001113
1.43334e-06 1.118102e+09 6002114 1.093542e+09 6002113
1.43334e-06 1.065724e+09 6001113 1.084175e+09 6001113
1.316552e-06 1.075368e+09 6001114 1.08746e+09 6001113
1.274032e-06 1.08758e+09 6001113 1.081901e+09 6001113
1.478551e-06 1.082067e+09 6001113 1.071694e+09 6001113
1.445404e-06 1.061714e+09 6002113 1.088071e+09 6002113
2.243455e-06 1.070719e+09 6001114 1.050978e+09 6001113
1.504697e-06 1.085838e+09 6002114 1.088684e+09 6002113
1.188953e-06 1.069461e+09 6001113 1.066091e+09 6001113
1.089671e-06 1.06545e+09 6001113 1.075834e+09 6001113
1.550757e-06 1.076847e+09 6001113 1.07598e+09 6001113
1.314919e-06 1.085185e+09 6002114 1.087426e+09 6002113
1.274574e-06 1.123347e+09 6002113 1.057063e+09 6002113
1.269509e-06 1.097105e+09 6002113 1.084461e+09 6002113
1.499495e-06 1.073782e+09 6002113 1.098501e+09 6002113
1.397562e-06 1.070376e+09 6001114 1.084332e+09 6001113
1.140858e-06 1.085046e+09 6001114 1.067042e+09 6001113
1.331254e-06 1.072288e+09 6002113 1.112457e+09 6002113
1.955493e-06 1.101378e+09 6002113 1.083567e+09 6002113
6.659551e-07 1.047966e+09 6001113 1.078329e+09 6001113
1.573672e-06 1.100809e+09 6001114 1.071138e+09 6001113
1.530105e-06 1.062721e+09 6001113 1.07708e+09 6001113
1.509628e-06 1.003692e+09 6001114 1.087778e+09 6001113
1.04367e-06 1.082657e+09 6001114 1.074158e+09 6001113
1.321575e-06 1.069514e+09 6002113 1.109496e+09 6002113
1.509628e-06 1.089061e+09 6001114 1.102985e+09 6001113
1.308393e-06 1.082496e+09 6001114 1.078797e+09 6001113
1.450705e-06 1.085997e+09 6001113 1.086383e+09 6001113
1.48458e-06 1.091492e+09 6002113 1.108969e+09 6002113
1.443134e-06 1.122933e+09 6003114 1.101632e+09 6003113
1.500354e-06 1.094334e+09 6001113 1.082174e+09 6001113
1.455751e-06 1.074233e+09 6001113 1.063479e+09 6001113
1.331254e-06 1.060032e+09 6001114 1.059727e+09 6001113
1.497401e-06 1.046529e+09 6001113 1.058148e+09 6001113
1.278331e-06 1.095866e+09 6002113 1.083098e+09 6002113
1.194405e-06 1.1015e+09 6001114 1.080014e+09 6001113
1.445404e-06 1.080679e+09 6001114 1.095458e+09 6001113
4.281985e-07 1.071627e+09 6001113 1.084616e+09 6001113
1.519175e-06 1.104682e+09 6003113 1.141497e+09 6003113
