1.215225e-06 1.098076e+09 6002113 1.116462e+09 6002113
1.705632e-06 1.101689e+09 6002113 1.111583e+09 6002113
1.075022e-06 1.112825e+09 6002113 1.09913e+09 6002113
1.836413e-06 1.119931e+09 6003113 1.125778e+09 6003113
1.269395e-06 1.11269e+09 6002113 1.110104e+09 6002113
1.038547e-06 1.097882e+09 6002113 1.105753e+09 6002113
4.258957e-07 1.119216e+09 6003113 1.114329e+09 6003113
1.143995e-06 1.103211e+09 6002113 1.104518e+09 6002113
1.208377e-06 1.11603e+09 6002113 1.115424e+09 6002113
1.259662e-06 1.118802e+09 6002113 1.11927e+09 6002113
1.22572e-06 1.108745e+09 6003113 1.118081e+09 6003113
1.206871e-06 1.104621e+09 6003113 1.122121e+09 6003113
1.039175e-06 1.108723e+09 6002113 1.083453e+09 6002113
1.203846e-06 1.11737e+09 6003113 1.127398e+09 6003113
1.748884e-06 1.113769e+09 6003113 1.103111e+09 6003113
1.075022e-06 1.101192e+09 6003113 1.11729e+09 6003113
1.232318e-06 1.127894e+09 6003113 1.128902e+09 6003113
1.22572e-06 1.115263e+09 6002113 1.109618e+09 6002113
1.22572e-06 1.115751e+09 6002113 1.105841e+09 6002113
1.22572e-06 1.115751e+09 6002113 1.105841e+09 6002113
1.22572e-06 1.115751e+09 6002113 1.105841e+09 6002113
5.135683e-09 1.115381e+09 6002113 1.122248e+09 6002113
1.111277e-06 1.141647e+09 6003113 1.118776e+09 6003113
1.135164e-06 1.077345e+09 6002113 1.108458e+09 6002113
1.485769e-06 1.116616e+09 6002113 1.09451e+09 6002113
1.135164e-06 1.105292e+09 6002113 1.101585e+09 6002113
1.081795e-06 1.106819e+09 6003113 1.136779e+09 6003113
1.243307e-06 1.092486e+09 6002113 1.108993e+09 6002113
3.212959e-07 1.092726e+09 6002113 1.10966e+09 6002113
1.053357e-06 1.111554e+09 6002113 1.111977e+09 6002113
1.039175e-06 1.112192e+09 6003113 1.144192e+09 6003113
1.081795e-06 1.10778e+09 6003113 1.117064e+09 6003113
1.05951e-06 1.10349e+09 6002113 1.081962e+09 6002113
1.227433e-06 1.110909e+09 6002113 1.106006e+09 6002113
9.347118e-07 1.108132e+09 6002113 1.111609e+09 6002113
1.218585e-06 1.101361e+09 6002113 1.109991e+09 6002113
1.203846e-06 1.137264e+09 6003113 1.101128e+09 6003113
1.210289e-06 1.107463e+09 6002113 1.094345e+09 6002113
1.076346e-06 1.129749e+09 6003113 1.125554e+09 6003113
1.075022e-06 1.098992e+09 6002113 1.11143e+09 6002113
1.051295e-06 1.10759e+09 6003113 1.105005e+09 6003113
1.485769e-06 1.108623e+09 6003113 1.143359e+09 6003113
1.263142e-06 1.101556e+09 6002113 1.115427e+09 6002113
1.748884e-06 1.09877e+09 6002113 1.107315e+09 6002113
1.739418e-06 1.1171e+09 6002113 1.069557e+09 6002113
8.227726e-09 1.103997e+09 6002113 1.094861e+09 6002113
1.123231e-06 1.112458e+09 6002113 1.095555e+09 6002113
1.235728e-06 1.120739e+09 6003113 1.111037e+09 6003113
1.076346e-06 1.114865e+09 6002113 1.108369e+09 6002113
1.029751e-06 1.117292e+09 6002113 1.116358e+09 6002113
1.029751e-06 1.117292e+09 6002113 1.116358e+09 6002113
1.075022e-06 1.099908e+09 6002113 1.111152e+09 6002113
1.076046e-06 1.107104e+09 6002113 1.108454e+09 6002113
1.836413e-06 1.114582e+09 6002113 1.122258e+09 6002113
6.748739e-07 1.106687e+09 6002113 1.106781e+09 6002113
1.046396e-06 1.11117e+09 6003113 1.105634e+09 6003113
3.505081e-07 1.114631e+09 6003113 1.11596e+09 6003113
3.816479e-07 1.118427e+09 6003113 1.121571e+09 6003113
7.591018e-07 1.116407e+09 6002113 1.098238e+09 6002113
1.076046e-06 1.107466e+09 6003113 1.134924e+09 6003113
1.210289e-06 1.113096e+09 6002113 1.109754e+09 6002113
1.081795e-06 1.111354e+09 6002113 1.087603e+09 6002113
1.187496e-06 1.140907e+09 6003113 1.119118e+09 6003113
4.775904e-09 1.102129e+09 6002113 1.102917e+09 6002113
1.110283e-06 1.137373e+09 6003113 1.122771e+09 6003113
1.408483e-06 1.105048e+09 6002113 1.112772e+09 6002113
5.748832e-07 1.138846e+09 6003113 1.113022e+09 6003113
1.537676e-06 1.116281e+09 6002113 1.113858e+09 6002113
1.096421e-06 1.100917e+09 6002113 1.11171e+09 6002113
1.632203e-07 1.117654e+09 6002113 1.071095e+09 6002113
1.232318e-06 1.084887e+09 6002113 1.110226e+09 6002113
4.965987e-07 1.12957e+09 6003113 1.117121e+09 6003113
8.088023e-11 1.11317e+09 6003113 1.136666e+09 6003113
1.175734e-06 1.122764e+09 6002113 1.105814e+09 6002113
1.218585e-06 1.10393e+09 6002113 1.110298e+09 6002113
1.24101e-06 1.09741e+09 6002113 1.111827e+09 6002113
1.053357e-06 1.119185e+09 6003113 1.123151e+09 6003113
5.451273e-07 1.12328e+09 6002113 1.1067e+09 6002113
1.051295e-06 1.049643e+09 6002113 1.119081e+09 6002113
1.222417e-06 1.107355e+09 6002113 1.108602e+09 6002113
1.228137e-06 1.115857e+09 6002113 1.106905e+09 6002113
1.05951e-06 1.113043e+09 6003113 1.103813e+09 6003113
9.338663e-07 1.112861e+09 6002113 1.104748e+09 6002113
1.485769e-06 1.114717e+09 6002113 1.116431e+09 6002113
1.259662e-06 1.115361e+09 6002113 1.112841e+09 6002113
1.210289e-06 1.122327e+09 6002113 1.096591e+09 6002113
1.029751e-06 1.12125e+09 6002113 1.113912e+09 6002113
1.250944e-06 1.10545e+09 6002113 1.075659e+09 6002113
1.073318e-06 1.108735e+09 6002113 1.120284e+09 6002113
1.203846e-06 1.123795e+09 6002113 1.115813e+09 6002113
1.13445e-06 1.115754e+09 6002113 1.094015e+09 6002113
5.347884e-07 1.102612e+09 6002113 1.104667e+09 6002113
1.634521e-06 1.144492e+09 6003113 1.115647e+09 6003113
1.076346e-06 1.117119e+09 6002113 1.089179e+09 6002113
1.030349e-06 1.101767e+09 6002113 1.109935e+09 6002113
1.222417e-06 1.092026e+09 6002113 1.118543e+09 6002113
1.12695e-06 1.103597e+09 6002113 1.08541e+09 6002113
4.147721e-07 1.121534e+09 6002113 1.074428e+09 6002113
1.228617e-06 1.116892e+09 6003113 1.145955e+09 6003113
1.25249e-06 1.118374e+09 6003113 1.116567e+09 6003113
9.347118e-07 1.11356e+09 6002113 1.11604e+09 6002113
9.347118e-07 1.11356e+09 6002113 1.11604e+09 6002113
1.076346e-06 1.117631e+09 6002113 1.108097e+09 6002113
1.235728e-06 1.108002e+09 6002113 1.115021e+09 6002113
1.222417e-06 1.112886e+09 6002113 1.104745e+09 6002113
1.073318e-06 1.110597e+09 6002113 1.079291e+09 6002113
1.075022e-06 1.10777e+09 6002113 1.077862e+09 6002113
1.232318e-06 1.098171e+09 6003113 1.134474e+09 6003113
1.073318e-06 1.109628e+09 6002113 1.062621e+09 6002113
4.031234e-08 1.096058e+09 6002113 1.101935e+09 6002113
1.409216e-06 1.110708e+09 6003113 1.135445e+09 6003113
4.965987e-07 1.040928e+09 6001113 1.092699e+09 6001113
3.400869e-07 1.12195e+09 6003113 1.135209e+09 6003113
1.269395e-06 1.115835e+09 6003113 1.109348e+09 6003113
1.381179e-07 1.076283e+09 6002113 1.111745e+09 6002113
1.030349e-06 1.108918e+09 6003113 1.126321e+09 6003113
1.203846e-06 1.116831e+09 6002113 1.099879e+09 6002113
1.186747e-06 1.110301e+09 6002113 1.130596e+09 6002113
1.046396e-06 1.081018e+09 6003113 1.110192e+09 6003113
1.123231e-06 1.108433e+09 6002113 1.100358e+09 6002113
1.485769e-06 1.107335e+09 6002113 1.077268e+09 6002113
1.203846e-06 1.055291e+09 6002113 1.11604e+09 6002113
4.965987e-07 1.080712e+09 6002113 1.114071e+09 6002113
1.632203e-07 1.116209e+09 6002113 1.084513e+09 6002113
7.591018e-07 1.113872e+09 6002113 1.091329e+09 6002113
1.081795e-06 1.121405e+09 6002113 1.090437e+09 6002113
1.135662e-06 1.112338e+09 6002113 1.091227e+09 6002113
1.030349e-06 1.103273e+09 6002113 1.097439e+09 6002113
1.081795e-06 1.103101e+09 6002113 1.099142e+09 6002113
8.91966e-07 1.125751e+09 6003113 1.135404e+09 6003113
6.243275e-07 1.101432e+09 6002113 1.058831e+09 6002113
1.077683e-06 1.106359e+09 6002113 1.116916e+09 6002113
1.817208e-07 1.114217e+09 6003113 1.088893e+09 6003113
1.132543e-06 1.124617e+09 6003113 1.109884e+09 6003113
1.509184e-06 1.101119e+09 6002113 1.117019e+09 6002113
1.288152e-06 1.089471e+09 6002113 1.106152e+09 6002113
8.028714e-07 1.117962e+09 6002113 1.11913e+09 6002113
1.012423e-06 1.107533e+09 6002113 1.101966e+09 6002113
1.210289e-06 1.132112e+09 6003113 1.124924e+09 6003113
4.603069e-07 1.11185e+09 6002113 1.113069e+09 6002113
6.663501e-07 1.110226e+09 6002113 1.094714e+09 6002113
1.231692e-06 1.129196e+09 6003113 1.113892e+09 6003113
5.839069e-07 1.125337e+09 6003113 1.116009e+09 6003113
3.212959e-07 1.08371e+09 6001113 1.080505e+09 6001113
1.13445e-06 1.100196e+09 6002113 1.063055e+09 6002113
7.164033e-07 1.108902e+09 6002113 1.116749e+09 6002113
7.164033e-07 1.108902e+09 6002113 1.116749e+09 6002113
1.173282e-06 1.127634e+09 6003113 1.120898e+09 6003113
1.183032e-06 1.107513e+09 6003113 1.138007e+09 6003113
1.181298e-06 1.075519e+09 6002113 1.115826e+09 6002113
9.066282e-08 1.123242e+09 6003113 1.143019e+09 6003113
1.213071e-06 1.11224e+09 6002113 1.109502e+09 6002113
1.187496e-06 1.100358e+09 6002113 1.075215e+09 6002113
7.099232e-07 1.110006e+09 6002113 1.083198e+09 6002113
5.347884e-07 1.119669e+09 6002113 1.099891e+09 6002113
1.135662e-06 1.127273e+09 6003113 1.114812e+09 6003113
1.135662e-06 1.116508e+09 6003113 1.140284e+09 6003113
1.051295e-06 1.101928e+09 6002113 1.108095e+09 6002113
1.075022e-06 1.102e+09 6002113 1.090917e+09 6002113
1.042877e-06 1.029529e+09 6002113 1.110806e+09 6002113
1.235728e-06 1.080114e+09 6002113 1.114578e+09 6002113
1.038547e-06 1.103251e+09 6002113 1.097235e+09 6002113
1.075022e-06 1.087967e+09 6002113 1.12205e+09 6002113
1.076046e-06 1.105197e+09 6002113 1.117046e+09 6002113
7.60741e-07 1.110789e+09 6003113 1.135023e+09 6003113
1.123231e-06 1.142644e+09 6003113 1.100222e+09 6003113
1.076046e-06 1.113523e+09 6002113 1.110393e+09 6002113
2.335822e-07 1.124902e+09 6003113 1.12653e+09 6003113
1.263142e-06 1.115171e+09 6003113 1.133152e+09 6003113
1.075022e-06 1.120021e+09 6002113 1.099718e+09 6002113
1.075022e-06 1.120021e+09 6002113 1.099718e+09 6002113
1.243307e-06 1.099534e+09 6002113 1.109108e+09 6002113
1.203846e-06 1.110349e+09 6003113 1.152416e+09 6003113
1.123231e-06 1.124733e+09 6003113 1.118236e+09 6003113
1.218585e-06 1.106619e+09 6002113 1.107224e+09 6002113
5.451273e-07 1.096558e+09 6002113 1.108362e+09 6002113
4.49933e-07 1.092809e+09 6003113 1.126354e+09 6003113
1.178282e-06 1.103648e+09 6002113 1.111053e+09 6002113
1.030349e-06 1.105586e+09 6002113 1.11391e+09 6002113
1.043321e-06 1.105063e+09 6002113 1.11804e+09 6002113
1.076046e-06 1.11234e+09 6002113 1.084615e+09 6002113
1.288152e-06 1.106318e+09 6002113 1.111196e+09 6002113
3.505081e-07 1.120394e+09 6002113 1.123731e+09 6002113
1.730235e-07 1.11592e+09 6002113 1.099113e+09 6002113
1.13445e-06 1.114101e+09 6003113 1.126734e+09 6003113
1.208377e-06 1.118953e+09 6003113 1.121718e+09 6003113
1.039175e-06 1.12171e+09 6002113 1.073389e+09 6002113
1.228617e-06 1.112545e+09 6002113 1.093032e+09 6002113
1.259662e-06 1.107451e+09 6002113 1.09913e+09 6002113
7.099232e-07 1.080121e+09 6002113 1.09492e+09 6002113
1.206871e-06 1.115478e+09 6002113 1.096967e+09 6002113
1.038547e-06 1.111298e+09 6002113 1.107188e+09 6002113
1.705632e-06 1.115148e+09 6002113 1.041447e+09 6002113
1.181298e-06 1.076892e+09 6002113 1.116761e+09 6002113
1.039175e-06 1.118132e+09 6002113 1.094313e+09 6002113
1.093301e-07 1.113583e+09 6002113 1.10612e+09 6002113
8.881196e-07 1.12263e+09 6003113 1.132307e+09 6003113
1.173282e-06 1.104053e+09 6002113 1.11391e+09 6002113
1.156709e-06 1.091931e+09 6002113 1.119584e+09 6002113
8.47601e-07 1.101431e+09 6002113 1.092003e+09 6002113
1.046138e-06 1.119068e+09 6003113 1.126744e+09 6003113
1.089717e-06 1.100144e+09 6002113 1.118607e+09 6002113
8.496002e-07 1.097971e+09 6003113 1.115996e+09 6003113
1.029751e-06 1.114432e+09 6002113 1.119636e+09 6002113
2.079948e-08 1.110363e+09 6002113 1.110963e+09 6002113
2.079948e-08 1.110363e+09 6002113 1.110963e+09 6002113
1.046138e-06 1.117351e+09 6002113 1.105342e+09 6002113
1.046138e-06 1.117351e+09 6002113 1.105342e+09 6002113
8.496002e-07 1.115095e+09 6003113 1.118606e+09 6003113
1.13445e-06 1.110501e+09 6002113 1.09926e+09 6002113
1.111277e-06 1.117456e+09 6002113 1.114482e+09 6002113
1.705632e-06 1.118665e+09 6003113 1.1495e+09 6003113
1.748884e-06 1.108271e+09 6002113 1.10795e+09 6002113
7.164033e-07 1.119279e+09 6002113 1.119937e+09 6002113
7.164033e-07 1.119279e+09 6002113 1.119937e+09 6002113
1.208377e-06 1.109565e+09 6002113 1.109898e+09 6002113
6.748739e-07 1.088835e+09 6002113 1.118375e+09 6002113
1.029751e-06 1.106712e+09 6002113 1.101579e+09 6002113
1.076046e-06 1.143148e+09 6003113 1.124503e+09 6003113
1.228617e-06 1.12546e+09 6003113 1.108743e+09 6003113
1.135164e-06 1.101303e+09 6002113 1.09329e+09 6002113
1.208377e-06 1.119386e+09 6003113 1.12876e+09 6003113
1.012423e-06 1.120487e+09 6003113 1.137765e+09 6003113
1.012423e-06 1.120487e+09 6003113 1.137765e+09 6003113
9.338663e-07 1.094357e+09 6002113 1.10601e+09 6002113
1.437762e-06 1.101887e+09 6002113 1.107489e+09 6002113
1.250944e-06 1.115074e+09 6003113 1.131365e+09 6003113
1.13445e-06 1.111516e+09 6002113 1.099356e+09 6002113
1.046138e-06 1.087543e+09 6001113 1.089845e+09 6001113
2.335822e-07 1.103266e+09 6003113 1.116624e+09 6003113
1.029751e-06 1.107367e+09 6003113 1.120375e+09 6003113
1.231692e-06 1.114824e+09 6002113 1.07951e+09 6002113
3.212959e-07 1.104313e+09 6002113 1.101446e+09 6002113
1.208377e-06 1.117478e+09 6002113 1.101543e+09 6002113
1.208377e-06 1.117478e+09 6002113 1.101543e+09 6002113
1.043321e-06 1.131106e+09 6003113 1.11938e+09 6003113
1.231692e-06 1.114752e+09 6002113 1.103553e+09 6002113
1.030349e-06 1.099373e+09 6002113 1.104631e+09 6002113
1.54752e-07 1.10758e+09 6002113 1.113079e+09 6002113
8.028714e-07 1.099653e+09 6002113 1.09212e+09 6002113
1.54752e-07 1.116245e+09 6002113 1.105835e+09 6002113
1.186747e-06 1.110189e+09 6002113 1.097907e+09 6002113
1.269395e-06 1.117367e+09 6003113 1.129375e+09 6003113
1.132543e-06 1.106462e+09 6002113 1.114529e+09 6002113
3.400869e-07 1.108148e+09 6002113 1.091955e+09 6002113
1.191626e-06 1.070381e+09 6002113 1.111607e+09 6002113
5.788804e-07 1.124014e+09 6003113 1.136129e+09 6003113
3.816479e-07 1.107513e+09 6002113 1.111484e+09 6002113
1.674933e-09 1.117388e+09 6002113 1.100575e+09 6002113
1.030349e-06 1.111839e+09 6002113 1.112668e+09 6002113
1.030349e-06 1.111839e+09 6002113 1.112668e+09 6002113
1.076046e-06 1.108371e+09 6002113 1.121331e+09 6002113
5.788804e-07 1.081624e+09 6002113 1.109241e+09 6002113
1.705632e-06 1.12464e+09 6003113 1.142137e+09 6003113
1.210289e-06 1.107658e+09 6002113 1.114297e+09 6002113
1.035017e-06 1.077303e+09 6002113 1.114432e+09 6002113
1.089717e-06 1.109926e+09 6002113 1.059063e+09 6002113
6.546621e-08 1.066105e+09 6002113 1.105814e+09 6002113
1.748884e-06 1.112949e+09 6003113 1.101493e+09 6003113
4.603069e-07 1.095921e+09 6002113 1.120137e+09 6002113
1.143995e-06 1.107352e+09 6003113 1.119511e+09 6003113
1.030349e-06 1.116328e+09 6003113 1.11292e+09 6003113
7.164033e-07 1.095107e+09 6002113 1.109556e+09 6002113
3.105321e-07 1.111009e+09 6002113 1.100251e+09 6002113
1.22572e-06 1.1152e+09 6002113 1.113156e+09 6002113
4.49933e-07 1.138389e+09 6003113 1.105848e+09 6003113
1.073318e-06 1.093553e+09 6001113 1.071388e+09 6001113
1.130015e-06 1.119479e+09 6003113 1.108378e+09 6003113
1.243307e-06 1.091276e+09 6001113 1.061593e+09 6001113
1.186747e-06 1.113442e+09 6003113 1.148162e+09 6003113
9.776975e-07 1.100652e+09 6002113 1.122552e+09 6002113
1.817208e-07 1.107123e+09 6002113 1.106574e+09 6002113
1.210289e-06 1.125009e+09 6003113 1.108624e+09 6003113
1.12695e-06 1.113695e+09 6002113 1.093444e+09 6002113
7.591018e-07 1.107255e+09 6002113 1.120946e+09 6002113
1.250944e-06 1.104012e+09 6003113 1.131691e+09 6003113
1.208377e-06 1.10386e+09 6002113 1.094022e+09 6002113
1.243307e-06 1.095885e+09 6002113 1.118489e+09 6002113
8.028714e-07 1.126045e+09 6003113 1.124263e+09 6003113
7.033814e-09 1.107526e+09 6002113 1.100457e+09 6002113
1.259662e-06 1.125889e+09 6002113 1.095202e+09 6002113
1.111277e-06 1.096135e+09 6002113 1.109862e+09 6002113
1.123231e-06 1.103097e+09 6002113 1.114022e+09 6002113
7.763088e-07 1.142366e+09 6003113 1.110624e+09 6003113
1.263142e-06 1.114871e+09 6002113 1.102923e+09 6002113
1.13445e-06 1.124765e+09 6003113 1.111875e+09 6003113
1.222417e-06 1.122214e+09 6003113 1.141794e+09 6003113
7.591018e-07 1.11744e+09 6002113 1.115713e+09 6002113
7.591018e-07 1.11744e+09 6002113 1.115713e+09 6002113
1.071004e-06 1.107666e+09 6003113 1.149759e+09 6003113
9.732345e-07 1.101808e+09 6002113 1.115788e+09 6002113
6.711459e-07 1.11491e+09 6002113 1.117989e+09 6002113
1.035017e-06 1.093581e+09 6002113 1.11724e+09 6002113
1.24101e-06 1.08448e+09 6002113 1.108663e+09 6002113
1.24101e-06 1.11548e+09 6002113 1.105494e+09 6002113
1.038547e-06 1.118167e+09 6002113 1.100995e+09 6002113
1.038547e-06 1.093567e+09 6002113 1.100463e+09 6002113
1.175734e-06 1.084513e+09 6002113 1.098564e+09 6002113
1.485769e-06 1.094352e+09 6002113 1.109327e+09 6002113
1.035017e-06 1.11624e+09 6003113 1.124539e+09 6003113
1.029751e-06 1.126827e+09 6003113 1.12366e+09 6003113
1.029751e-06 1.126827e+09 6003113 1.12366e+09 6003113
1.235728e-06 1.087058e+09 6001113 1.059625e+09 6001113
1.210289e-06 1.135508e+09 6003113 1.10967e+09 6003113
1.263142e-06 1.105059e+09 6002113 1.094733e+09 6002113
1.836413e-06 1.113692e+09 6002113 1.102894e+09 6002113
1.409216e-06 1.110132e+09 6002113 1.116318e+09 6002113
2.573604e-07 1.092754e+09 6002113 1.120615e+09 6002113
3.400869e-07 1.10986e+09 6002113 1.103871e+09 6002113
1.038547e-06 1.074939e+09 6001113 1.100437e+09 6001113
1.123231e-06 1.089273e+09 6003113 1.119574e+09 6003113
1.228137e-06 1.078017e+09 6002113 1.119385e+09 6002113
1.250501e-06 1.086166e+09 6002113 1.116637e+09 6002113
1.035017e-06 1.120793e+09 6003113 1.126172e+09 6003113
1.046138e-06 1.111108e+09 6003113 1.117724e+09 6003113
1.186747e-06 1.116159e+09 6002113 1.120678e+09 6002113
1.836413e-06 1.109102e+09 6002113 1.090559e+09 6002113
1.243543e-06 1.09158e+09 6002113 1.115225e+09 6002113
9.338663e-07 1.136732e+09 6003113 1.113996e+09 6003113
7.164033e-07 1.11147e+09 6002113 1.119728e+09 6002113
1.053357e-06 1.116501e+09 6002113 1.093409e+09 6002113
1.076346e-06 1.122738e+09 6003113 1.118875e+09 6003113
1.05951e-06 1.069495e+09 6002113 1.103471e+09 6002113
1.183156e-06 1.11358e+09 6002113 1.108288e+09 6002113
1.183156e-06 1.11358e+09 6002113 1.108288e+09 6002113
1.051295e-06 1.115368e+09 6003113 1.106874e+09 6003113
1.409216e-06 1.115885e+09 6002113 1.109448e+09 6002113
1.012423e-06 1.104159e+09 6002113 1.101687e+09 6002113
1.175734e-06 1.111194e+09 6003113 1.131832e+09 6003113
1.175734e-06 1.111194e+09 6003113 1.131832e+09 6003113
1.409216e-06 1.126893e+09 6002113 1.111639e+09 6002113
5.737901e-07 1.118647e+09 6002113 1.074502e+09 6002113
1.038547e-06 1.117743e+09 6002113 1.096184e+09 6002113
1.416675e-08 1.117478e+09 6002113 1.108636e+09 6002113
1.111277e-06 1.096174e+09 6001113 1.082235e+09 6001113
1.076346e-06 1.109942e+09 6002113 1.105519e+09 6002113
1.173282e-06 1.136858e+09 6003113 1.105137e+09 6003113
2.335822e-07 1.080036e+09 6001113 1.103527e+09 6001113
3.400869e-07 1.138058e+09 6003113 1.120459e+09 6003113
8.911623e-09 1.120923e+09 6002113 1.112888e+09 6002113
5.451273e-07 1.125599e+09 6003113 1.10997e+09 6003113
4.49933e-07 1.105683e+09 6003113 1.115902e+09 6003113
1.288152e-06 1.106708e+09 6002113 1.10266e+09 6002113
1.288152e-06 1.106708e+09 6002113 1.10266e+09 6002113
1.081795e-06 1.121903e+09 6003113 1.147793e+09 6003113
8.91966e-07 1.108961e+09 6002113 1.109452e+09 6002113
1.705632e-06 1.115841e+09 6002113 1.104238e+09 6002113
1.135164e-06 1.096592e+09 6002113 1.088355e+09 6002113
1.123231e-06 1.105485e+09 6002113 1.061652e+09 6002113
1.705632e-06 1.10925e+09 6002113 1.06957e+09 6002113
4.49933e-07 1.102084e+09 6002113 1.10524e+09 6002113
7.992481e-08 1.107673e+09 6002113 1.129409e+09 6002113
7.992481e-08 1.107673e+09 6002113 1.129409e+09 6002113
1.030349e-06 1.118419e+09 6002113 1.111565e+09 6002113
1.135164e-06 1.10004e+09 6001113 1.072529e+09 6001113
1.132543e-06 1.118075e+09 6002113 1.093724e+09 6002113
1.250944e-06 1.116937e+09 6002113 1.082303e+09 6002113
1.24101e-06 1.117155e+09 6002113 1.102409e+09 6002113
1.132543e-06 1.110285e+09 6003113 1.112953e+09 6003113
1.817208e-07 1.070715e+09 6002113 1.121002e+09 6002113
1.213071e-06 1.092123e+09 6002113 1.112909e+09 6002113
1.259662e-06 1.09264e+09 6001113 1.063517e+09 6001113
1.191626e-06 1.084986e+09 6002113 1.112994e+09 6002113
1.22572e-06 1.103227e+09 6002113 1.106382e+09 6002113
1.156709e-06 1.105244e+09 6002113 1.091293e+09 6002113
6.243275e-07 1.139386e+09 6003113 1.116806e+09 6003113
3.816479e-07 1.124829e+09 6003113 1.147604e+09 6003113
9.338663e-07 1.12062e+09 6002113 1.094931e+09 6002113
1.191626e-06 1.095065e+09 6002113 1.099079e+09 6002113
1.206871e-06 1.101014e+09 6002113 1.103654e+09 6002113
1.206871e-06 1.101014e+09 6002113 1.103654e+09 6002113
1.259662e-06 1.100713e+09 6002113 1.102995e+09 6002113
4.965987e-07 1.109491e+09 6002113 1.052941e+09 6002113
1.730235e-07 1.09577e+09 6003113 1.116364e+09 6003113
1.075022e-06 1.121402e+09 6002113 1.096817e+09 6002113
2.476365e-07 1.136682e+09 6003113 1.111861e+09 6003113
8.0775e-07 1.101855e+09 6002113 1.11761e+09 6002113
1.228137e-06 1.112161e+09 6002113 1.106854e+09 6002113
1.22572e-06 1.106596e+09 6003113 1.121935e+09 6003113
1.222417e-06 1.114636e+09 6002113 1.126464e+09 6002113
9.53285e-07 1.110108e+09 6002113 1.116293e+09 6002113
9.53285e-07 1.110108e+09 6002113 1.116293e+09 6002113
1.817208e-07 1.102085e+09 6003113 1.103514e+09 6003113
1.227433e-06 1.092173e+09 6002113 1.125823e+09 6002113
1.13445e-06 1.108369e+09 6002113 1.116772e+09 6002113
1.175734e-06 1.116964e+09 6002113 1.118292e+09 6002113
1.096421e-06 1.091954e+09 6002113 1.073745e+09 6002113
1.213071e-06 1.093139e+09 6002113 1.111989e+09 6002113
2.335822e-07 1.109155e+09 6002113 1.09876e+09 6002113
1.143995e-06 1.097436e+09 6002113 1.118109e+09 6002113
1.674933e-09 1.094895e+09 6002113 1.111598e+09 6002113
1.208377e-06 1.095922e+09 6002113 1.12343e+09 6002113
1.216471e-06 1.123215e+09 6003113 1.146145e+09 6003113
1.110283e-06 1.117751e+09 6003113 1.119666e+09 6003113
1.739418e-06 1.100066e+09 6002113 1.097672e+09 6002113
2.335822e-07 1.116485e+09 6002113 1.116222e+09 6002113
1.046396e-06 1.112501e+09 6002113 1.108122e+09 6002113
5.002168e-08 1.094538e+09 6002113 1.111698e+09 6002113
1.071004e-06 1.117151e+09 6002113 1.085022e+09 6002113
1.012423e-06 1.101801e+09 6003113 1.139106e+09 6003113
9.53285e-07 1.117139e+09 6003113 1.090529e+09 6003113
9.53285e-07 1.117139e+09 6003113 1.090529e+09 6003113
1.130015e-06 1.108887e+09 6002113 1.107387e+09 6002113
1.13445e-06 1.109344e+09 6002113 1.115521e+09 6002113
1.263142e-06 1.110439e+09 6002113 1.074515e+09 6002113
1.046138e-06 1.090657e+09 6002113 1.112019e+09 6002113
1.523415e-06 1.112019e+09 6003113 1.116518e+09 6003113
1.096421e-06 1.092743e+09 6002113 1.122349e+09 6002113
1.183156e-06 1.09351e+09 6002113 1.119802e+09 6002113
1.156709e-06 1.126456e+09 6003113 1.117094e+09 6003113
1.077683e-06 1.107e+09 6002113 1.117921e+09 6002113
1.077683e-06 1.107e+09 6002113 1.117921e+09 6002113
2.238309e-07 1.115497e+09 6002113 1.090777e+09 6002113
1.051295e-06 1.107624e+09 6002113 1.10873e+09 6002113
8.543116e-07 1.112788e+09 6002113 1.107505e+09 6002113
1.051295e-06 1.106654e+09 6003113 1.119966e+09 6003113
4.220353e-10 1.099811e+09 6002113 1.103349e+09 6002113
3.400869e-07 1.101972e+09 6002113 1.108883e+09 6002113
1.076046e-06 1.111091e+09 6002113 1.108738e+09 6002113
1.656507e-06 1.089735e+09 6002113 1.10829e+09 6002113
1.436533e-06 1.11449e+09 6003113 1.092698e+09 6003113
1.228617e-06 1.115128e+09 6002113 1.108216e+09 6002113
1.038547e-06 1.109912e+09 6003113 1.113072e+09 6003113
1.210289e-06 1.091886e+09 6002113 1.117207e+09 6002113
6.243275e-07 1.124552e+09 6002113 1.091583e+09 6002113
1.22572e-06 1.063966e+09 6001113 1.094796e+09 6001113
1.073318e-06 1.109039e+09 6002113 1.110159e+09 6002113
1.65077e-08 1.116548e+09 6002113 1.083765e+09 6002113
1.159611e-07 1.112477e+09 6003113 1.052921e+09 6003113
1.135164e-06 1.14579e+09 6003113 1.12202e+09 6003113
3.505081e-07 1.133671e+09 6003113 1.120049e+09 6003113
5.839069e-07 1.127116e+09 6003113 1.120177e+09 6003113
1.215225e-06 1.118042e+09 6002113 1.121304e+09 6002113
4.031234e-08 1.11038e+09 6002113 1.090766e+09 6002113
1.042877e-06 1.099492e+09 6002113 1.113665e+09 6002113
1.159611e-07 1.128258e+09 6003113 1.119958e+09 6003113
1.523415e-06 1.102193e+09 6003113 1.140022e+09 6003113
1.030349e-06 1.075352e+09 6002113 1.107385e+09 6002113
1.076346e-06 1.118975e+09 6002113 1.101049e+09 6002113
8.91966e-07 1.061406e+09 6002113 1.117368e+09 6002113
6.748739e-07 1.11326e+09 6003113 1.115513e+09 6003113
1.208377e-06 1.11385e+09 6002113 1.095012e+09 6002113
1.208377e-06 1.11385e+09 6002113 1.095012e+09 6002113
9.347118e-07 1.11601e+09 6003113 1.138766e+09 6003113
1.730235e-07 1.122639e+09 6002113 1.076304e+09 6002113
1.228137e-06 1.097742e+09 6002113 1.102783e+09 6002113
1.132543e-06 1.103576e+09 6002113 1.088257e+09 6002113
8.881196e-07 1.113477e+09 6002113 1.094923e+09 6002113
1.228137e-06 1.097406e+09 6003113 1.119798e+09 6003113
9.732345e-07 1.108119e+09 6002113 1.099266e+09 6002113
1.012423e-06 1.110289e+09 6002113 1.097148e+09 6002113
9.53285e-07 1.109361e+09 6003113 1.112235e+09 6003113
1.096421e-06 1.091226e+09 6002113 1.109628e+09 6002113
1.213071e-06 1.092362e+09 6002113 1.104061e+09 6002113
1.24101e-06 1.116918e+09 6003113 1.131003e+09 6003113
1.076346e-06 1.118502e+09 6002113 1.093939e+09 6002113
1.1291e-06 1.121352e+09 6003113 1.122966e+09 6003113
1.1291e-06 1.121352e+09 6003113 1.122966e+09 6003113
7.099232e-07 1.12386e+09 6003113 1.117954e+09 6003113
1.156709e-06 1.123361e+09 6003113 1.086912e+09 6003113
1.132543e-06 1.086257e+09 6002113 1.113396e+09 6002113
1.173282e-06 1.124704e+09 6003113 1.126512e+09 6003113
1.081795e-06 1.116231e+09 6002113 1.090696e+09 6002113
1.634521e-06 1.107313e+09 6003113 1.128188e+09 6003113
2.573604e-07 1.099505e+09 6002113 1.115255e+09 6002113
1.173282e-06 1.102714e+09 6002113 1.112949e+09 6002113
1.077683e-06 1.119441e+09 6002113 1.10633e+09 6002113
7.591018e-07 1.108842e+09 6002113 1.107773e+09 6002113
1.250501e-06 1.11207e+09 6002113 1.122367e+09 6002113
1.191626e-06 1.091716e+09 6002113 1.115968e+09 6002113
1.030349e-06 1.121278e+09 6002113 1.115875e+09 6002113
1.039175e-06 1.110491e+09 6002113 1.099508e+09 6002113
9.776975e-07 1.138703e+09 6003113 1.120094e+09 6003113
1.038547e-06 1.111696e+09 6002113 1.119243e+09 6002113
1.191626e-06 1.07505e+09 6002113 1.113727e+09 6002113
9.338663e-07 1.106515e+09 6002113 1.110982e+09 6002113
1.461778e-06 1.114438e+09 6002113 1.103244e+09 6002113
1.408483e-06 1.124724e+09 6003113 1.108154e+09 6003113
1.227433e-06 1.072714e+09 6002113 1.110182e+09 6002113
8.91966e-07 1.0991e+09 6002113 1.107719e+09 6002113
1.409216e-06 1.099181e+09 6002113 1.118151e+09 6002113
1.040808e-08 1.124311e+09 6003113 1.107336e+09 6003113
1.071004e-06 1.120129e+09 6002113 1.088441e+09 6002113
9.338663e-07 1.109031e+09 6003113 1.109777e+09 6003113
9.338663e-07 1.109031e+09 6003113 1.109777e+09 6003113
1.076346e-06 1.119144e+09 6002113 1.108865e+09 6002113
8.91966e-07 1.093429e+09 6002113 1.118165e+09 6002113
1.537676e-06 1.116181e+09 6002113 1.111607e+09 6002113
1.178282e-06 1.101078e+09 6002113 1.115189e+09 6002113
1.178282e-06 1.101078e+09 6002113 1.115189e+09 6002113
1.123231e-06 1.117462e+09 6002113 1.114803e+09 6002113
1.132543e-06 1.103109e+09 6002113 1.117388e+09 6002113
6.748739e-07 1.114226e+09 6002113 1.099695e+09 6002113
1.075022e-06 1.11597e+09 6002113 1.120948e+09 6002113
1.250944e-06 1.119068e+09 6002113 1.104165e+09 6002113
1.263142e-06 1.119165e+09 6003113 1.120295e+09 6003113
1.043321e-06 1.100633e+09 6002113 1.087074e+09 6002113
1.228137e-06 1.096855e+09 6002113 1.102293e+09 6002113
2.621314e-08 1.110342e+09 6002113 1.107962e+09 6002113
1.053357e-06 1.104202e+09 6002113 1.106773e+09 6002113
2.829832e-07 1.104524e+09 6003113 1.133822e+09 6003113
9.732345e-07 1.108951e+09 6002113 1.111667e+09 6002113
1.269395e-06 1.088336e+09 6002113 1.11594e+09 6002113
1.035017e-06 1.109612e+09 6002113 1.095428e+09 6002113
1.748884e-06 1.143388e+09 6003113 1.115605e+09 6003113
1.110283e-06 1.09962e+09 6002113 1.110426e+09 6002113
9.347118e-07 1.115882e+09 6003113 1.095079e+09 6003113
1.25249e-06 1.107777e+09 6002113 1.089805e+09 6002113
1.22572e-06 1.116512e+09 6003113 1.135656e+09 6003113
1.186747e-06 1.11383e+09 6003113 1.152881e+09 6003113
8.47601e-07 1.099535e+09 6002113 1.114618e+09 6002113
1.243307e-06 1.143069e+09 6003113 1.113761e+09 6003113
9.776975e-07 1.032561e+09 6002113 1.120262e+09 6002113
1.1291e-06 1.068235e+09 6002113 1.103406e+09 6002113
1.235728e-06 1.114487e+09 6002113 1.108007e+09 6002113
1.110283e-06 1.114195e+09 6003113 1.14186e+09 6003113
1.183032e-06 1.101188e+09 6002113 1.112982e+09 6002113
9.732345e-07 1.072941e+09 6002113 1.110648e+09 6002113
1.073318e-06 1.124603e+09 6002113 1.101262e+09 6002113
1.243307e-06 1.120802e+09 6003113 1.108417e+09 6003113
1.175734e-06 1.098007e+09 6003113 1.13902e+09 6003113
1.250944e-06 1.114007e+09 6002113 1.096834e+09 6002113
1.123231e-06 1.113373e+09 6002113 1.083838e+09 6002113
1.123231e-06 1.115883e+09 6002113 1.100503e+09 6002113
1.075022e-06 1.110384e+09 6003113 1.144454e+09 6003113
1.076046e-06 1.117416e+09 6002113 1.10864e+09 6002113
1.040808e-08 1.091459e+09 6002113 1.108565e+09 6002113
1.203846e-06 1.094836e+09 6002113 1.116284e+09 6002113
1.228137e-06 1.093255e+09 6003113 1.10928e+09 6003113
1.632203e-07 1.110835e+09 6003113 1.094323e+09 6003113
1.235728e-06 1.098547e+09 6002113 1.108823e+09 6002113
6.711459e-07 1.122367e+09 6002113 1.106817e+09 6002113
2.238309e-07 1.115474e+09 6002113 1.116504e+09 6002113
4.258957e-07 1.124121e+09 6002113 1.088063e+09 6002113
1.053357e-06 1.116902e+09 6002113 1.100026e+09 6002113
1.208377e-06 1.098051e+09 6002113 1.109937e+09 6002113
1.748884e-06 1.116518e+09 6002113 1.108851e+09 6002113
1.035017e-06 1.117783e+09 6003113 1.113594e+09 6003113
1.051295e-06 1.111049e+09 6002113 1.107159e+09 6002113
1.073318e-06 1.122732e+09 6003113 1.120529e+09 6003113
1.05951e-06 1.099895e+09 6002113 1.114494e+09 6002113
1.748884e-06 1.108777e+09 6002113 1.085256e+09 6002113
1.183156e-06 1.109432e+09 6002113 1.109485e+09 6002113
1.259662e-06 1.107306e+09 6002113 1.075166e+09 6002113
1.436533e-06 1.106552e+09 6002113 1.117957e+09 6002113
1.191626e-06 1.107583e+09 6003113 1.114176e+09 6003113
1.073318e-06 1.120485e+09 6003113 1.121997e+09 6003113
1.203846e-06 1.110409e+09 6003113 1.124916e+09 6003113
1.111277e-06 1.125288e+09 6003113 1.105363e+09 6003113
1.436533e-06 1.115453e+09 6003113 1.13849e+09 6003113
7.992481e-08 1.117732e+09 6002113 1.103132e+09 6002113
1.705632e-06 1.116861e+09 6002113 1.112703e+09 6002113
1.235728e-06 1.116225e+09 6003113 1.112128e+09 6003113
1.235728e-06 1.116225e+09 6003113 1.112128e+09 6003113
9.338663e-07 1.101849e+09 6002113 1.107527e+09 6002113
1.053357e-06 1.090961e+09 6001113 1.103678e+09 6001113
1.053357e-06 1.090961e+09 6001113 1.103678e+09 6001113
4.49933e-07 1.111197e+09 6002113 1.10911e+09 6002113
1.222417e-06 1.108317e+09 6002113 1.118984e+09 6002113
1.042877e-06 1.101241e+09 6002113 1.098337e+09 6002113
4.639079e-08 1.086941e+09 6002113 1.113937e+09 6002113
1.186747e-06 1.109432e+09 6002113 1.103796e+09 6002113
1.156709e-06 1.129791e+09 6003113 1.109758e+09 6003113
1.039175e-06 1.109589e+09 6002113 1.115149e+09 6002113
5.727624e-08 1.078916e+09 6002113 1.092594e+09 6002113
1.243543e-06 1.11635e+09 6002113 1.104622e+09 6002113
1.235728e-06 1.122207e+09 6003113 1.12475e+09 6003113
1.073318e-06 1.128469e+09 6003113 1.106271e+09 6003113
6.663501e-07 1.11527e+09 6002113 1.095735e+09 6002113
1.790352e-08 1.120588e+09 6002113 1.095747e+09 6002113
3.212959e-07 1.104228e+09 6002113 1.111998e+09 6002113
3.816479e-07 1.105857e+09 6002113 1.092033e+09 6002113
1.076346e-06 1.118024e+09 6002113 1.090344e+09 6002113
9.347118e-07 1.109222e+09 6002113 1.104897e+09 6002113
1.600697e-06 1.100521e+09 6002113 1.10775e+09 6002113
9.066282e-08 1.117321e+09 6002113 1.100473e+09 6002113
7.164033e-07 1.121913e+09 6002113 1.10083e+09 6002113
5.002168e-08 1.116915e+09 6002113 1.10042e+09 6002113
1.073318e-06 1.120918e+09 6002113 1.107568e+09 6002113
1.123231e-06 1.108297e+09 6002113 1.116728e+09 6002113
1.228617e-06 1.108533e+09 6003113 1.124333e+09 6003113
6.748739e-07 1.101225e+09 6002113 1.104356e+09 6002113
1.042877e-06 1.107735e+09 6002113 1.082584e+09 6002113
1.243307e-06 1.122649e+09 6002113 1.100092e+09 6002113
1.076346e-06 1.086182e+09 6002113 1.11591e+09 6002113
1.183032e-06 1.113683e+09 6003113 1.122235e+09 6003113
4.603069e-07 1.11619e+09 6003113 1.14238e+09 6003113
1.213071e-06 1.110462e+09 6003113 1.142923e+09 6003113
1.208377e-06 1.116304e+09 6002113 1.093924e+09 6002113
1.186747e-06 1.103789e+09 6003113 1.143426e+09 6003113
1.111277e-06 1.1081e+09 6002113 1.118069e+09 6002113
2.413614e-08 1.112893e+09 6002113 1.109197e+09 6002113
3.030078e-08 1.137305e+09 6003113 1.112179e+09 6003113
1.05951e-06 1.107743e+09 6002113 1.098652e+09 6002113
1.071004e-06 1.110868e+09 6002113 1.102071e+09 6002113
1.25249e-06 1.094533e+09 6002113 1.116522e+09 6002113
1.436533e-06 1.048115e+09 6002113 1.117881e+09 6002113
1.076346e-06 1.108112e+09 6003113 1.110291e+09 6003113
1.039175e-06 1.101423e+09 6002113 1.10116e+09 6002113
1.250501e-06 1.099449e+09 6002113 1.109719e+09 6002113
4.603069e-07 1.123542e+09 6003113 1.113496e+09 6003113
1.269395e-06 1.105417e+09 6002113 1.104231e+09 6002113
1.110283e-06 1.097313e+09 6002113 1.11984e+09 6002113
1.030349e-06 1.100281e+09 6002113 1.110838e+09 6002113
1.089717e-06 1.101521e+09 6002113 1.097744e+09 6002113
2.018917e-07 1.099254e+09 6002113 1.113422e+09 6002113
7.032069e-08 1.123964e+09 6003113 1.121136e+09 6003113
1.093301e-07 1.112402e+09 6002113 1.075715e+09 6002113
1.135662e-06 1.109295e+09 6002113 1.10936e+09 6002113
1.436533e-06 1.099897e+09 6002113 1.083194e+09 6002113
1.381179e-07 1.110327e+09 6002113 1.116728e+09 6002113
1.156709e-06 1.090672e+09 6002113 1.097536e+09 6002113
3.105321e-07 1.124239e+09 6003113 1.112985e+09 6003113
1.073318e-06 1.106546e+09 6002113 1.101129e+09 6002113
1.288152e-06 1.096176e+09 6002113 1.111889e+09 6002113
1.288152e-06 1.096176e+09 6002113 1.111889e+09 6002113
1.076346e-06 1.099039e+09 6002113 1.099676e+09 6002113
1.071004e-06 1.118796e+09 6002113 1.11905e+09 6002113
1.250501e-06 1.137486e+09 6003113 1.117637e+09 6003113
1.509184e-06 1.154463e+09 6003113 1.120913e+09 6003113
7.763088e-07 1.106103e+09 6002113 1.110125e+09 6002113
1.030349e-06 1.120745e+09 6002113 1.11296e+09 6002113
4.147721e-07 1.111076e+09 6002113 1.113569e+09 6002113
7.099232e-07 1.110054e+09 6002113 1.108002e+09 6002113
1.039175e-06 1.140803e+09 6003113 1.116937e+09 6003113
1.110283e-06 1.088368e+09 6002113 1.10987e+09 6002113
1.05951e-06 1.107111e+09 6002113 1.113964e+09 6002113
1.259662e-06 1.11698e+09 6002113 1.106525e+09 6002113
1.12695e-06 1.109401e+09 6002113 1.125293e+09 6002113
4.031234e-08 1.071304e+09 6002113 1.100827e+09 6002113
7.099232e-07 1.113796e+09 6003113 1.124498e+09 6003113
1.231692e-06 1.100448e+09 6003113 1.120465e+09 6003113
1.231692e-06 1.100448e+09 6003113 1.120465e+09 6003113
1.222417e-06 1.108936e+09 6002113 1.111491e+09 6002113
4.258957e-07 1.086423e+09 6002113 1.112464e+09 6002113
1.25249e-06 1.119268e+09 6003113 1.133114e+09 6003113
1.042877e-06 1.107491e+09 6002113 1.100414e+09 6002113
1.705632e-06 1.091741e+09 6002113 1.090594e+09 6002113
1.076046e-06 1.11484e+09 6002113 1.086044e+09 6002113
1.227433e-06 1.116565e+09 6002113 1.056601e+09 6002113
1.178282e-06 1.119182e+09 6003113 1.145406e+09 6003113
1.135662e-06 1.092749e+09 6001113 1.073892e+09 6001113
1.203846e-06 1.111917e+09 6002113 1.107645e+09 6002113
3.400869e-07 1.154087e+09 6003113 1.116162e+09 6003113
3.816479e-07 1.107049e+09 6002113 1.092473e+09 6002113
1.075022e-06 1.130794e+09 6003113 1.119316e+09 6003113
1.191626e-06 1.119495e+09 6002113 1.10684e+09 6002113
1.046396e-06 1.114646e+09 6002113 1.100227e+09 6002113
1.259662e-06 1.096047e+09 6001113 1.087104e+09 6001113
4.603069e-07 1.137842e+09 6003113 1.103467e+09 6003113
1.135662e-06 1.143802e+09 6003113 1.116554e+09 6003113
1.135662e-06 1.108566e+09 6002113 1.118516e+09 6002113
1.135662e-06 1.108566e+09 6002113 1.118516e+09 6002113
1.232318e-06 1.131557e+09 6003113 1.112263e+09 6003113
1.089717e-06 1.103584e+09 6003113 1.143737e+09 6003113
1.073318e-06 1.108203e+09 6002113 1.098922e+09 6002113
1.159611e-07 1.102866e+09 6002113 1.121304e+09 6002113
1.24101e-06 1.112385e+09 6002113 1.107378e+09 6002113
1.436533e-06 1.139792e+09 6003113 1.120716e+09 6003113
5.347884e-07 1.092724e+09 6002113 1.113615e+09 6002113
1.076046e-06 1.10756e+09 6002113 1.090808e+09 6002113
1.1291e-06 1.094113e+09 6002113 1.117521e+09 6002113
1.235728e-06 1.125299e+09 6003113 1.135839e+09 6003113
1.210289e-06 1.138221e+09 6003113 1.114001e+09 6003113
9.347118e-07 1.11487e+09 6002113 1.102844e+09 6002113
6.243275e-07 1.1057e+09 6002113 1.111885e+09 6002113
1.305167e-06 1.113144e+09 6002113 1.097068e+09 6002113
1.228137e-06 1.103712e+09 6002113 1.058292e+09 6002113
1.093301e-07 1.139933e+09 6003113 1.118588e+09 6003113
8.91966e-07 1.11926e+09 6003113 1.100904e+09 6003113
1.051295e-06 1.109727e+09 6002113 1.097123e+09 6002113
1.231692e-06 1.115802e+09 6002113 1.118195e+09 6002113
1.227433e-06 1.117974e+09 6002113 1.106749e+09 6002113
4.031234e-08 1.110504e+09 6002113 1.113298e+09 6002113
1.259662e-06 1.114977e+09 6003113 1.112056e+09 6003113
1.259662e-06 1.114977e+09 6003113 1.112056e+09 6003113
1.073318e-06 1.11285e+09 6002113 1.091903e+09 6002113
1.035017e-06 1.078034e+09 6002113 1.109222e+09 6002113
1.191626e-06 1.120566e+09 6003113 1.120119e+09 6003113
1.215225e-06 1.104227e+09 6002113 1.103805e+09 6002113
1.705632e-06 1.075315e+09 6002113 1.102285e+09 6002113
1.228137e-06 1.13533e+09 6003113 1.120243e+09 6003113
4.49933e-07 1.09938e+09 6002113 1.111271e+09 6002113
1.038547e-06 1.054078e+09 6002113 1.117281e+09 6002113
5.451273e-07 1.109395e+09 6002113 1.120523e+09 6002113
1.111277e-06 1.144531e+09 6003113 1.117301e+09 6003113
1.22572e-06 1.088285e+09 6003113 1.116214e+09 6003113
1.232318e-06 1.094892e+09 6002113 1.101957e+09 6002113
1.25249e-06 1.107591e+09 6002113 1.097196e+09 6002113
9.53285e-07 1.106969e+09 6002113 1.109334e+09 6002113
1.232318e-06 1.108635e+09 6002113 1.119232e+09 6002113
1.232318e-06 1.108635e+09 6002113 1.119232e+09 6002113
2.018917e-07 1.098417e+09 6002113 1.110879e+09 6002113
1.218585e-06 1.112085e+09 6002113 1.098856e+09 6002113
7.032069e-08 1.097964e+09 6002113 1.107048e+09 6002113
1.539421e-08 1.118873e+09 6002113 1.078134e+09 6002113
1.461778e-06 1.117246e+09 6003113 1.119109e+09 6003113
1.110283e-06 1.11669e+09 6002113 1.057416e+09 6002113
1.071004e-06 1.109881e+09 6002113 1.116807e+09 6002113
8.47601e-07 1.127452e+09 6003113 1.124601e+09 6003113
1.053357e-06 1.119098e+09 6002113 1.099491e+09 6002113
1.183032e-06 1.120586e+09 6003113 1.118141e+09 6003113
1.409216e-06 1.111247e+09 6003113 1.129987e+09 6003113
1.042877e-06 1.114183e+09 6003113 1.117971e+09 6003113
1.288152e-06 1.113311e+09 6002113 1.116813e+09 6002113
5.788804e-07 1.11579e+09 6003113 1.120219e+09 6003113
1.191626e-06 1.114258e+09 6002113 1.110076e+09 6002113
1.012423e-06 1.101609e+09 6002113 1.065048e+09 6002113
1.250944e-06 1.102764e+09 6002113 1.110925e+09 6002113
1.046138e-06 1.103704e+09 6002113 1.103144e+09 6002113
1.222417e-06 1.094569e+09 6002113 1.091482e+09 6002113
1.409216e-06 1.132879e+09 6003113 1.116525e+09 6003113
9.620118e-09 1.117942e+09 6002113 1.111293e+09 6002113
1.030349e-06 1.112724e+09 6002113 1.099923e+09 6002113
1.073318e-06 1.102883e+09 6002113 1.113786e+09 6002113
7.099232e-07 1.11693e+09 6002113 1.101199e+09 6002113
1.175734e-06 1.102544e+09 6002113 1.103183e+09 6002113
1.243543e-06 1.102856e+09 6002113 1.119597e+09 6002113
1.218585e-06 1.116808e+09 6002113 1.114482e+09 6002113
8.028714e-07 1.122288e+09 6003113 1.115404e+09 6003113
1.029751e-06 1.107413e+09 6002113 1.123634e+09 6002113
1.461778e-06 1.110877e+09 6003113 1.119838e+09 6003113
1.183156e-06 1.117247e+09 6002113 1.106465e+09 6002113
1.228137e-06 1.092343e+09 6002113 1.11378e+09 6002113
1.232318e-06 1.114017e+09 6002113 1.079139e+09 6002113
2.018917e-07 1.095254e+09 6003113 1.109615e+09 6003113
1.216471e-06 1.107354e+09 6002113 1.102387e+09 6002113
1.143995e-06 1.121537e+09 6002113 1.077823e+09 6002113
1.111277e-06 1.114626e+09 6003113 1.116011e+09 6003113
1.111277e-06 1.114626e+09 6003113 1.116011e+09 6003113
5.451273e-07 1.140463e+09 6003113 1.116716e+09 6003113
1.030349e-06 1.094873e+09 6002113 1.118425e+09 6002113
1.218585e-06 1.124349e+09 6002113 1.113754e+09 6002113
8.496002e-07 1.111825e+09 6002113 1.102874e+09 6002113
1.135164e-06 1.117373e+09 6002113 1.111744e+09 6002113
1.076346e-06 1.103816e+09 6003113 1.134052e+09 6003113
1.12695e-06 1.111029e+09 6002113 1.108454e+09 6002113
1.206871e-06 1.052651e+09 6002113 1.115135e+09 6002113
1.305167e-06 1.104312e+09 6002113 1.111202e+09 6002113
3.400869e-07 1.129829e+09 6003113 1.120681e+09 6003113
1.046138e-06 1.116813e+09 6003113 1.137716e+09 6003113
5.788804e-07 1.091256e+09 6001113 1.080008e+09 6001113
7.164033e-07 1.111401e+09 6002113 1.100043e+09 6002113
1.135662e-06 1.111743e+09 6002113 1.10054e+09 6002113
1.187496e-06 1.066882e+09 6002113 1.114871e+09 6002113
1.228137e-06 1.1234e+09 6003113 1.111571e+09 6003113
5.737901e-07 1.111431e+09 6002113 1.100281e+09 6002113
1.132543e-06 1.100545e+09 6002113 1.117356e+09 6002113
4.031234e-08 1.076679e+09 6002113 1.115114e+09 6002113
1.030349e-06 1.110202e+09 6002113 1.117e+09 6002113
4.603069e-07 1.088792e+09 6001113 1.074573e+09 6001113
1.187496e-06 1.107612e+09 6002113 1.126737e+09 6002113
6.243275e-07 1.112633e+09 6002113 1.099607e+09 6002113
1.259662e-06 1.101245e+09 6002113 1.104793e+09 6002113
4.258957e-07 1.082238e+09 6002113 1.115374e+09 6002113
1.076046e-06 1.117553e+09 6002113 1.105608e+09 6002113
9.347118e-07 1.119846e+09 6002113 1.118226e+09 6002113
1.191626e-06 1.116428e+09 6003113 1.129777e+09 6003113
1.228137e-06 1.116946e+09 6002113 1.102742e+09 6002113
1.215225e-06 1.113984e+09 6002113 1.108576e+09 6002113
1.213071e-06 1.104087e+09 6002113 1.115771e+09 6002113
1.218585e-06 1.125956e+09 6003113 1.110156e+09 6003113
4.965987e-07 1.105679e+09 6002113 1.118116e+09 6002113
1.042877e-06 1.10808e+09 6002113 1.095737e+09 6002113
7.763088e-07 1.097388e+09 6002113 1.122286e+09 6002113
1.24101e-06 1.117864e+09 6002113 1.074064e+09 6002113
1.132543e-06 1.115033e+09 6002113 1.060135e+09 6002113
1.130015e-06 1.117104e+09 6003113 1.134003e+09 6003113
1.132543e-06 1.116542e+09 6003113 1.142553e+09 6003113
1.132543e-06 1.14158e+09 6003113 1.115053e+09 6003113
4.603069e-07 1.108406e+09 6002113 1.10995e+09 6002113
1.12695e-06 1.118144e+09 6003113 1.147486e+09 6003113
1.600697e-06 1.115673e+09 6002113 1.100822e+09 6002113
1.203846e-06 1.125637e+09 6003113 1.133505e+09 6003113
3.105321e-07 1.111579e+09 6002113 1.115717e+09 6002113
1.215225e-06 1.108266e+09 6002113 1.091015e+09 6002113
1.040808e-08 1.113169e+09 6002113 1.102157e+09 6002113
1.132543e-06 1.108177e+09 6002113 1.115961e+09 6002113
1.132543e-06 1.108177e+09 6002113 1.115961e+09 6002113
1.600697e-06 1.123351e+09 6003113 1.13689e+09 6003113
3.105321e-07 1.116172e+09 6002113 1.1133e+09 6002113
2.335822e-07 1.091422e+09 6002113 1.11105e+09 6002113
1.186747e-06 1.120173e+09 6002113 1.074181e+09 6002113
1.143995e-06 1.113362e+09 6002113 1.100866e+09 6002113
1.705632e-06 1.083119e+09 6002113 1.109066e+09 6002113
1.228617e-06 1.111964e+09 6002113 1.121913e+09 6002113
6.97334e-07 1.091751e+09 6001113 1.077631e+09 6001113
1.243543e-06 1.123482e+09 6003113 1.131618e+09 6003113
1.228137e-06 1.116087e+09 6002113 1.104285e+09 6002113
4.147721e-07 1.087964e+09 6002113 1.109716e+09 6002113
1.067528e-06 1.104553e+09 6002113 1.119873e+09 6002113
1.067528e-06 1.104553e+09 6002113 1.119873e+09 6002113
1.1291e-06 1.111095e+09 6002113 1.115971e+09 6002113
1.1291e-06 1.111095e+09 6002113 1.115971e+09 6002113
1.042877e-06 1.121916e+09 6002113 1.117771e+09 6002113
1.191626e-06 1.11618e+09 6002113 1.102895e+09 6002113
1.076346e-06 1.106336e+09 6002113 1.08893e+09 6002113
1.110283e-06 1.119864e+09 6002113 1.112053e+09 6002113
1.042877e-06 1.093295e+09 6002113 1.102327e+09 6002113
4.965987e-07 1.080258e+09 6002113 1.110729e+09 6002113
1.035017e-06 1.103583e+09 6003113 1.145708e+09 6003113
5.347884e-07 1.124327e+09 6003113 1.114022e+09 6003113
1.22572e-06 1.108105e+09 6002113 1.125837e+09 6002113
1.210289e-06 1.121665e+09 6003113 1.101368e+09 6003113
1.259662e-06 1.111419e+09 6003113 1.139195e+09 6003113
1.039175e-06 1.117577e+09 6003113 1.115284e+09 6003113
1.076346e-06 1.109606e+09 6002113 1.106398e+09 6002113
1.250944e-06 1.115107e+09 6002113 1.102834e+09 6002113
1.076046e-06 1.108204e+09 6003113 1.119597e+09 6003113
1.046396e-06 1.110808e+09 6002113 1.076675e+09 6002113
1.634521e-06 1.121735e+09 6002113 1.116221e+09 6002113
1.213071e-06 1.117556e+09 6003113 1.116375e+09 6003113
1.232318e-06 1.083881e+09 6002113 1.104918e+09 6002113
1.748884e-06 1.116067e+09 6002113 1.094947e+09 6002113
1.173282e-06 1.107699e+09 6002113 1.09069e+09 6002113
1.046138e-06 1.111903e+09 6002113 1.100393e+09 6002113
1.076346e-06 1.123113e+09 6002113 1.109705e+09 6002113
1.076346e-06 1.123113e+09 6002113 1.109705e+09 6002113
6.748739e-07 1.110853e+09 6002113 1.103642e+09 6002113
1.25249e-06 1.118103e+09 6003113 1.136187e+09 6003113
1.186747e-06 1.07175e+09 6002113 1.120908e+09 6002113
1.183032e-06 1.108617e+09 6003113 1.099177e+09 6003113
1.191626e-06 1.090093e+09 6002113 1.104642e+09 6002113
1.039175e-06 1.097032e+09 6003113 1.114005e+09 6003113
1.173282e-06 1.127365e+09 6003113 1.116083e+09 6003113
1.203846e-06 1.119933e+09 6002113 1.112155e+09 6002113
1.436533e-06 1.107128e+09 6002113 1.109651e+09 6002113
1.183032e-06 1.096931e+09 6002113 1.117502e+09 6002113
8.881196e-07 1.100965e+09 6002113 1.094134e+09 6002113
1.183032e-06 1.08703e+09 6002113 1.114699e+09 6002113
1.218585e-06 1.10329e+09 6002113 1.119581e+09 6002113
1.043321e-06 1.074328e+09 6002113 1.111448e+09 6002113
1.250944e-06 1.121334e+09 6003113 1.120984e+09 6003113
1.175734e-06 1.114598e+09 6002113 1.118314e+09 6002113
6.243275e-07 1.131487e+09 6003113 1.120985e+09 6003113
1.216471e-06 1.091428e+09 6001113 1.066271e+09 6001113
1.053357e-06 1.098415e+09 6002113 1.123246e+09 6002113
1.537676e-06 1.106945e+09 6002113 1.090203e+09 6002113
1.076046e-06 1.121166e+09 6003113 1.117647e+09 6003113
1.263142e-06 1.103544e+09 6002113 1.108498e+09 6002113
1.123231e-06 1.07437e+09 6002113 1.10063e+09 6002113
4.639079e-08 1.100677e+09 6002113 1.119482e+09 6002113
1.243307e-06 1.132896e+09 6003113 1.113939e+09 6003113
1.288152e-06 1.096037e+09 6002113 1.108945e+09 6002113
1.089717e-06 1.093094e+09 6003113 1.11438e+09 6003113
1.089717e-06 1.093094e+09 6003113 1.11438e+09 6003113
1.132543e-06 1.094393e+09 6002113 1.116094e+09 6002113
2.573604e-07 1.091128e+09 6002113 1.100489e+09 6002113
6.748739e-07 1.101529e+09 6002113 1.091819e+09 6002113
7.469044e-08 1.104811e+09 6002113 1.102046e+09 6002113
1.05951e-06 1.132832e+09 6003113 1.116892e+09 6003113
1.537676e-06 1.112995e+09 6002113 1.088987e+09 6002113
1.436533e-06 1.112748e+09 6003113 1.133763e+09 6003113
1.210289e-06 1.108825e+09 6002113 1.111234e+09 6002113
1.096421e-06 1.101714e+09 6002113 1.10714e+09 6002113
1.187496e-06 1.109663e+09 6002113 1.116457e+09 6002113
1.071004e-06 1.117389e+09 6002113 1.115352e+09 6002113
1.175734e-06 1.109762e+09 6002113 1.103711e+09 6002113
1.259662e-06 1.102836e+09 6003113 1.149781e+09 6003113
9.732345e-07 1.100571e+09 6002113 1.107107e+09 6002113
1.208377e-06 1.105288e+09 6002113 1.108327e+09 6002113
1.038547e-06 1.129105e+09 6003113 1.100808e+09 6003113
1.046138e-06 1.108388e+09 6002113 1.102139e+09 6002113
1.183156e-06 1.111464e+09 6002113 1.097374e+09 6002113
1.288152e-06 1.09395e+09 6002113 1.118834e+09 6002113
1.730235e-07 1.103526e+09 6002113 1.104019e+09 6002113
1.039175e-06 1.111005e+09 6002113 1.118147e+09 6002113
4.361056e-08 1.110262e+09 6003113 1.144926e+09 6003113
1.035017e-06 1.120818e+09 6002113 1.084839e+09 6002113
1.05951e-06 1.121616e+09 6002113 1.112943e+09 6002113
9.338663e-07 1.115712e+09 6002113 1.106861e+09 6002113
1.046138e-06 1.109396e+09 6003113 1.129103e+09 6003113
1.030349e-06 1.098022e+09 6001113 1.062201e+09 6001113
1.259662e-06 1.121702e+09 6002113 1.106022e+09 6002113
1.111277e-06 1.122316e+09 6002113 1.121106e+09 6002113
1.156709e-06 1.111206e+09 6002113 1.097453e+09 6002113
1.156709e-06 1.111206e+09 6002113 1.097453e+09 6002113
1.183156e-06 1.122805e+09 6003113 1.12435e+09 6003113
1.135662e-06 1.11091e+09 6002113 1.116005e+09 6002113
1.132543e-06 1.107764e+09 6002113 1.112522e+09 6002113
1.218585e-06 1.141256e+09 6003113 1.122898e+09 6003113
1.409216e-06 1.10221e+09 6002113 1.125789e+09 6002113
5.002168e-08 1.118653e+09 6002113 1.118508e+09 6002113
1.071004e-06 1.101304e+09 6002113 1.126436e+09 6002113
1.030349e-06 1.1305e+09 6003113 1.118581e+09 6003113
7.099232e-07 1.116335e+09 6002113 1.115147e+09 6002113
1.216471e-06 1.113076e+09 6003113 1.124867e+09 6003113
1.135662e-06 1.108312e+09 6002113 1.086299e+09 6002113
5.451273e-07 1.106908e+09 6002113 1.08424e+09 6002113
1.381179e-07 1.108146e+09 6002113 1.119652e+09 6002113
1.077683e-06 1.068095e+09 6002113 1.116028e+09 6002113
1.243543e-06 1.12497e+09 6003113 1.118407e+09 6003113
3.400869e-07 1.119027e+09 6003113 1.072687e+09 6003113
3.274333e-09 1.125792e+09 6003113 1.124067e+09 6003113
1.263142e-06 1.10164e+09 6002113 1.042086e+09 6002113
1.817208e-07 1.096362e+09 6002113 1.109058e+09 6002113
1.076346e-06 1.10836e+09 6002113 1.10164e+09 6002113
1.250501e-06 1.124406e+09 6003113 1.126301e+09 6003113
1.191626e-06 1.134722e+09 6003113 1.12923e+09 6003113
1.25249e-06 1.135278e+09 6003113 1.096375e+09 6003113
1.12695e-06 1.131553e+09 6003113 1.124575e+09 6003113
2.476365e-07 1.103496e+09 6003113 1.117603e+09 6003113
2.476365e-07 1.103496e+09 6003113 1.117603e+09 6003113
1.156709e-06 1.097334e+09 6002113 1.092838e+09 6002113
1.073318e-06 1.024027e+09 6003113 1.124851e+09 6003113
4.147721e-07 1.095799e+09 6002113 1.120428e+09 6002113
5.002168e-08 1.116334e+09 6002113 1.110194e+09 6002113
1.24101e-06 1.116799e+09 6002113 1.108603e+09 6002113
1.030349e-06 1.114872e+09 6002113 1.11392e+09 6002113
1.135662e-06 1.10873e+09 6002113 1.093714e+09 6002113
9.347118e-07 1.093875e+09 6002113 1.10751e+09 6002113
1.436533e-06 1.118896e+09 6002113 1.087567e+09 6002113
1.600697e-06 1.1365e+09 6003113 1.087723e+09 6003113
1.178282e-06 1.113648e+09 6003113 1.112356e+09 6003113
9.732345e-07 1.104928e+09 6002113 1.119738e+09 6002113
1.243307e-06 1.102624e+09 6002113 1.094894e+09 6002113
5.839069e-07 1.123239e+09 6002113 1.117311e+09 6002113
1.042877e-06 1.109602e+09 6002113 1.112338e+09 6002113
1.043321e-06 1.134713e+09 6003113 1.109246e+09 6003113
1.218585e-06 1.121054e+09 6002113 1.111884e+09 6002113
1.075022e-06 1.120348e+09 6002113 1.108683e+09 6002113
1.073318e-06 1.111221e+09 6002113 1.10808e+09 6002113
1.012423e-06 1.101197e+09 6002113 1.099436e+09 6002113
1.24101e-06 1.096153e+09 6003113 1.112619e+09 6003113
5.347884e-07 1.116986e+09 6002113 1.113758e+09 6002113
1.656507e-06 1.103073e+09 6002113 1.118846e+09 6002113
1.269395e-06 1.104159e+09 6003113 1.146004e+09 6003113
2.238309e-07 1.120321e+09 6003113 1.119897e+09 6003113
1.051295e-06 1.091147e+09 6003113 1.094756e+09 6003113
7.164033e-07 1.11955e+09 6002113 1.10363e+09 6002113
1.111277e-06 1.114539e+09 6002113 1.094454e+09 6002113
1.228137e-06 1.099413e+09 6002113 1.110918e+09 6002113
1.089717e-06 1.099275e+09 6002113 1.117006e+09 6002113
1.288152e-06 1.105865e+09 6002113 1.115608e+09 6002113
6.748739e-07 1.039884e+09 6002113 1.11453e+09 6002113
1.081795e-06 1.100916e+09 6002113 1.059549e+09 6002113
1.12695e-06 1.086757e+09 6002113 1.121017e+09 6002113
1.408483e-06 1.078418e+09 6002113 1.101973e+09 6002113
1.228617e-06 1.093395e+09 6003113 1.109615e+09 6003113
1.073318e-06 1.117257e+09 6003113 1.117057e+09 6003113
8.91966e-07 1.116999e+09 6002113 1.113426e+09 6002113
8.91966e-07 1.116999e+09 6002113 1.113426e+09 6002113
1.216471e-06 1.111357e+09 6003113 1.137102e+09 6003113
1.509184e-06 1.120924e+09 6002113 1.074913e+09 6002113
1.416675e-08 1.10048e+09 6002113 1.109602e+09 6002113
1.053357e-06 1.133997e+09 6003113 1.116927e+09 6003113
1.178282e-06 1.107813e+09 6002113 1.1134e+09 6002113
8.881196e-07 1.102891e+09 6002113 1.090935e+09 6002113
1.046138e-06 1.113933e+09 6002113 1.099266e+09 6002113
1.175734e-06 1.107621e+09 6002113 1.098087e+09 6002113
4.147721e-07 1.113757e+09 6003113 1.126517e+09 6003113
1.046396e-06 1.10807e+09 6003113 1.11126e+09 6003113
1.046396e-06 1.10807e+09 6003113 1.11126e+09 6003113
1.181298e-06 1.121687e+09 6003113 1.123766e+09 6003113
1.181298e-06 1.121687e+09 6003113 1.123766e+09 6003113
4.965987e-07 1.098721e+09 6002113 1.084593e+09 6002113
1.243543e-06 1.127001e+09 6002113 1.104169e+09 6002113
1.12695e-06 1.102319e+09 6002113 1.107825e+09 6002113
8.0775e-07 1.111305e+09 6002113 1.117088e+09 6002113
1.228617e-06 1.095934e+09 6002113 1.108317e+09 6002113
1.175734e-06 1.123007e+09 6003113 1.141116e+09 6003113
1.135662e-06 1.153379e+09 6003113 1.116965e+09 6003113
8.0775e-07 1.127007e+09 6003113 1.116119e+09 6003113
1.206871e-06 1.129794e+09 6003113 1.119846e+09 6003113
1.076046e-06 1.11796e+09 6002113 1.107893e+09 6002113
8.496002e-07 1.112364e+09 6002113 1.076363e+09 6002113
1.250501e-06 1.125546e+09 6003113 1.11945e+09 6003113
1.183032e-06 1.120343e+09 6002113 1.096396e+09 6002113
8.496002e-07 1.114802e+09 6003113 1.125131e+09 6003113
7.591018e-07 1.105228e+09 6002113 1.110056e+09 6002113
1.269395e-06 1.118914e+09 6002113 1.100008e+09 6002113
1.208377e-06 1.090309e+09 6002113 1.107711e+09 6002113
1.046396e-06 1.124212e+09 6002113 1.052778e+09 6002113
1.051295e-06 1.11658e+09 6002113 1.105176e+09 6002113
1.436533e-06 1.108516e+09 6003113 1.091359e+09 6003113
1.216471e-06 1.103385e+09 6002113 1.09639e+09 6002113
2.238309e-07 1.114298e+09 6003113 1.138882e+09 6003113
1.075022e-06 1.110418e+09 6002113 1.099439e+09 6002113
1.051295e-06 1.118136e+09 6002113 1.104885e+09 6002113
1.250944e-06 1.102984e+09 6003113 1.125007e+09 6003113
1.232318e-06 1.094381e+09 6001113 1.075877e+09 6001113
1.035017e-06 1.118344e+09 6002113 1.11137e+09 6002113
1.436533e-06 1.105382e+09 6002113 1.100872e+09 6002113
1.042877e-06 1.10952e+09 6002113 1.108628e+09 6002113
1.537676e-06 1.105051e+09 6002113 1.109771e+09 6002113
1.436533e-06 1.095771e+09 6001113 1.068097e+09 6001113
1.135164e-06 1.110539e+09 6002113 1.119976e+09 6002113
2.573604e-07 1.120425e+09 6003113 1.115345e+09 6003113
1.110283e-06 1.102182e+09 6002113 1.102615e+09 6002113
1.053357e-06 1.103876e+09 6002113 1.107728e+09 6002113
1.053357e-06 1.103876e+09 6002113 1.107728e+09 6002113
7.469044e-08 1.086208e+09 6002113 1.106512e+09 6002113
1.039175e-06 1.117724e+09 6003113 1.125022e+09 6003113
1.288152e-06 1.092274e+09 6002113 1.116481e+09 6002113
1.232318e-06 1.086903e+09 6002113 1.115741e+09 6002113
4.258957e-07 1.108442e+09 6002113 1.100191e+09 6002113
1.178282e-06 1.118729e+09 6002113 1.092635e+09 6002113
1.135164e-06 1.11392e+09 6002113 1.115989e+09 6002113
1.053357e-06 1.104186e+09 6002113 1.11418e+09 6002113
1.130015e-06 1.117102e+09 6003113 1.125965e+09 6003113
1.953967e-09 1.097408e+09 6002113 1.077943e+09 6002113
1.143995e-06 1.105296e+09 6002113 1.094235e+09 6002113
5.002168e-08 1.139302e+09 6003113 1.115951e+09 6003113
1.067528e-06 1.103385e+09 6002113 1.110276e+09 6002113
1.54752e-07 1.130001e+09 6003113 1.109176e+09 6003113
1.461778e-06 1.101991e+09 6002113 1.118116e+09 6002113
2.573604e-07 1.142741e+09 6003113 1.114289e+09 6003113
1.096421e-06 1.10972e+09 6002113 1.10086e+09 6002113
1.213071e-06 1.115736e+09 6002113 1.12591e+09 6002113
1.178282e-06 1.118145e+09 6003113 1.144931e+09 6003113
1.077683e-06 1.064154e+09 6001113 1.099401e+09 6001113
1.075022e-06 1.120922e+09 6002113 1.116116e+09 6002113
1.228617e-06 1.117278e+09 6002113 1.09331e+09 6002113
1.077683e-06 1.094522e+09 6002113 1.116276e+09 6002113
6.546621e-08 1.110834e+09 6002113 1.085489e+09 6002113
1.178282e-06 1.109161e+09 6002113 1.094962e+09 6002113
1.24101e-06 1.101432e+09 6002113 1.101172e+09 6002113
1.053357e-06 1.113921e+09 6002113 1.080709e+09 6002113
5.788804e-07 1.110475e+09 6002113 1.110324e+09 6002113
1.039175e-06 1.119182e+09 6002113 1.092283e+09 6002113
1.175734e-06 1.110895e+09 6003113 1.151128e+09 6003113
5.451273e-07 1.104645e+09 6002113 1.099496e+09 6002113
5.451273e-07 1.104645e+09 6002113 1.099496e+09 6002113
1.046396e-06 1.117821e+09 6002113 1.10572e+09 6002113
1.13445e-06 1.116801e+09 6002113 1.121172e+09 6002113
1.13445e-06 1.116801e+09 6002113 1.121172e+09 6002113
1.123231e-06 1.108756e+09 6002113 1.095988e+09 6002113
7.164033e-07 1.108222e+09 6002113 1.117188e+09 6002113
1.135164e-06 1.109009e+09 6002113 1.094867e+09 6002113
1.409216e-06 1.122597e+09 6002113 1.118485e+09 6002113
1.206871e-06 1.102891e+09 6002113 1.113541e+09 6002113
1.24101e-06 1.112362e+09 6002113 1.086174e+09 6002113
1.046138e-06 1.113565e+09 6003113 1.139865e+09 6003113
1.208377e-06 1.103083e+09 6002113 1.117223e+09 6002113
1.436533e-06 1.108671e+09 6002113 1.108845e+09 6002113
1.228137e-06 1.107318e+09 6002113 1.108243e+09 6002113
1.173282e-06 1.09082e+09 6002113 1.111572e+09 6002113
1.436533e-06 1.08794e+09 6002113 1.094626e+09 6002113
3.816479e-07 1.101847e+09 6002113 1.119265e+09 6002113
1.076046e-06 1.08912e+09 6002113 1.119065e+09 6002113
7.60741e-07 1.094052e+09 6002113 1.108456e+09 6002113
2.413614e-08 1.119383e+09 6002113 1.092392e+09 6002113
1.071004e-06 1.120483e+09 6002113 1.104666e+09 6002113
1.228617e-06 1.105281e+09 6002113 1.12274e+09 6002113
1.235728e-06 1.117647e+09 6003113 1.089273e+09 6003113
7.164033e-07 1.109063e+09 6003113 1.121861e+09 6003113
9.338663e-07 1.098985e+09 6002113 1.11751e+09 6002113
1.135662e-06 1.108607e+09 6002113 1.111709e+09 6002113
1.053357e-06 1.109719e+09 6002113 1.117714e+09 6002113
1.250944e-06 1.100845e+09 6002113 1.094671e+09 6002113
9.776975e-07 1.114623e+09 6002113 1.105478e+09 6002113
9.776975e-07 1.114623e+09 6002113 1.105478e+09 6002113
1.053357e-06 1.11104e+09 6002113 1.101032e+09 6002113
1.263142e-06 1.116331e+09 6002113 1.095488e+09 6002113
1.25249e-06 1.103081e+09 6002113 1.11604e+09 6002113
1.232318e-06 1.102142e+09 6002113 1.115862e+09 6002113
1.111277e-06 1.13144e+09 6003113 1.111306e+09 6003113
1.250944e-06 1.098686e+09 6002113 1.108658e+09 6002113
6.748739e-07 1.07883e+09 6002113 1.101345e+09 6002113
4.49933e-07 1.10592e+09 6002113 1.099387e+09 6002113
1.748884e-06 1.11633e+09 6002113 1.105542e+09 6002113
1.485769e-06 1.106798e+09 6002113 1.124744e+09 6002113
1.250501e-06 1.10868e+09 6002113 1.091207e+09 6002113
1.051295e-06 1.088979e+09 6002113 1.106601e+09 6002113
2.797391e-08 1.108874e+09 6002113 1.108953e+09 6002113
2.797391e-08 1.108874e+09 6002113 1.108953e+09 6002113
1.043321e-06 1.111539e+09 6003113 1.142513e+09 6003113
1.409216e-06 1.108888e+09 6002113 1.1065e+09 6002113
1.243307e-06 1.11037e+09 6002113 1.11603e+09 6002113
1.437762e-06 1.117857e+09 6002113 1.101867e+09 6002113
5.748832e-07 1.119644e+09 6002113 1.102863e+09 6002113
1.250501e-06 1.083188e+09 6002113 1.110253e+09 6002113
1.123231e-06 1.100643e+09 6002113 1.112491e+09 6002113
1.029751e-06 1.122904e+09 6002113 1.100748e+09 6002113
1.705632e-06 1.067484e+09 6001113 1.096779e+09 6001113
6.663501e-07 1.082665e+09 6002113 1.093142e+09 6002113
1.043321e-06 1.120386e+09 6002113 1.113573e+09 6002113
8.543116e-07 1.119056e+09 6002113 1.084939e+09 6002113
1.076346e-06 1.101112e+09 6002113 1.115691e+09 6002113
5.347884e-07 1.107643e+09 6002113 1.100477e+09 6002113
1.143995e-06 1.113211e+09 6002113 1.097249e+09 6002113
1.012423e-06 1.127237e+09 6003113 1.107346e+09 6003113
1.187496e-06 1.113996e+09 6002113 1.10484e+09 6002113
1.046396e-06 1.112826e+09 6002113 1.114037e+09 6002113
1.231692e-06 1.118862e+09 6003113 1.131042e+09 6003113
1.576454e-06 1.093995e+09 6002113 1.10773e+09 6002113
1.030349e-06 1.107898e+09 6002113 1.118058e+09 6002113
1.046396e-06 1.066993e+09 6002113 1.104321e+09 6002113
1.206871e-06 1.09138e+09 6002113 1.10075e+09 6002113
2.784213e-10 1.116827e+09 6002113 1.100155e+09 6002113
1.222417e-06 1.09166e+09 6002113 1.102453e+09 6002113
1.461778e-06 1.099491e+09 6002113 1.111947e+09 6002113
1.203846e-06 1.12496e+09 6002113 1.082933e+09 6002113
1.026386e-07 1.117321e+09 6002113 1.113652e+09 6002113
1.076346e-06 1.110561e+09 6002113 1.118448e+09 6002113
1.210289e-06 1.114465e+09 6002113 1.09344e+09 6002113
7.763088e-07 1.064036e+09 6002113 1.110956e+09 6002113
1.123231e-06 1.089728e+09 6002113 1.103191e+09 6002113
1.228137e-06 1.111201e+09 6002113 1.079662e+09 6002113
1.739418e-06 1.120589e+09 6003113 1.135522e+09 6003113
1.54752e-07 1.082513e+09 6002113 1.113761e+09 6002113
1.437762e-06 1.091221e+09 6001113 1.064831e+09 6001113
3.105321e-07 1.104968e+09 6003113 1.12436e+09 6003113
7.591018e-07 1.148642e+09 6003113 1.118232e+09 6003113
1.132543e-06 1.132787e+09 6003113 1.123356e+09 6003113
1.039175e-06 1.117817e+09 6002113 1.076505e+09 6002113
1.817208e-07 1.102602e+09 6002113 1.107818e+09 6002113
1.228137e-06 1.083144e+09 6003113 1.109847e+09 6003113
1.059282e-06 1.116013e+09 6002113 1.101801e+09 6002113
1.042877e-06 1.117803e+09 6003113 1.127305e+09 6003113
1.035017e-06 1.091845e+09 6002113 1.116937e+09 6002113
1.235728e-06 1.110531e+09 6002113 1.115166e+09 6002113
9.732345e-07 1.103435e+09 6002113 1.10512e+09 6002113
1.243543e-06 1.07735e+09 6002113 1.11842e+09 6002113
3.105321e-07 1.102005e+09 6002113 1.031865e+09 6002113
1.213071e-06 1.092682e+09 6002113 1.107109e+09 6002113
1.096421e-06 1.100679e+09 6001113 1.092116e+09 6001113
1.096421e-06 1.100679e+09 6001113 1.092116e+09 6001113
1.135662e-06 1.103102e+09 6002113 1.112453e+09 6002113
1.132543e-06 1.078723e+09 6001113 1.088514e+09 6001113
4.147721e-07 1.112412e+09 6002113 1.112765e+09 6002113
1.817208e-07 1.103622e+09 6002113 1.118214e+09 6002113
1.096421e-06 1.101355e+09 6002113 1.117499e+09 6002113
1.576454e-06 1.096079e+09 6002113 1.101426e+09 6002113
1.576454e-06 1.096079e+09 6002113 1.101426e+09 6002113
1.012423e-06 1.115167e+09 6002113 1.085597e+09 6002113
4.603069e-07 1.133533e+09 6003113 1.110419e+09 6003113
1.029751e-06 1.11544e+09 6003113 1.108433e+09 6003113
1.076346e-06 1.120646e+09 6002113 1.119865e+09 6002113
1.076046e-06 1.126697e+09 6003113 1.127851e+09 6003113
5.451273e-07 1.108961e+09 6002113 1.107624e+09 6002113
1.509184e-06 1.117998e+09 6002113 1.113574e+09 6002113
1.436533e-06 1.112956e+09 6003113 1.144548e+09 6003113
1.030349e-06 1.104285e+09 6002113 1.078718e+09 6002113
1.235728e-06 1.107497e+09 6003113 1.112263e+09 6003113
1.228741e-10 1.121314e+09 6002113 1.096568e+09 6002113
1.135662e-06 1.115693e+09 6002113 1.107511e+09 6002113
5.737901e-07 1.097586e+09 6002113 1.117007e+09 6002113
1.156709e-06 1.120664e+09 6002113 1.111071e+09 6002113
1.089717e-06 1.13285e+09 6003113 1.115027e+09 6003113
1.035017e-06 1.111423e+09 6002113 1.101785e+09 6002113
9.066282e-08 1.131469e+09 6003113 1.118013e+09 6003113
2.079948e-08 1.106917e+09 6002113 1.111945e+09 6002113
1.186747e-06 1.149699e+09 6003113 1.108209e+09 6003113
1.437762e-06 1.092833e+09 6002113 1.109409e+09 6002113
1.135164e-06 1.116925e+09 6002113 1.097891e+09 6002113
1.54752e-07 1.097777e+09 6002113 1.111942e+09 6002113
1.243543e-06 1.129999e+09 6003113 1.12879e+09 6003113
1.183156e-06 1.104376e+09 6002113 1.114231e+09 6002113
1.135662e-06 1.109845e+09 6002113 1.100922e+09 6002113
1.135164e-06 1.115033e+09 6003113 1.137285e+09 6003113
9.338663e-07 1.107532e+09 6002113 1.119146e+09 6002113
8.47601e-07 1.111009e+09 6002113 1.048116e+09 6002113
1.263142e-06 1.111227e+09 6003113 1.144494e+09 6003113
1.042877e-06 1.108247e+09 6002113 1.120192e+09 6002113
1.222417e-06 1.103904e+09 6002113 1.074139e+09 6002113
1.156709e-06 1.097203e+09 6002113 1.117869e+09 6002113
9.776975e-07 1.110379e+09 6002113 1.11602e+09 6002113
1.043321e-06 1.12439e+09 6003113 1.10903e+09 6003113
1.073318e-06 1.13452e+09 6003113 1.109945e+09 6003113
1.232318e-06 1.066054e+09 6001113 1.104442e+09 6001113
1.232318e-06 1.115781e+09 6003113 1.10366e+09 6003113
1.509184e-06 1.106897e+09 6002113 1.096988e+09 6002113
7.992481e-08 1.150715e+09 6003113 1.110664e+09 6003113
1.437762e-06 1.124887e+09 6003113 1.135352e+09 6003113
2.335822e-07 1.145708e+09 6003113 1.119066e+09 6003113
1.509184e-06 1.116842e+09 6003113 1.107886e+09 6003113
1.208377e-06 1.092166e+09 6002113 1.116539e+09 6002113
1.208377e-06 1.089177e+09 6002113 1.111654e+09 6002113
1.035017e-06 1.104885e+09 6002113 1.106871e+09 6002113
8.0775e-07 1.116714e+09 6002113 1.118004e+09 6002113
1.705632e-06 1.128905e+09 6003113 1.108992e+09 6003113
1.183032e-06 1.120279e+09 6002113 1.099602e+09 6002113
4.031234e-08 1.12516e+09 6002113 1.097016e+09 6002113
1.132543e-06 1.102221e+09 6002113 1.099508e+09 6002113
1.12695e-06 1.135553e+09 6003113 1.11506e+09 6003113
3.505081e-07 1.102152e+09 6002113 1.110922e+09 6002113
1.051295e-06 1.115882e+09 6002113 1.115922e+09 6002113
5.451273e-07 1.119034e+09 6002113 1.100086e+09 6002113
1.218585e-06 1.103322e+09 6002113 1.118054e+09 6002113
2.476365e-07 1.110132e+09 6003113 1.133549e+09 6003113
4.49933e-07 1.098012e+09 6002113 1.117726e+09 6002113
1.232318e-06 1.096939e+09 6002113 1.111202e+09 6002113
1.143995e-06 1.050861e+09 6001113 1.088901e+09 6001113
2.018917e-07 1.101498e+09 6002113 1.079873e+09 6002113
1.029751e-06 1.119112e+09 6002113 1.107651e+09 6002113
1.042877e-06 1.084458e+09 6002113 1.093002e+09 6002113
1.600697e-06 1.116806e+09 6002113 1.082916e+09 6002113
1.075022e-06 1.118065e+09 6002113 1.108404e+09 6002113
1.183032e-06 1.10535e+09 6002113 1.108586e+09 6002113
4.258957e-07 1.105401e+09 6002113 1.118111e+09 6002113
1.250944e-06 1.118732e+09 6003113 1.138303e+09 6003113
1.029751e-06 1.110847e+09 6003113 1.136811e+09 6003113
1.076046e-06 1.100968e+09 6002113 1.116037e+09 6002113
1.259662e-06 1.117284e+09 6003113 1.1093e+09 6003113
1.076346e-06 1.116879e+09 6002113 1.112424e+09 6002113
1.216471e-06 1.111504e+09 6002113 1.10895e+09 6002113
1.748884e-06 1.099508e+09 6002113 1.115758e+09 6002113
9.732345e-07 1.107373e+09 6002113 1.061584e+09 6002113
1.076346e-06 1.098108e+09 6003113 1.151234e+09 6003113
6.546621e-08 1.084372e+09 6003113 1.105823e+09 6003113
1.187496e-06 1.116495e+09 6003113 1.124261e+09 6003113
1.208377e-06 1.113594e+09 6003113 1.119099e+09 6003113
1.174399e-06 1.10682e+09 6002113 1.109218e+09 6002113
1.135662e-06 1.113932e+09 6003113 1.097656e+09 6003113
3.816479e-07 1.107517e+09 6002113 1.11531e+09 6002113
1.081795e-06 1.104193e+09 6002113 1.102994e+09 6002113
1.05951e-06 1.112668e+09 6002113 1.113866e+09 6002113
1.243543e-06 1.071197e+09 6002113 1.106994e+09 6002113
1.228137e-06 1.099128e+09 6002113 1.107801e+09 6002113
