2.642505e-06 1.047232e+09 6001113 1.074654e+09 6001113
2.421803e-08 1.051767e+09 6001114 1.046976e+09 6001113
4.021163e-06 1.075087e+09 6002113 1.086691e+09 6002113
3.127939e-06 1.069873e+09 6002113 1.096558e+09 6002113
2.846893e-06 1.056971e+09 6001113 1.026698e+09 6001113
2.992628e-06 1.052129e+09 6001113 1.075041e+09 6001113
2.68073e-06 1.030056e+09 6001113 1.044829e+09 6001113
2.947757e-06 1.045362e+09 6001113 1.070859e+09 6001113
2.9337e-06 1.053183e+09 6002114 1.087809e+09 6002113
3.070229e-06 1.05888e+09 6001113 1.059303e+09 6001113
4.36699e-06 1.070362e+09 6001113 1.051456e+09 6001113
2.846893e-06 1.02824e+09 6001113 1.042878e+09 6001113
2.626616e-06 1.076881e+09 6001113 1.063731e+09 6001113
2.846893e-06 1.041483e+09 6001113 1.056926e+09 6001113
2.9337e-06 1.073071e+09 6002113 1.066623e+09 6002113
5.16679e-07 1.059798e+09 6001114 1.039687e+09 6001113
2.946817e-06 1.117217e+09 6003113 1.091185e+09 6003113
2.639529e-06 1.126129e+09 6003113 1.084998e+09 6003113
3.893225e-06 1.052224e+09 6001114 1.061386e+09 6001113
2.626616e-06 1.040741e+09 6001113 1.044021e+09 6001113
2.914819e-06 1.085658e+09 6002113 1.09064e+09 6002113
2.590285e-06 1.06234e+09 6001113 1.036187e+09 6001113
2.700848e-06 1.057816e+09 6001113 1.060138e+09 6001113
3.095089e-06 1.023895e+09 6001114 1.050461e+09 6001113
2.863277e-06 1.028611e+09 6001113 1.057309e+09 6001113
5.973251e-07 1.045822e+09 6001113 1.042221e+09 6001113
8.200268e-07 1.061413e+09 6001113 1.002187e+09 6001113
3.270864e-06 1.081488e+09 6002113 1.101654e+09 6002113
3.960046e-06 1.054124e+09 6001113 1.074632e+09 6001113
2.182087e-06 1.053701e+09 6001113 1.069968e+09 6001113
1.157454e-06 1.056476e+09 6001113 1.047105e+09 6001113
2.700848e-06 1.115917e+09 6003114 1.085662e+09 6003113
3.311825e-06 1.056649e+09 6001113 1.026467e+09 6001113
2.674041e-06 1.047404e+09 6001113 1.068577e+09 6001113
4.736561e-06 1.064639e+09 6001113 1.076127e+09 6001113
2.952572e-06 1.072808e+09 6002113 1.055597e+09 6002113
3.058438e-06 1.09506e+09 6002113 1.067435e+09 6002113
3.058438e-06 1.040411e+09 6001113 1.049888e+09 6001113
2.867961e-06 1.090641e+09 6002113 1.062485e+09 6002113
4.318105e-06 1.057794e+09 6001114 1.05512e+09 6001113
2.68073e-06 1.056402e+09 6001113 1.056013e+09 6001113
2.934211e-06 1.087711e+09 6002113 1.085459e+09 6002113
2.691665e-06 1.087939e+09 6002113 1.066949e+09 6002113
2.020735e-06 1.047064e+09 6001113 1.06124e+09 6001113
3.388797e-06 1.085696e+09 6002113 1.087494e+09 6002113
3.06348e-06 1.058887e+09 6001114 1.054934e+09 6001113
1.459345e-06 1.127497e+09 6003114 1.085785e+09 6003113
4.93265e-06 1.085451e+09 6002113 1.059517e+09 6002113
2.888987e-06 1.064336e+09 6001113 1.068421e+09 6001113
2.814399e-06 1.070924e+09 6001114 1.049365e+09 6001113
2.337692e-06 1.058952e+09 6001113 1.036099e+09 6001113
2.337692e-06 1.058952e+09 6001113 1.036099e+09 6001113
2.028007e-06 1.058071e+09 6001113 1.027867e+09 6001113
2.700536e-06 1.040599e+09 6002113 1.097e+09 6002113
2.708489e-06 1.079864e+09 6002113 1.076023e+09 6002113
2.707431e-06 1.068894e+09 6002113 1.070078e+09 6002113
8.941505e-07 1.057357e+09 6001114 1.053025e+09 6001113
3.037805e-06 1.06001e+09 6001113 1.044747e+09 6001113
3.455173e-06 1.062606e+09 6001113 1.020366e+09 6001113
2.631698e-06 1.05935e+09 6001113 1.073919e+09 6001113
2.842295e-06 1.050955e+09 6001114 1.046452e+09 6001113
2.829485e-06 1.062966e+09 6002114 1.090389e+09 6002113
2.320282e-07 1.04633e+09 6001114 1.04066e+09 6001113
2.97213e-06 1.050455e+09 6001114 1.04141e+09 6001113
2.702279e-06 1.055592e+09 6001113 1.051581e+09 6001113
7.106268e-08 1.068076e+09 6003113 1.090789e+09 6003113
3.455173e-06 1.054469e+09 6001113 1.07094e+09 6001113
4.078165e-06 1.069822e+09 6002113 1.079533e+09 6002113
2.329728e-06 1.06523e+09 6001114 1.055179e+09 6001113
2.68073e-06 1.090397e+09 6002114 1.083637e+09 6002113
1.685982e-06 1.012132e+09 6001113 1.064182e+09 6001113
3.037805e-06 1.080737e+09 6002113 1.087298e+09 6002113
2.934211e-06 1.050209e+09 6001113 1.040709e+09 6001113
2.425104e-06 1.083093e+09 6002113 1.084493e+09 6002113
2.947757e-06 1.063148e+09 6001113 1.068142e+09 6001113
3.020323e-06 1.064402e+09 6001113 1.058641e+09 6001113
2.020735e-06 1.034693e+09 6001114 1.051184e+09 6001113
3.156986e-06 1.083114e+09 6001113 1.059829e+09 6001113
2.960392e-06 1.056262e+09 6001114 1.057878e+09 6001113
3.072245e-06 1.06706e+09 6001113 1.05553e+09 6001113
2.83648e-06 1.076035e+09 6002114 1.034284e+09 6002113
2.997753e-06 1.05812e+09 6001113 1.063428e+09 6001113
1.149541e-06 1.055128e+09 6001113 1.047326e+09 6001113
3.085221e-06 1.034228e+09 6001113 1.061549e+09 6001113
4.660011e-06 1.095041e+09 6002114 1.058578e+09 6002113
2.997753e-06 1.086393e+09 6002113 1.040201e+09 6002113
1.878677e-06 1.069343e+09 6002113 1.070454e+09 6002113
3.054425e-06 1.086133e+09 6002113 1.09102e+09 6002113
2.914819e-06 1.049684e+09 6001114 1.058226e+09 6001113
