1.110283e-06 1.099002e+09 6002114 1.104236e+09 6002113
1.132543e-06 1.108902e+09 6002114 1.115742e+09 6002113
1.305167e-06 1.116199e+09 6003113 1.142412e+09 6003113
5.347884e-07 1.114785e+09 6003113 1.112824e+09 6003113
1.13445e-06 1.142405e+09 6003114 1.110906e+09 6003113
2.799167e-09 1.101882e+09 6002113 1.103984e+09 6002113
1.218585e-06 1.108576e+09 6002113 1.103671e+09 6002113
1.203846e-06 1.11091e+09 6002114 1.118169e+09 6002113
1.730235e-07 1.105547e+09 6002113 1.093971e+09 6002113
8.47601e-07 1.116257e+09 6003113 1.142823e+09 6003113
1.076346e-06 1.127761e+09 6003114 1.108555e+09 6003113
7.60741e-07 1.108893e+09 6002113 1.109517e+09 6002113
1.576454e-06 1.026601e+09 6002113 1.108319e+09 6002113
2.573604e-07 1.116593e+09 6002113 1.066086e+09 6002113
1.038547e-06 1.108182e+09 6002113 1.104734e+09 6002113
1.243543e-06 1.077072e+09 6002113 1.114488e+09 6002113
9.338663e-07 1.104854e+09 6002114 1.109811e+09 6002113
1.111277e-06 1.112453e+09 6002113 1.089564e+09 6002113
9.776975e-07 1.110798e+09 6002113 1.11689e+09 6002113
1.029751e-06 1.096365e+09 6002114 1.111129e+09 6002113
1.073318e-06 1.060611e+09 6002113 1.117687e+09 6002113
1.143995e-06 1.102962e+09 6002113 1.117726e+09 6002113
1.228617e-06 1.108942e+09 6002113 1.117813e+09 6002113
1.174399e-06 1.131613e+09 6003114 1.117479e+09 6003113
1.748884e-06 1.098233e+09 6001113 1.051853e+09 6001113
1.216471e-06 1.108708e+09 6002114 1.108852e+09 6002113
1.228617e-06 1.114921e+09 6002113 1.121876e+09 6002113
1.206871e-06 1.073562e+09 6002113 1.108422e+09 6002113
1.231692e-06 1.105402e+09 6002113 1.082386e+09 6002113
2.335822e-07 1.087347e+09 6002113 1.100852e+09 6002113
4.258957e-07 1.118037e+09 6002113 1.106268e+09 6002113
1.206871e-06 1.094753e+09 6003114 1.105736e+09 6003113
4.361056e-08 1.106911e+09 6002113 1.091459e+09 6002113
1.035017e-06 1.105531e+09 6002113 1.090751e+09 6002113
1.181298e-06 1.076785e+09 6002114 1.120016e+09 6002113
1.748884e-06 1.117876e+09 6003114 1.109483e+09 6003113
1.173282e-06 1.066203e+09 6001114 1.083215e+09 6001113
4.49933e-07 1.106821e+09 6003113 1.132117e+09 6003113
1.408483e-06 1.108349e+09 6002113 1.086905e+09 6002113
1.250501e-06 1.093094e+09 6002113 1.119623e+09 6002113
5.727624e-08 1.092438e+09 6002114 1.11571e+09 6002113
1.077683e-06 1.067917e+09 6002114 1.111813e+09 6002113
2.573604e-07 1.098103e+09 6002113 1.105436e+09 6002113
1.046138e-06 1.111533e+09 6003113 1.144152e+09 6003113
9.732345e-07 1.112436e+09 6002113 1.107167e+09 6002113
1.222417e-06 1.109589e+09 6002113 1.113065e+09 6002113
1.077683e-06 1.108629e+09 6002113 1.109287e+09 6002113
1.042877e-06 1.147015e+09 6003113 1.117454e+09 6003113
1.228137e-06 1.079946e+09 6002113 1.115883e+09 6002113
1.046138e-06 1.094155e+09 6002113 1.112841e+09 6002113
1.509184e-06 1.109673e+09 6002113 1.11652e+09 6002113
1.096421e-06 1.112339e+09 6002113 1.094997e+09 6002113
2.621314e-08 1.123042e+09 6002114 1.106692e+09 6002113
3.105321e-07 1.104515e+09 6002113 1.124531e+09 6002113
1.173282e-06 1.116433e+09 6002113 1.116107e+09 6002113
1.12695e-06 1.112326e+09 6002114 1.111367e+09 6002113
6.748739e-07 1.110037e+09 6002113 1.099429e+09 6002113
8.028714e-07 1.110155e+09 6002114 1.108658e+09 6002113
1.012423e-06 1.119206e+09 6003113 1.121036e+09 6003113
1.093301e-07 1.109737e+09 6002113 1.095251e+09 6002113
4.147721e-07 1.122815e+09 6002114 1.107095e+09 6002113
4.361056e-08 1.11204e+09 6002114 1.091397e+09 6002113
1.250501e-06 1.059422e+09 6002114 1.117762e+09 6002113
1.05951e-06 1.115927e+09 6002113 1.12383e+09 6002113
1.187496e-06 1.109899e+09 6003113 1.10519e+09 6003113
1.132543e-06 1.113068e+09 6002113 1.112177e+09 6002113
7.032069e-08 1.109499e+09 6002113 1.108472e+09 6002113
1.215225e-06 1.102548e+09 6002114 1.109504e+09 6002113
2.476365e-07 1.148486e+09 6003114 1.117422e+09 6003113
1.046396e-06 1.103251e+09 6002114 1.10466e+09 6002113
8.881196e-07 1.084554e+09 6002113 1.110899e+09 6002113
4.853334e-07 1.084167e+09 6002113 1.098025e+09 6002113
8.47601e-07 1.06668e+09 6001114 1.099432e+09 6001113
1.259662e-06 1.147014e+09 6003114 1.117856e+09 6003113
6.546621e-08 1.109153e+09 6002113 1.106371e+09 6002113
4.361056e-08 1.107681e+09 6002113 1.118424e+09 6002113
1.05951e-06 1.094912e+09 6002113 1.117878e+09 6002113
1.073318e-06 1.09756e+09 6002113 1.109262e+09 6002113
4.49933e-07 1.137413e+09 6003113 1.117566e+09 6003113
1.053357e-06 1.117632e+09 6002113 1.098093e+09 6002113
1.203846e-06 1.121663e+09 6003113 1.136342e+09 6003113
1.173282e-06 1.079848e+09 6001113 1.089607e+09 6001113
1.183032e-06 1.062663e+09 6001114 1.088106e+09 6001113
7.696453e-07 1.110212e+09 6002113 1.111865e+09 6002113
1.263142e-06 1.138201e+09 6003114 1.122431e+09 6003113
1.135164e-06 1.112828e+09 6002113 1.10166e+09 6002113
1.130015e-06 1.116269e+09 6002113 1.106536e+09 6002113
1.228137e-06 1.110684e+09 6002114 1.115903e+09 6002113
1.1291e-06 1.124525e+09 6003114 1.116861e+09 6003113
2.573604e-07 1.114384e+09 6002113 1.111823e+09 6002113
1.235728e-06 1.148268e+09 6003114 1.1119e+09 6003113
1.409216e-06 1.122652e+09 6003113 1.13665e+09 6003113
1.213071e-06 1.058236e+09 6001114 1.083709e+09 6001113
1.748884e-06 1.097719e+09 6002113 1.114572e+09 6002113
1.029751e-06 1.107652e+09 6002113 1.09078e+09 6002113
1.05951e-06 1.119719e+09 6002113 1.091734e+09 6002113
1.039175e-06 1.10198e+09 6002113 1.109186e+09 6002113
1.029751e-06 1.113376e+09 6002114 1.115761e+09 6002113
1.043321e-06 1.103793e+09 6002113 1.117872e+09 6002113
1.183156e-06 1.123036e+09 6003114 1.116091e+09 6003113
1.093301e-07 1.115608e+09 6002113 1.10386e+09 6002113
1.076346e-06 1.085041e+09 6002113 1.097338e+09 6002113
3.897765e-07 1.11718e+09 6002113 1.120112e+09 6002113
9.066282e-08 1.111523e+09 6002114 1.118097e+09 6002113
5.451273e-07 1.12116e+09 6002113 1.099069e+09 6002113
1.053357e-06 1.142639e+09 6003113 1.118841e+09 6003113
1.65077e-08 1.122877e+09 6003113 1.137293e+09 6003113
1.24101e-06 1.072689e+09 6002114 1.091855e+09 6002113
1.183032e-06 1.116516e+09 6002113 1.078473e+09 6002113
1.042877e-06 1.125157e+09 6003113 1.116817e+09 6003113
1.537676e-06 1.105862e+09 6002113 1.117084e+09 6002113
1.076346e-06 1.109888e+09 6002113 1.104577e+09 6002113
1.173282e-06 1.148591e+09 6003113 1.116796e+09 6003113
1.227433e-06 1.112303e+09 6002113 1.116908e+09 6002113
1.810304e-10 1.088366e+09 6002113 1.110171e+09 6002113
1.123231e-06 1.116473e+09 6003113 1.107483e+09 6003113
1.203846e-06 1.112787e+09 6003113 1.129348e+09 6003113
1.748884e-06 1.118078e+09 6002114 1.117041e+09 6002113
3.357466e-11 1.134084e+09 6003114 1.123727e+09 6003113
1.183156e-06 1.108406e+09 6003113 1.148762e+09 6003113
1.13445e-06 1.09945e+09 6002114 1.094149e+09 6002113
1.218585e-06 1.122319e+09 6003113 1.124562e+09 6003113
1.13445e-06 1.110264e+09 6002113 1.11586e+09 6002113
3.274333e-09 1.105928e+09 6002113 1.10811e+09 6002113
7.60741e-07 1.107611e+09 6002113 1.110094e+09 6002113
7.591018e-07 1.10877e+09 6002114 1.104483e+09 6002113
1.656507e-06 1.101742e+09 6002113 1.115898e+09 6002113
4.258957e-07 1.142377e+09 6003113 1.1118e+09 6003113
1.183156e-06 1.122541e+09 6002113 1.115938e+09 6002113
1.228137e-06 1.102616e+09 6002113 1.091199e+09 6002113
1.12695e-06 1.117481e+09 6002113 1.104378e+09 6002113
1.206871e-06 1.112263e+09 6002113 1.108625e+09 6002113
1.111277e-06 1.111462e+09 6003113 1.136932e+09 6003113
2.829832e-07 1.09531e+09 6002113 1.109082e+09 6002113
2.413614e-08 1.122167e+09 6002113 1.099609e+09 6002113
5.002168e-08 1.109059e+09 6003113 1.141112e+09 6003113
1.269395e-06 1.091645e+09 6002114 1.114485e+09 6002113
1.24101e-06 1.09929e+09 6002113 1.099614e+09 6002113
1.183156e-06 1.117359e+09 6002113 1.112763e+09 6002113
1.135164e-06 1.107585e+09 6002113 1.109311e+09 6002113
1.191626e-06 1.080811e+09 6002114 1.108009e+09 6002113
1.206871e-06 1.094284e+09 6002113 1.111284e+09 6002113
1.029751e-06 1.112881e+09 6003114 1.095546e+09 6003113
1.228617e-06 1.111634e+09 6002114 1.101972e+09 6002113
1.174399e-06 1.104973e+09 6002113 1.107962e+09 6002113
1.12695e-06 1.109756e+09 6003113 1.120706e+09 6003113
9.347118e-07 1.071424e+09 6002114 1.125207e+09 6002113
1.132543e-06 1.101568e+09 6002113 1.107901e+09 6002113
1.05951e-06 1.115677e+09 6002113 1.098854e+09 6002113
1.046396e-06 1.11692e+09 6003114 1.117538e+09 6003113
1.228137e-06 1.103133e+09 6003113 1.129928e+09 6003113
1.537676e-06 1.109148e+09 6003113 1.13644e+09 6003113
1.250944e-06 1.115871e+09 6003113 1.150188e+09 6003113
1.046396e-06 1.112903e+09 6003113 1.13842e+09 6003113
9.347118e-07 1.111042e+09 6002113 1.121749e+09 6002113
1.051295e-06 1.096266e+09 6002114 1.116207e+09 6002113
1.173282e-06 1.108876e+09 6002114 1.117765e+09 6002113
1.038547e-06 1.094284e+09 6002114 1.118831e+09 6002113
1.191626e-06 1.105722e+09 6003113 1.120194e+09 6003113
1.046138e-06 1.104543e+09 6002114 1.10707e+09 6002113
1.381179e-07 1.083696e+09 6002113 1.11809e+09 6002113
1.739418e-06 1.137776e+09 6003113 1.128943e+09 6003113
1.230125e-07 1.116861e+09 6003113 1.152712e+09 6003113
1.081795e-06 1.121869e+09 6003113 1.143186e+09 6003113
1.203846e-06 1.100311e+09 6002113 1.056337e+09 6002113
1.381179e-07 1.112204e+09 6002113 1.075216e+09 6002113
1.381179e-07 1.148885e+09 6003114 1.119495e+09 6003113
8.0775e-07 1.10751e+09 6002114 1.095729e+09 6002113
1.250501e-06 1.091496e+09 6002113 1.102037e+09 6002113
1.174399e-06 1.107727e+09 6002114 1.11053e+09 6002113
1.208377e-06 1.060274e+09 6001113 1.097252e+09 6001113
9.732345e-07 1.127304e+09 6003114 1.104086e+09 6003113
1.243543e-06 1.104723e+09 6002113 1.099398e+09 6002113
1.089717e-06 1.099626e+09 6002113 1.122861e+09 6002113
8.496002e-07 1.102137e+09 6002113 1.10282e+09 6002113
1.216471e-06 1.119028e+09 6003113 1.110365e+09 6003113
1.836413e-06 1.108753e+09 6002113 1.10938e+09 6002113
1.461778e-06 1.111061e+09 6002113 1.106272e+09 6002113
1.135164e-06 1.09921e+09 6002113 1.115588e+09 6002113
1.191626e-06 1.093991e+09 6002114 1.116888e+09 6002113
1.096421e-06 1.111457e+09 6002113 1.119793e+09 6002113
1.039175e-06 1.127849e+09 6003113 1.124427e+09 6003113
1.067528e-06 1.115144e+09 6002113 1.113623e+09 6002113
9.776975e-07 1.117281e+09 6002113 1.087852e+09 6002113
1.263142e-06 1.114453e+09 6002113 1.085197e+09 6002113
9.732345e-07 1.109286e+09 6002113 1.075321e+09 6002113
1.12695e-06 1.111676e+09 6002113 1.097737e+09 6002113
1.046396e-06 1.116625e+09 6002114 1.108287e+09 6002113
2.476365e-07 1.097776e+09 6002114 1.118217e+09 6002113
1.243307e-06 1.097045e+09 6002114 1.109588e+09 6002113
8.0775e-07 1.147578e+09 6003114 1.10313e+09 6003113
3.105321e-07 1.116451e+09 6002114 1.106769e+09 6002113
1.173282e-06 1.08164e+09 6002113 1.113958e+09 6002113
1.12695e-06 1.118159e+09 6003114 1.119431e+09 6003113
1.075022e-06 1.149688e+09 6003114 1.121946e+09 6003113
1.705632e-06 1.096677e+09 6002114 1.110394e+09 6002113
1.096421e-06 1.113561e+09 6003113 1.1263e+09 6003113
1.029751e-06 1.101514e+09 6002113 1.085072e+09 6002113
7.164033e-07 1.108318e+09 6002114 1.110138e+09 6002113
1.05951e-06 1.102156e+09 6002114 1.108297e+09 6002113
1.042877e-06 1.107451e+09 6002113 1.111059e+09 6002113
1.250501e-06 1.104051e+09 6002114 1.105055e+09 6002113
1.436533e-06 1.102328e+09 6002113 1.117029e+09 6002113
1.042877e-06 1.111926e+09 6003113 1.114414e+09 6003113
1.135164e-06 1.101659e+09 6002114 1.104598e+09 6002113
1.12695e-06 1.095991e+09 6002114 1.115718e+09 6002113
1.046138e-06 1.123334e+09 6002114 1.11215e+09 6002113
1.25249e-06 1.103428e+09 6002113 1.108422e+09 6002113
2.799167e-09 1.144942e+09 6003113 1.107699e+09 6003113
8.47601e-07 1.092223e+09 6001113 1.075559e+09 6001113
1.076046e-06 1.09275e+09 6002114 1.11383e+09 6002113
1.13445e-06 1.116424e+09 6003113 1.107388e+09 6003113
1.096421e-06 1.141003e+09 6003114 1.102171e+09 6003113
1.076046e-06 1.068043e+09 6001113 1.094693e+09 6001113
1.12695e-06 1.10268e+09 6002113 1.107336e+09 6002113
1.05951e-06 1.085222e+09 6002113 1.119459e+09 6002113
2.238309e-07 1.092524e+09 6002113 1.102915e+09 6002113
1.178282e-06 1.10221e+09 6002114 1.112748e+09 6002113
1.051295e-06 1.110498e+09 6002114 1.118241e+09 6002113
1.485769e-06 1.103951e+09 6002113 1.11913e+09 6002113
1.186747e-06 1.109745e+09 6002113 1.07841e+09 6002113
1.075022e-06 1.10687e+09 6002113 1.079318e+09 6002113
2.048361e-09 1.104065e+09 6002113 1.117668e+09 6002113
1.130015e-06 1.089866e+09 6002113 1.112894e+09 6002113
1.042877e-06 1.111869e+09 6002114 1.110192e+09 6002113
2.621314e-08 1.091919e+09 6002114 1.107798e+09 6002113
1.250944e-06 1.140912e+09 6003113 1.117084e+09 6003113
1.288152e-06 1.134677e+09 6003113 1.100197e+09 6003113
1.05951e-06 1.107266e+09 6002114 1.109255e+09 6002113
1.089717e-06 1.099817e+09 6002113 1.079189e+09 6002113
1.409216e-06 1.117387e+09 6002113 1.110059e+09 6002113
6.748739e-07 1.08633e+09 6002114 1.116154e+09 6002113
1.071004e-06 1.109178e+09 6002113 1.082643e+09 6002113
1.132543e-06 1.100755e+09 6002114 1.113446e+09 6002113
1.05951e-06 1.100346e+09 6002113 1.102023e+09 6002113
6.711459e-07 1.091108e+09 6002113 1.107713e+09 6002113
1.269395e-06 1.11086e+09 6003113 1.118874e+09 6003113
1.1291e-06 1.121984e+09 6002113 1.081341e+09 6002113
1.187496e-06 1.111027e+09 6002113 1.050442e+09 6002113
1.186747e-06 1.101437e+09 6002113 1.116487e+09 6002113
1.213071e-06 1.140955e+09 6003114 1.118384e+09 6003113
3.816479e-07 1.086451e+09 6002114 1.109539e+09 6002113
1.012423e-06 1.115564e+09 6002113 1.10767e+09 6002113
1.408483e-06 1.110088e+09 6002113 1.082006e+09 6002113
1.250944e-06 1.09975e+09 6002114 1.113627e+09 6002113
1.215225e-06 1.06666e+09 6002114 1.102083e+09 6002113
1.437762e-06 1.118971e+09 6003113 1.126996e+09 6003113
1.259662e-06 1.111996e+09 6003113 1.105869e+09 6003113
1.110283e-06 1.115133e+09 6002113 1.107985e+09 6002113
1.228137e-06 1.118666e+09 6002113 1.007799e+09 6002113
1.408483e-06 1.095744e+09 6002114 1.111551e+09 6002113
2.829832e-07 1.108452e+09 6002113 1.106366e+09 6002113
1.038547e-06 1.102603e+09 6002114 1.115759e+09 6002113
1.222417e-06 1.103011e+09 6002114 1.113407e+09 6002113
1.030349e-06 1.108246e+09 6002114 1.105963e+09 6002113
1.076046e-06 1.128931e+09 6003113 1.111453e+09 6003113
1.051295e-06 1.102098e+09 6002113 1.107099e+09 6002113
1.739418e-06 1.114942e+09 6002113 1.09011e+09 6002113
1.216471e-06 1.138572e+09 6003114 1.116372e+09 6003113
1.159611e-07 1.117923e+09 6002113 1.097325e+09 6002113
1.173282e-06 1.110052e+09 6002113 1.117979e+09 6002113
1.227433e-06 1.09985e+09 6001113 1.071023e+09 6001113
4.361056e-08 1.109225e+09 6003113 1.117119e+09 6003113
8.881196e-07 1.105382e+09 6002113 1.113423e+09 6002113
1.029751e-06 1.078995e+09 6002114 1.10138e+09 6002113
1.030349e-06 1.102721e+09 6002114 1.116469e+09 6002113
1.175734e-06 1.081992e+09 6002114 1.090546e+09 6002113
1.523415e-06 1.112384e+09 6002113 1.0991e+09 6002113
1.089717e-06 1.111886e+09 6002113 1.108225e+09 6002113
1.218585e-06 1.102672e+09 6002113 1.096419e+09 6002113
1.075022e-06 1.114693e+09 6002113 1.117922e+09 6002113
1.130015e-06 1.098132e+09 6002114 1.115093e+09 6002113
1.132543e-06 1.161199e+09 6003114 1.111544e+09 6003113
1.206871e-06 1.086354e+09 6002114 1.098108e+09 6002113
1.029751e-06 1.081204e+09 6002114 1.12125e+09 6002113
1.071004e-06 1.102231e+09 6002113 1.117267e+09 6002113
1.123231e-06 1.101801e+09 6002114 1.116023e+09 6002113
1.739418e-06 1.113288e+09 6002113 1.09589e+09 6002113
5.451273e-07 1.108122e+09 6002113 1.109417e+09 6002113
1.228137e-06 1.104135e+09 6002113 1.113377e+09 6002113
5.748832e-07 1.045867e+09 6002113 1.110694e+09 6002113
1.231692e-06 1.116234e+09 6002113 1.107473e+09 6002113
1.216471e-06 1.098602e+09 6002113 1.121833e+09 6002113
1.135662e-06 1.113125e+09 6003113 1.124457e+09 6003113
1.132543e-06 1.096809e+09 6002113 1.102144e+09 6002113
1.208377e-06 1.125199e+09 6002113 1.111438e+09 6002113
1.12695e-06 1.104719e+09 6003113 1.116983e+09 6003113
1.65077e-08 1.122164e+09 6002114 1.110693e+09 6002113
1.705632e-06 1.124631e+09 6003113 1.117573e+09 6003113
6.011061e-09 1.091181e+09 6002113 1.1052e+09 6002113
1.24101e-06 1.082339e+09 6002113 1.119389e+09 6002113
1.203846e-06 1.116715e+09 6003113 1.140327e+09 6003113
1.123231e-06 1.116548e+09 6002114 1.112196e+09 6002113
1.187496e-06 1.100545e+09 6002113 1.115302e+09 6002113
5.002168e-08 1.12751e+09 6003114 1.116763e+09 6003113
5.002168e-08 1.100519e+09 6002114 1.103968e+09 6002113
4.49933e-07 1.145166e+09 6003114 1.100425e+09 6003113
1.228617e-06 1.145972e+09 6003113 1.11011e+09 6003113
9.338663e-07 1.092693e+09 6002114 1.11441e+09 6002113
1.130015e-06 1.137051e+09 6003113 1.106677e+09 6003113
1.076046e-06 1.113322e+09 6002113 1.11783e+09 6002113
1.035017e-06 1.110117e+09 6002113 1.102359e+09 6002113
1.461778e-06 1.0942e+09 6002114 1.118124e+09 6002113
1.539421e-08 1.10956e+09 6002113 1.107176e+09 6002113
1.132543e-06 1.108409e+09 6002113 1.108816e+09 6002113
1.208377e-06 1.112054e+09 6002113 1.09254e+09 6002113
1.634521e-06 1.11103e+09 6002113 1.117944e+09 6002113
9.776975e-07 1.112562e+09 6002114 1.112047e+09 6002113
1.22572e-06 1.14785e+09 6003114 1.107414e+09 6003113
1.656507e-06 1.078515e+09 6001113 1.0934e+09 6001113
1.12695e-06 1.108618e+09 6002113 1.109664e+09 6002113
1.235728e-06 1.0725e+09 6001114 1.089416e+09 6001113
1.222417e-06 1.096071e+09 6002113 1.116789e+09 6002113
1.05951e-06 1.152329e+09 6003113 1.122608e+09 6003113
1.539421e-08 1.120895e+09 6002113 1.113181e+09 6002113
1.231692e-06 1.117089e+09 6003114 1.124491e+09 6003113
7.099232e-07 1.110964e+09 6002113 1.090986e+09 6002113
1.227433e-06 1.106532e+09 6002113 1.076435e+09 6002113
1.038547e-06 1.106187e+09 6002113 1.083311e+09 6002113
1.111277e-06 1.109311e+09 6002114 1.105441e+09 6002113
1.183032e-06 1.095073e+09 6002114 1.105234e+09 6002113
9.732345e-07 1.109187e+09 6002113 1.12127e+09 6002113
1.213071e-06 1.117546e+09 6002113 1.103242e+09 6002113
1.243307e-06 1.139344e+09 6003114 1.130814e+09 6003113
9.732345e-07 1.101998e+09 6002113 1.092083e+09 6002113
1.178282e-06 1.107152e+09 6002113 1.111494e+09 6002113
1.231692e-06 1.107409e+09 6002113 1.11052e+09 6002113
1.705632e-06 1.096974e+09 6002114 1.117058e+09 6002113
1.075022e-06 1.11469e+09 6002113 1.11749e+09 6002113
1.210289e-06 1.086738e+09 6002114 1.101054e+09 6002113
1.178282e-06 1.09283e+09 6002114 1.116419e+09 6002113
1.705632e-06 1.116856e+09 6003113 1.118093e+09 6003113
1.042877e-06 1.069514e+09 6002113 1.106431e+09 6002113
8.47601e-07 1.108024e+09 6002114 1.114172e+09 6002113
1.143995e-06 1.113696e+09 6002113 1.071403e+09 6002113
5.002168e-08 1.112039e+09 6002113 1.109168e+09 6002113
1.076346e-06 1.087871e+09 6002114 1.11234e+09 6002113
1.143995e-06 1.110483e+09 6002113 1.117668e+09 6002113
1.243307e-06 1.099932e+09 6002113 1.11138e+09 6002113
1.632203e-07 1.12484e+09 6003113 1.113724e+09 6003113
1.259662e-06 1.144474e+09 6003114 1.110829e+09 6003113
8.47601e-07 1.105717e+09 6002113 1.103827e+09 6002113
1.232318e-06 1.124506e+09 6003113 1.112417e+09 6003113
1.132543e-06 1.078482e+09 6002114 1.108817e+09 6002113
1.269395e-06 1.114879e+09 6003113 1.11131e+09 6003113
1.046138e-06 1.141132e+09 6003113 1.11583e+09 6003113
1.077683e-06 1.139665e+09 6003113 1.109375e+09 6003113
1.174399e-06 1.102453e+09 6002113 1.110271e+09 6002113
1.243307e-06 1.092474e+09 6002113 1.124379e+09 6002113
1.213071e-06 1.083182e+09 6002113 1.098127e+09 6002113
3.816479e-07 1.080871e+09 6002114 1.10002e+09 6002113
1.1291e-06 1.10631e+09 6002113 1.097204e+09 6002113
4.147721e-07 1.116132e+09 6002113 1.110387e+09 6002113
1.076346e-06 1.11139e+09 6002113 1.106878e+09 6002113
1.05951e-06 1.084144e+09 6002113 1.105133e+09 6002113
1.183156e-06 1.106842e+09 6002113 1.119773e+09 6002113
1.836413e-06 1.134659e+09 6003114 1.116529e+09 6003113
6.748739e-07 1.106772e+09 6002113 1.100125e+09 6002113
1.485769e-06 1.108835e+09 6002113 1.057375e+09 6002113
3.212959e-07 1.093216e+09 6002113 1.109089e+09 6002113
1.039175e-06 1.104693e+09 6002113 1.116326e+09 6002113
1.263142e-06 1.108873e+09 6002114 1.093372e+09 6002113
1.523415e-06 1.11742e+09 6003113 1.129482e+09 6003113
1.183156e-06 1.113221e+09 6002114 1.119751e+09 6002113
1.208377e-06 1.111255e+09 6002113 1.0954e+09 6002113
4.49933e-07 1.117652e+09 6002114 1.112011e+09 6002113
1.230125e-07 1.151973e+09 6003113 1.117363e+09 6003113
1.218585e-06 1.118696e+09 6003113 1.112418e+09 6003113
1.077683e-06 1.119607e+09 6003113 1.144855e+09 6003113
8.496002e-07 1.116295e+09 6003113 1.143766e+09 6003113
2.335822e-07 1.119268e+09 6002114 1.120806e+09 6002113
1.178282e-06 1.10873e+09 6002113 1.088753e+09 6002113
1.191626e-06 1.117782e+09 6002114 1.113675e+09 6002113
6.663501e-07 1.13106e+09 6003114 1.119713e+09 6003113
1.25249e-06 1.110337e+09 6002114 1.120335e+09 6002113
1.143995e-06 1.133419e+09 6003114 1.105572e+09 6003113
1.748884e-06 1.101533e+09 6002113 1.096542e+09 6002113
1.173282e-06 1.143623e+09 6003113 1.115155e+09 6003113
1.059282e-06 1.11186e+09 6002113 1.106697e+09 6002113
1.523415e-06 1.126032e+09 6003114 1.101492e+09 6003113
5.727624e-08 1.10287e+09 6002113 1.112767e+09 6002113
1.187496e-06 1.099706e+09 6002114 1.104097e+09 6002113
4.965987e-07 1.117931e+09 6002114 1.114253e+09 6002113
1.053357e-06 1.075593e+09 6002114 1.109303e+09 6002113
1.739418e-06 1.123011e+09 6003114 1.117515e+09 6003113
4.603069e-07 1.099951e+09 6002113 1.124289e+09 6002113
1.216471e-06 1.093516e+09 6002114 1.105133e+09 6002113
1.012423e-06 1.109004e+09 6002113 1.121076e+09 6002113
1.509184e-06 1.147559e+09 6003113 1.117804e+09 6003113
1.132543e-06 1.112643e+09 6002114 1.116709e+09 6002113
9.732345e-07 1.104613e+09 6002113 1.103509e+09 6002113
8.911623e-09 1.14605e+09 6003113 1.108252e+09 6003113
1.215225e-06 1.123253e+09 6003113 1.124753e+09 6003113
1.288152e-06 1.104636e+09 6002113 1.106114e+09 6002113
1.030349e-06 1.120528e+09 6002113 1.11393e+09 6002113
1.218585e-06 1.106863e+09 6002113 1.102804e+09 6002113
1.305167e-06 1.127076e+09 6003113 1.113336e+09 6003113
1.076346e-06 1.120783e+09 6003113 1.145369e+09 6003113
1.218585e-06 1.098739e+09 6003114 1.127013e+09 6003113
1.183032e-06 1.093646e+09 6002113 1.107748e+09 6002113
1.25249e-06 1.117672e+09 6003113 1.107366e+09 6003113
1.030349e-06 1.100254e+09 6003113 1.13428e+09 6003113
1.656507e-06 1.098334e+09 6001113 1.059568e+09 6001113
1.705632e-06 1.105581e+09 6003113 1.157808e+09 6003113
1.24101e-06 1.108767e+09 6002114 1.103265e+09 6002113
1.817208e-07 1.13419e+09 6003113 1.110052e+09 6003113
1.263142e-06 1.077219e+09 6003113 1.116273e+09 6003113
7.992481e-08 1.117845e+09 6003113 1.121416e+09 6003113
2.048361e-09 1.113969e+09 6003113 1.137551e+09 6003113
1.076346e-06 1.092217e+09 6002113 1.101924e+09 6002113
1.227433e-06 1.094822e+09 6003114 1.114893e+09 6003113
1.135662e-06 1.142849e+09 6003113 1.117356e+09 6003113
1.632203e-07 1.095767e+09 6002113 1.108002e+09 6002113
1.25249e-06 1.083238e+09 6002114 1.107919e+09 6002113
1.269395e-06 1.149945e+09 6003114 1.116194e+09 6003113
3.816479e-07 1.116977e+09 6003113 1.123299e+09 6003113
1.110283e-06 1.088763e+09 6002114 1.102142e+09 6002113
1.13445e-06 1.149473e+09 6003113 1.116239e+09 6003113
3.400869e-07 1.107569e+09 6002114 1.10524e+09 6002113
1.043321e-06 1.120382e+09 6003113 1.151185e+09 6003113
1.183032e-06 1.116181e+09 6002113 1.102451e+09 6002113
1.250501e-06 1.12026e+09 6002113 1.11006e+09 6002113
8.0775e-07 1.141741e+09 6003114 1.107307e+09 6003113
1.208377e-06 1.1174e+09 6003113 1.120018e+09 6003113
1.22572e-06 1.08511e+09 6002113 1.104534e+09 6002113
1.026386e-07 1.140857e+09 6003114 1.116897e+09 6003113
1.54752e-07 1.078561e+09 6001113 1.091425e+09 6001113
8.028714e-07 1.138855e+09 6003114 1.113829e+09 6003113
1.075022e-06 1.083932e+09 6002114 1.107126e+09 6002113
1.075022e-06 1.141159e+09 6003114 1.117782e+09 6003113
1.135662e-06 1.102311e+09 6002113 1.10852e+09 6002113
1.073318e-06 1.083264e+09 6002113 1.103283e+09 6002113
1.130015e-06 1.108221e+09 6002113 1.114689e+09 6002113
1.067528e-06 1.098272e+09 6002114 1.100586e+09 6002113
1.218585e-06 1.095282e+09 6001113 1.101413e+09 6001113
1.208377e-06 1.13219e+09 6003113 1.120942e+09 6003113
1.250944e-06 1.103952e+09 6002113 1.093757e+09 6002113
1.191626e-06 1.10005e+09 6002113 1.085938e+09 6002113
6.663501e-07 1.113097e+09 6002113 1.07092e+09 6002113
1.243307e-06 1.108413e+09 6003113 1.122654e+09 6003113
1.046138e-06 1.102966e+09 6002113 1.107651e+09 6002113
1.24101e-06 1.109009e+09 6002113 1.108275e+09 6002113
6.711459e-07 1.117907e+09 6003114 1.117696e+09 6003113
8.543116e-07 1.100087e+09 6002113 1.108561e+09 6002113
5.839069e-07 1.082864e+09 6002113 1.102318e+09 6002113
1.035017e-06 1.111368e+09 6002114 1.117498e+09 6002113
1.075022e-06 1.132572e+09 6003113 1.11921e+09 6003113
1.24101e-06 1.112575e+09 6002114 1.118122e+09 6002113
1.046138e-06 1.087449e+09 6002113 1.108562e+09 6002113
6.663501e-07 1.12345e+09 6002114 1.101035e+09 6002113
1.110283e-06 1.139313e+09 6003114 1.099741e+09 6003113
1.039175e-06 1.100183e+09 6003113 1.138022e+09 6003113
1.156709e-06 1.10081e+09 6002113 1.106489e+09 6002113
6.663501e-07 1.114731e+09 6002113 1.108848e+09 6002113
1.038547e-06 1.084864e+09 6001113 1.09923e+09 6001113
1.029751e-06 1.113866e+09 6003113 1.114802e+09 6003113
1.216471e-06 1.131178e+09 6003113 1.114562e+09 6003113
1.05951e-06 1.13614e+09 6003113 1.090038e+09 6003113
6.711459e-07 1.124426e+09 6002113 1.112224e+09 6002113
1.13445e-06 1.121316e+09 6003113 1.140438e+09 6003113
1.178282e-06 1.057508e+09 6002113 1.108488e+09 6002113
1.075022e-06 1.126778e+09 6002113 1.111427e+09 6002113
5.347884e-07 1.126292e+09 6002114 1.118503e+09 6002113
1.537676e-06 1.113456e+09 6002113 1.10938e+09 6002113
1.075022e-06 1.080838e+09 6002113 1.110971e+09 6002113
1.053357e-06 1.093267e+09 6002113 1.11142e+09 6002113
1.110283e-06 1.114931e+09 6003113 1.109566e+09 6003113
1.485769e-06 1.10567e+09 6002113 1.093663e+09 6002113
1.203846e-06 1.084084e+09 6002114 1.114718e+09 6002113
7.099232e-07 1.098122e+09 6002114 1.112194e+09 6002113
1.243307e-06 1.136032e+09 6003113 1.109823e+09 6003113
1.674933e-09 1.117894e+09 6003113 1.138572e+09 6003113
1.259662e-06 1.107622e+09 6003113 1.120827e+09 6003113
1.436533e-06 1.107967e+09 6002113 1.116194e+09 6002113
1.178282e-06 1.12119e+09 6003113 1.108613e+09 6003113
5.748832e-07 1.110982e+09 6003113 1.104931e+09 6003113
1.143995e-06 1.110697e+09 6003113 1.131782e+09 6003113
1.263142e-06 1.118739e+09 6002113 1.126258e+09 6002113
1.227433e-06 1.106154e+09 6002114 1.115982e+09 6002113
1.076046e-06 1.096127e+09 6002113 1.104017e+09 6002113
5.451273e-07 1.085383e+09 6002114 1.105203e+09 6002113
1.175734e-06 1.112367e+09 6002113 1.090703e+09 6002113
1.203846e-06 1.103214e+09 6002113 1.114263e+09 6002113
1.208377e-06 1.095641e+09 6002113 1.10484e+09 6002113
1.089717e-06 1.096823e+09 6002114 1.114349e+09 6002113
1.111277e-06 1.07318e+09 6002114 1.110392e+09 6002113
1.509184e-06 1.097754e+09 6002113 1.124912e+09 6002113
1.046396e-06 1.114881e+09 6002114 1.121239e+09 6002113
1.029751e-06 1.098126e+09 6002113 1.113371e+09 6002113
1.22572e-06 1.12753e+09 6003114 1.108542e+09 6003113
1.012423e-06 1.105946e+09 6002114 1.100702e+09 6002113
1.143995e-06 1.124316e+09 6002114 1.100227e+09 6002113
1.216471e-06 1.096281e+09 6002113 1.075295e+09 6002113
3.497595e-08 1.108655e+09 6002113 1.107069e+09 6002113
1.039175e-06 1.091137e+09 6002114 1.111665e+09 6002113
1.039175e-06 1.116157e+09 6003114 1.132985e+09 6003113
1.288152e-06 1.103567e+09 6002114 1.108768e+09 6002113
1.250944e-06 1.127635e+09 6003114 1.110543e+09 6003113
1.075022e-06 1.108457e+09 6002113 1.10022e+09 6002113
1.231692e-06 1.109433e+09 6002114 1.112531e+09 6002113
7.60741e-07 1.11241e+09 6002114 1.101929e+09 6002113
8.496002e-07 1.11532e+09 6002113 1.081941e+09 6002113
1.183032e-06 1.125145e+09 6003113 1.112205e+09 6003113
8.0775e-07 1.0403e+09 6002114 1.117951e+09 6002113
1.436533e-06 1.111288e+09 6003114 1.110163e+09 6003113
8.496002e-07 1.110796e+09 6002113 1.131163e+09 6002113
9.347118e-07 1.119968e+09 6002113 1.09135e+09 6002113
9.732345e-07 1.092635e+09 6002113 1.105317e+09 6002113
1.081795e-06 1.104742e+09 6003113 1.098534e+09 6003113
1.067528e-06 1.116963e+09 6002114 1.107801e+09 6002113
1.130015e-06 1.125779e+09 6003113 1.134819e+09 6003113
1.227433e-06 1.085164e+09 6002114 1.101737e+09 6002113
1.030349e-06 1.110039e+09 6002114 1.111759e+09 6002113
1.228617e-06 1.109945e+09 6002113 1.11497e+09 6002113
1.183156e-06 1.103547e+09 6002113 1.114154e+09 6002113
1.05951e-06 1.11485e+09 6002114 1.112786e+09 6002113
1.12695e-06 1.147892e+09 6003113 1.115331e+09 6003113
1.24101e-06 1.091323e+09 6001114 1.10205e+09 6001113
7.591018e-07 1.099119e+09 6002114 1.115084e+09 6002113
1.029751e-06 1.103177e+09 6002113 1.095743e+09 6002113
9.347118e-07 1.086766e+09 6002113 1.100052e+09 6002113
1.042877e-06 1.123789e+09 6003113 1.121699e+09 6003113
1.243543e-06 1.102124e+09 6001113 1.04875e+09 6001113
1.143995e-06 1.100124e+09 6002113 1.061057e+09 6002113
1.183032e-06 1.118415e+09 6003113 1.13893e+09 6003113
1.132543e-06 1.116243e+09 6002113 1.117081e+09 6002113
5.748832e-07 1.100152e+09 6002113 1.090813e+09 6002113
1.075022e-06 1.140852e+09 6003114 1.117315e+09 6003113
1.183032e-06 1.110954e+09 6002113 1.106486e+09 6002113
1.305167e-06 1.134817e+09 6003113 1.102316e+09 6003113
1.222417e-06 1.115981e+09 6003113 1.15096e+09 6003113
1.509184e-06 1.100515e+09 6002114 1.11225e+09 6002113
1.243543e-06 1.128344e+09 6003114 1.114865e+09 6003113
1.071004e-06 1.073397e+09 6002113 1.098824e+09 6002113
1.228617e-06 1.123738e+09 6003113 1.122865e+09 6003113
1.076346e-06 1.071015e+09 6001114 1.100238e+09 6001113
1.232318e-06 1.104632e+09 6002113 1.110946e+09 6002113
1.183156e-06 1.115122e+09 6002114 1.108252e+09 6002113
1.12695e-06 1.102207e+09 6003114 1.116092e+09 6003113
1.046396e-06 1.083567e+09 6002113 1.114859e+09 6002113
1.748884e-06 1.123687e+09 6003113 1.12497e+09 6003113
4.147721e-07 1.091999e+09 6002113 1.11396e+09 6002113
1.135164e-06 1.106194e+09 6002113 1.112694e+09 6002113
2.797391e-08 1.094889e+09 6002113 1.102468e+09 6002113
1.178282e-06 1.10996e+09 6002114 1.100543e+09 6002113
1.187496e-06 1.11004e+09 6002113 1.104335e+09 6002113
1.250944e-06 1.108275e+09 6002113 1.075293e+09 6002113
1.040808e-08 1.115615e+09 6003114 1.116751e+09 6003113
9.732345e-07 1.120065e+09 6003113 1.135784e+09 6003113
1.143995e-06 1.10211e+09 6002113 1.099527e+09 6002113
1.042877e-06 1.115226e+09 6002113 1.116513e+09 6002113
1.24101e-06 1.089764e+09 6002113 1.09662e+09 6002113
1.030349e-06 1.102666e+09 6002113 1.100909e+09 6002113
1.437762e-06 1.129326e+09 6003113 1.113368e+09 6003113
1.25249e-06 1.117303e+09 6003113 1.102194e+09 6003113
1.210289e-06 1.090093e+09 6002113 1.114861e+09 6002113
1.235728e-06 1.074349e+09 6002113 1.114514e+09 6002113
1.218585e-06 1.091467e+09 6002114 1.101352e+09 6002113
1.215225e-06 1.124983e+09 6002114 1.107664e+09 6002113
1.600697e-06 1.116735e+09 6002113 1.05704e+09 6002113
1.436533e-06 1.148494e+09 6003113 1.116367e+09 6003113
1.173282e-06 1.107089e+09 6002113 1.105959e+09 6002113
1.029751e-06 1.138098e+09 6003114 1.113977e+09 6003113
7.591018e-07 1.10866e+09 6002113 1.099952e+09 6002113
1.215225e-06 1.096887e+09 6002114 1.110794e+09 6002113
1.24101e-06 1.121516e+09 6002114 1.104645e+09 6002113
1.250944e-06 1.150333e+09 6003113 1.108253e+09 6003113
1.523415e-06 1.109466e+09 6002113 1.105133e+09 6002113
8.227726e-09 1.101084e+09 6002114 1.099404e+09 6002113
1.135662e-06 1.105589e+09 6002114 1.117871e+09 6002113
1.215225e-06 1.117968e+09 6002113 1.09426e+09 6002113
1.135164e-06 1.061904e+09 6002113 1.110899e+09 6002113
1.656507e-06 1.090088e+09 6002114 1.109329e+09 6002113
1.035017e-06 1.106476e+09 6002113 1.119044e+09 6002113
1.178282e-06 1.107628e+09 6002113 1.106129e+09 6002113
1.263142e-06 1.126882e+09 6002114 1.116451e+09 6002113
1.227433e-06 1.119098e+09 6002114 1.110515e+09 6002113
1.123231e-06 1.084713e+09 6001114 1.100731e+09 6001113
4.031234e-08 1.083395e+09 6002114 1.106114e+09 6002113
5.788804e-07 1.119902e+09 6003114 1.111695e+09 6003113
1.537676e-06 1.112582e+09 6003113 1.114506e+09 6003113
1.231692e-06 1.115811e+09 6002114 1.096154e+09 6002113
1.748884e-06 1.144418e+09 6003114 1.102552e+09 6003113
1.13445e-06 1.112063e+09 6002113 1.109078e+09 6002113
1.035017e-06 1.096578e+09 6002113 1.095172e+09 6002113
1.183156e-06 1.108875e+09 6002113 1.096342e+09 6002113
1.269395e-06 1.145087e+09 6003113 1.110031e+09 6003113
1.634521e-06 1.076927e+09 6002114 1.106845e+09 6002113
1.096421e-06 1.061234e+09 6002114 1.105126e+09 6002113
1.576454e-06 1.110232e+09 6002113 1.085596e+09 6002113
1.203846e-06 1.110172e+09 6002114 1.113338e+09 6002113
7.099232e-07 1.108995e+09 6002114 1.110397e+09 6002113
3.400869e-07 1.129138e+09 6003113 1.110617e+09 6003113
1.250944e-06 1.116803e+09 6002114 1.101483e+09 6002113
1.130015e-06 1.107013e+09 6002113 1.105486e+09 6002113
1.039175e-06 1.116295e+09 6003113 1.135547e+09 6003113
1.730235e-07 1.09923e+09 6002113 1.070983e+09 6002113
1.269395e-06 1.105202e+09 6002113 1.102229e+09 6002113
1.228617e-06 1.116414e+09 6002113 1.096223e+09 6002113
1.634521e-06 1.121923e+09 6003113 1.119128e+09 6003113
1.075022e-06 1.099471e+09 6002113 1.115755e+09 6002113
1.038547e-06 1.11409e+09 6002114 1.109055e+09 6002113
8.47601e-07 1.11294e+09 6002114 1.115168e+09 6002113
1.22572e-06 1.084492e+09 6001114 1.101462e+09 6001113
1.130015e-06 1.113119e+09 6002114 1.09877e+09 6002113
5.002168e-08 1.11885e+09 6003113 1.104992e+09 6003113
1.076346e-06 1.106474e+09 6002114 1.104769e+09 6002113
1.046396e-06 1.094506e+09 6002114 1.102018e+09 6002113
8.91966e-07 1.099446e+09 6002114 1.109532e+09 6002113
1.263142e-06 1.11617e+09 6002113 1.115704e+09 6002113
1.461778e-06 1.111567e+09 6002113 1.114533e+09 6002113
1.227433e-06 1.143706e+09 6003113 1.113084e+09 6003113
1.231692e-06 1.078592e+09 6002114 1.103011e+09 6002113
2.238309e-07 1.107578e+09 6002113 1.100914e+09 6002113
1.073318e-06 1.109384e+09 6002113 1.106438e+09 6002113
1.437762e-06 1.109929e+09 6002114 1.115386e+09 6002113
1.081795e-06 1.075475e+09 6002113 1.113471e+09 6002113
1.215225e-06 1.101707e+09 6002113 1.096367e+09 6002113
1.077683e-06 1.102962e+09 6002113 1.108187e+09 6002113
2.413614e-08 1.106377e+09 6002113 1.10757e+09 6002113
1.228617e-06 1.118256e+09 6003114 1.1192e+09 6003113
1.110283e-06 1.112896e+09 6002113 1.107397e+09 6002113
1.012423e-06 1.090323e+09 6002113 1.109729e+09 6002113
8.028714e-07 1.10259e+09 6002113 1.115771e+09 6002113
4.361056e-08 1.100011e+09 6002114 1.102818e+09 6002113
1.269395e-06 1.119249e+09 6002113 1.107439e+09 6002113
1.250501e-06 1.102325e+09 6002113 1.107646e+09 6002113
4.603069e-07 1.100345e+09 6002113 1.10021e+09 6002113
1.029751e-06 1.109352e+09 6002114 1.106812e+09 6002113
6.546621e-08 1.111418e+09 6003113 1.150325e+09 6003113
1.038547e-06 1.097065e+09 6002113 1.10222e+09 6002113
6.748739e-07 1.094542e+09 6002113 1.103899e+09 6002113
1.437762e-06 1.080001e+09 6002113 1.108104e+09 6002113
1.071004e-06 1.100158e+09 6002113 1.091975e+09 6002113
2.797391e-08 1.108127e+09 6002113 1.081349e+09 6002113
1.039175e-06 1.128308e+09 6003113 1.102818e+09 6003113
1.25249e-06 1.116855e+09 6002113 1.112249e+09 6002113
1.038547e-06 1.099152e+09 6002114 1.108298e+09 6002113
1.038547e-06 1.115486e+09 6002113 1.109603e+09 6002113
4.603069e-07 1.074161e+09 6002114 1.100253e+09 6002113
4.603069e-07 1.101228e+09 6002113 1.116186e+09 6002113
6.748739e-07 1.037799e+09 6001113 1.096211e+09 6001113
1.051295e-06 1.109873e+09 6002113 1.111121e+09 6002113
1.836413e-06 1.135408e+09 6003114 1.107193e+09 6003113
1.25249e-06 1.111684e+09 6002114 1.112972e+09 6002113
1.228617e-06 1.110079e+09 6002113 1.107883e+09 6002113
7.032069e-08 1.094114e+09 6002113 1.119273e+09 6002113
1.436533e-06 1.109751e+09 6002114 1.113791e+09 6002113
1.191626e-06 1.09667e+09 6001113 1.059318e+09 6001113
2.573604e-07 1.113888e+09 6002113 1.11814e+09 6002113
1.203846e-06 1.107737e+09 6002113 1.096619e+09 6002113
1.191626e-06 1.115932e+09 6002114 1.110979e+09 6002113
1.029751e-06 1.116944e+09 6002113 1.09061e+09 6002113
1.218585e-06 1.118732e+09 6003113 1.133156e+09 6003113
1.029751e-06 1.091991e+09 6002113 1.108741e+09 6002113
9.338663e-07 1.102644e+09 6002114 1.118321e+09 6002113
1.22572e-06 1.087745e+09 6002113 1.103445e+09 6002113
1.461778e-06 1.081651e+09 6002113 1.105811e+09 6002113
1.230125e-07 1.103695e+09 6002113 1.107785e+09 6002113
1.218585e-06 1.091305e+09 6001113 1.038059e+09 6001113
1.222417e-06 1.10116e+09 6002114 1.10832e+09 6002113
1.067528e-06 1.109987e+09 6002114 1.105874e+09 6002113
1.259662e-06 1.135084e+09 6003113 1.116828e+09 6003113
1.228617e-06 1.108526e+09 6002113 1.086458e+09 6002113
1.123231e-06 1.133938e+09 6003114 1.123105e+09 6003113
8.543116e-07 1.115923e+09 6003113 1.13247e+09 6003113
1.076046e-06 1.096726e+09 6003113 1.118724e+09 6003113
1.228617e-06 1.102745e+09 6002113 1.096949e+09 6002113
1.038547e-06 1.10804e+09 6002114 1.10165e+09 6002113
1.269395e-06 1.119744e+09 6003113 1.104536e+09 6003113
6.663501e-07 1.129871e+09 6003113 1.110022e+09 6003113
1.096421e-06 1.087375e+09 6002113 1.115296e+09 6002113
4.361056e-08 1.122292e+09 6003114 1.108844e+09 6003113
1.228137e-06 1.114097e+09 6002113 1.101009e+09 6002113
1.039175e-06 1.111351e+09 6003114 1.128082e+09 6003113
1.215225e-06 1.143469e+09 6003114 1.108098e+09 6003113
1.075022e-06 1.112082e+09 6003113 1.13177e+09 6003113
7.763088e-07 1.133425e+09 6003113 1.14099e+09 6003113
1.539421e-08 1.114271e+09 6002113 1.108224e+09 6002113
9.338663e-07 1.109117e+09 6002114 1.111325e+09 6002113
1.178282e-06 1.128381e+09 6003114 1.112346e+09 6003113
7.099232e-07 1.118109e+09 6003113 1.154939e+09 6003113
1.067528e-06 1.103626e+09 6002113 1.116441e+09 6002113
6.663501e-07 1.1094e+09 6002113 1.113543e+09 6002113
1.071004e-06 1.112987e+09 6003113 1.110858e+09 6003113
1.175734e-06 1.115863e+09 6002113 1.085209e+09 6002113
1.232318e-06 1.109703e+09 6002113 1.117979e+09 6002113
3.816479e-07 1.074588e+09 6002114 1.110964e+09 6002113
8.47601e-07 1.093359e+09 6003113 1.144759e+09 6003113
1.130015e-06 1.120265e+09 6002113 1.078611e+09 6002113
1.075022e-06 1.133635e+09 6003114 1.116608e+09 6003113
1.576454e-06 1.099844e+09 6003114 1.123169e+09 6003113
1.173282e-06 1.098161e+09 6001113 1.066049e+09 6001113
1.051295e-06 1.10916e+09 6002113 1.071655e+09 6002113
9.137295e-11 1.130917e+09 6003114 1.109507e+09 6003113
1.54752e-07 1.119562e+09 6002113 1.102761e+09 6002113
1.110283e-06 1.10457e+09 6002113 1.098975e+09 6002113
8.0775e-07 1.032875e+09 6002113 1.113311e+09 6002113
1.186747e-06 1.110182e+09 6002113 1.104417e+09 6002113
1.135662e-06 1.112584e+09 6003113 1.101239e+09 6003113
1.071004e-06 1.100524e+09 6002113 1.097622e+09 6002113
1.187496e-06 1.141833e+09 6003114 1.124571e+09 6003113
1.183156e-06 1.101339e+09 6002114 1.109707e+09 6002113
1.183032e-06 1.137008e+09 6003113 1.111383e+09 6003113
2.079948e-08 1.109091e+09 6002113 1.111286e+09 6002113
1.073318e-06 1.117936e+09 6002113 1.115478e+09 6002113
1.073318e-06 1.107276e+09 6002114 1.101426e+09 6002113
1.24101e-06 1.115546e+09 6002113 1.10733e+09 6002113
1.222417e-06 1.107799e+09 6002114 1.116151e+09 6002113
7.164033e-07 1.124227e+09 6003113 1.120043e+09 6003113
5.748832e-07 1.101727e+09 6002114 1.11596e+09 6002113
9.776975e-07 1.092371e+09 6002113 1.109948e+09 6002113
1.656507e-06 1.125748e+09 6003113 1.116392e+09 6003113
1.040808e-08 1.133697e+09 6003114 1.109586e+09 6003113
1.208377e-06 1.104496e+09 6002113 1.091273e+09 6002113
1.073318e-06 1.099676e+09 6003114 1.114268e+09 6003113
1.059282e-06 1.094711e+09 6002113 1.105578e+09 6002113
5.451273e-07 1.076296e+09 6002113 1.117734e+09 6002113
1.135164e-06 1.113411e+09 6002113 1.123117e+09 6002113
1.089717e-06 1.113629e+09 6003113 1.143332e+09 6003113
8.496002e-07 1.120334e+09 6003113 1.117275e+09 6003113
1.135164e-06 1.100856e+09 6002114 1.121159e+09 6002113
1.081795e-06 1.10296e+09 6002114 1.10948e+09 6002113
1.026386e-07 1.062057e+09 6002113 1.120957e+09 6002113
1.13445e-06 1.119742e+09 6002114 1.107331e+09 6002113
1.748884e-06 1.113818e+09 6003113 1.118684e+09 6003113
1.222417e-06 1.114838e+09 6002113 1.077015e+09 6002113
1.634521e-06 1.131163e+09 6003113 1.118684e+09 6003113
1.175734e-06 1.108036e+09 6002114 1.115962e+09 6002113
1.228617e-06 1.118538e+09 6003113 1.122342e+09 6003113
1.135662e-06 1.133657e+09 6003114 1.111279e+09 6003113
1.096421e-06 1.116675e+09 6003113 1.135311e+09 6003113
8.91966e-07 1.109057e+09 6003113 1.107013e+09 6003113
1.186747e-06 1.140041e+09 6003113 1.111975e+09 6003113
2.476365e-07 1.116281e+09 6002113 1.086811e+09 6002113
1.029751e-06 1.142233e+09 6003114 1.122482e+09 6003113
1.067528e-06 1.109865e+09 6002113 1.115756e+09 6002113
2.476365e-07 1.120834e+09 6003113 1.117391e+09 6003113
1.243543e-06 1.106242e+09 6002113 1.115433e+09 6002113
8.47601e-07 1.11521e+09 6002113 1.117976e+09 6002113
1.12695e-06 1.126123e+09 6003114 1.110618e+09 6003113
1.235728e-06 1.100949e+09 6002113 1.073964e+09 6002113
5.451273e-07 1.114096e+09 6003113 1.141253e+09 6003113
9.732345e-07 1.100352e+09 6002113 1.121195e+09 6002113
1.259662e-06 1.112626e+09 6002113 1.086436e+09 6002113
3.505081e-07 1.120496e+09 6002113 1.085011e+09 6002113
1.039175e-06 1.109761e+09 6002114 1.120219e+09 6002113
1.178282e-06 1.116157e+09 6002113 1.124724e+09 6002113
1.075022e-06 1.124307e+09 6002114 1.123557e+09 6002113
1.227433e-06 1.103299e+09 6002113 1.113364e+09 6002113
1.230125e-07 1.110071e+09 6002114 1.109988e+09 6002113
1.135662e-06 1.102575e+09 6003113 1.096065e+09 6003113
1.208377e-06 1.096547e+09 6001113 1.090013e+09 6001113
1.081795e-06 1.129234e+09 6003114 1.114507e+09 6003113
1.203846e-06 1.113118e+09 6003113 1.139565e+09 6003113
3.212959e-07 1.120763e+09 6002113 1.100658e+09 6002113
1.230125e-07 1.11694e+09 6002113 1.110252e+09 6002113
1.030349e-06 1.091881e+09 6002114 1.108862e+09 6002113
9.732345e-07 1.109695e+09 6002114 1.101635e+09 6002113
1.24101e-06 1.100386e+09 6003113 1.144577e+09 6003113
1.222417e-06 1.111548e+09 6002113 1.106646e+09 6002113
1.030349e-06 1.104248e+09 6002114 1.121642e+09 6002113
8.028714e-07 1.113024e+09 6002113 1.111473e+09 6002113
1.22572e-06 1.102394e+09 6002114 1.099843e+09 6002113
1.22572e-06 1.092333e+09 6001113 1.101975e+09 6001113
1.132543e-06 1.105601e+09 6002113 1.115953e+09 6002113
1.203846e-06 1.097574e+09 6002114 1.112774e+09 6002113
1.186747e-06 1.107951e+09 6003113 1.121208e+09 6003113
1.075022e-06 1.11754e+09 6002114 1.100482e+09 6002113
1.181298e-06 1.095703e+09 6002114 1.112411e+09 6002113
4.258957e-07 1.109982e+09 6002113 1.056841e+09 6002113
6.748739e-07 1.10449e+09 6002113 1.109684e+09 6002113
1.243543e-06 1.107633e+09 6002113 1.100016e+09 6002113
1.632203e-07 1.10818e+09 6003113 1.122914e+09 6003113
1.191626e-06 1.116645e+09 6002113 1.088477e+09 6002113
3.400869e-07 1.103277e+09 6002113 1.103605e+09 6002113
7.696453e-07 1.092555e+09 6002114 1.110449e+09 6002113
1.130015e-06 1.071457e+09 6002113 1.102812e+09 6002113
9.338663e-07 1.131743e+09 6003113 1.106709e+09 6003113
1.046138e-06 1.102214e+09 6002113 1.09788e+09 6002113
1.026386e-07 1.105369e+09 6002113 1.108773e+09 6002113
1.235728e-06 1.124715e+09 6003113 1.121678e+09 6003113
8.543116e-07 1.117224e+09 6002113 1.107522e+09 6002113
1.218585e-06 1.113288e+09 6002113 1.115466e+09 6002113
1.186747e-06 1.108851e+09 6003113 1.119491e+09 6003113
1.135164e-06 1.10321e+09 6002113 1.108815e+09 6002113
1.259662e-06 1.092434e+09 6002113 1.112389e+09 6002113
1.046396e-06 1.116104e+09 6002113 1.116565e+09 6002113
1.231692e-06 1.069823e+09 6001113 1.094407e+09 6001113
1.228137e-06 1.103084e+09 6002114 1.118506e+09 6002113
7.164033e-07 1.120895e+09 6002113 1.052706e+09 6002113
1.227433e-06 1.112895e+09 6002114 1.100741e+09 6002113
1.13445e-06 1.091147e+09 6002113 1.117287e+09 6002113
1.24101e-06 1.083449e+09 6001113 1.093191e+09 6001113
1.790352e-08 1.101146e+09 6002113 1.111194e+09 6002113
1.288152e-06 1.113377e+09 6002114 1.107288e+09 6002113
1.25249e-06 1.106797e+09 6002113 1.113415e+09 6002113
1.173282e-06 1.118078e+09 6002113 1.100762e+09 6002113
1.235728e-06 1.061323e+09 6002113 1.102307e+09 6002113
1.186747e-06 1.067456e+09 6002113 1.096529e+09 6002113
1.13445e-06 1.11571e+09 6002113 1.090288e+09 6002113
4.853334e-07 1.116085e+09 6003113 1.114564e+09 6003113
1.1291e-06 1.096816e+09 6002113 1.100741e+09 6002113
8.028714e-07 1.077097e+09 6002113 1.107674e+09 6002113
1.206871e-06 1.141365e+09 6003114 1.109007e+09 6003113
5.727624e-08 1.097653e+09 6002113 1.10364e+09 6002113
1.038547e-06 1.099614e+09 6002113 1.119763e+09 6002113
8.91966e-07 1.093636e+09 6002113 1.110951e+09 6002113
9.776975e-07 1.13292e+09 6003114 1.116236e+09 6003113
1.135164e-06 1.099769e+09 6002114 1.111967e+09 6002113
1.227433e-06 1.11223e+09 6003113 1.139843e+09 6003113
1.043321e-06 1.104069e+09 6002113 1.113292e+09 6002113
1.22572e-06 1.113588e+09 6002113 1.099203e+09 6002113
1.187496e-06 1.114969e+09 6003113 1.112909e+09 6003113
1.1291e-06 1.119905e+09 6003113 1.142211e+09 6003113
1.191626e-06 1.094013e+09 6002113 1.121164e+09 6002113
1.038547e-06 1.117039e+09 6002114 1.100373e+09 6002113
1.269395e-06 1.110093e+09 6002113 1.094789e+09 6002113
1.228617e-06 1.114262e+09 6003114 1.097554e+09 6003113
1.039175e-06 1.136642e+09 6003113 1.117184e+09 6003113
1.071004e-06 1.108986e+09 6002113 1.096893e+09 6002113
1.053357e-06 1.106834e+09 6002114 1.116778e+09 6002113
6.748739e-07 1.131592e+09 6003114 1.117669e+09 6003113
1.250501e-06 1.10491e+09 6002113 1.11666e+09 6002113
8.0775e-07 1.108331e+09 6002113 1.077219e+09 6002113
1.135662e-06 1.117481e+09 6002114 1.101804e+09 6002113
9.347118e-07 1.123146e+09 6003114 1.107246e+09 6003113
1.132543e-06 1.104525e+09 6002113 1.112339e+09 6002113
1.111277e-06 1.116557e+09 6002113 1.109688e+09 6002113
1.046396e-06 1.105021e+09 6002114 1.109861e+09 6002113
1.132543e-06 1.113941e+09 6002114 1.110309e+09 6002113
1.135662e-06 1.092108e+09 6002114 1.106036e+09 6002113
2.621314e-08 1.099069e+09 6002113 1.106899e+09 6002113
1.235728e-06 1.080735e+09 6002114 1.104288e+09 6002113
1.178282e-06 1.114796e+09 6002113 1.100509e+09 6002113
1.187496e-06 1.114771e+09 6003113 1.146933e+09 6003113
1.191626e-06 1.094595e+09 6002113 1.11374e+09 6002113
1.381179e-07 1.101073e+09 6003113 1.101164e+09 6003113
1.203846e-06 1.138345e+09 6003114 1.104999e+09 6003113
1.213071e-06 1.116323e+09 6003113 1.138834e+09 6003113
1.243307e-06 1.087842e+09 6002113 1.101136e+09 6002113
9.732345e-07 1.116573e+09 6002113 1.104655e+09 6002113
1.269395e-06 1.119076e+09 6002113 1.113615e+09 6002113
1.206871e-06 1.099439e+09 6002113 1.11813e+09 6002113
1.632203e-07 1.088219e+09 6002113 1.109694e+09 6002113
1.22572e-06 1.106326e+09 6002113 1.117036e+09 6002113
9.066282e-08 1.090583e+09 6002114 1.094214e+09 6002113
1.250944e-06 1.108904e+09 6002113 1.106076e+09 6002113
1.051295e-06 1.119648e+09 6002114 1.111092e+09 6002113
8.0775e-07 1.089099e+09 6002114 1.117784e+09 6002113
1.030349e-06 1.121728e+09 6003114 1.11403e+09 6003113
1.039175e-06 1.117192e+09 6002113 1.114964e+09 6002113
7.992481e-08 1.131676e+09 6003114 1.118554e+09 6003113
1.135662e-06 1.097714e+09 6002114 1.116184e+09 6002113
1.043321e-06 1.123118e+09 6003113 1.117851e+09 6003113
1.231692e-06 1.117146e+09 6002114 1.107608e+09 6002113
1.175734e-06 1.116817e+09 6002113 1.105197e+09 6002113
1.178282e-06 1.103567e+09 6002113 1.10183e+09 6002113
1.110283e-06 1.115902e+09 6002113 1.118813e+09 6002113
1.243543e-06 1.113053e+09 6002113 1.116112e+09 6002113
1.436533e-06 1.110135e+09 6003113 1.110065e+09 6003113
1.073318e-06 1.108836e+09 6002114 1.103268e+09 6002113
1.012423e-06 1.117037e+09 6003113 1.115809e+09 6003113
1.191626e-06 1.099006e+09 6002113 1.088769e+09 6002113
5.839069e-07 1.104239e+09 6002113 1.117164e+09 6002113
1.042877e-06 1.07067e+09 6002113 1.110333e+09 6002113
1.186747e-06 1.06688e+09 6001113 1.092721e+09 6001113
1.071004e-06 1.105647e+09 6003113 1.138683e+09 6003113
1.173282e-06 1.100591e+09 6002113 1.113753e+09 6002113
1.227433e-06 1.116211e+09 6002113 1.119441e+09 6002113
1.600697e-06 1.113944e+09 6003113 1.126589e+09 6003113
1.22572e-06 1.122296e+09 6002114 1.106786e+09 6002113
1.437762e-06 1.124517e+09 6003113 1.147583e+09 6003113
1.436533e-06 1.120342e+09 6002114 1.109213e+09 6002113
9.338663e-07 1.105242e+09 6002113 1.121821e+09 6002113
1.305167e-06 1.107262e+09 6002113 1.097963e+09 6002113
1.05951e-06 1.105983e+09 6002114 1.109204e+09 6002113
1.216471e-06 1.136938e+09 6003114 1.116005e+09 6003113
1.210289e-06 1.110248e+09 6002114 1.110822e+09 6002113
5.788804e-07 1.108634e+09 6002114 1.109371e+09 6002113
4.361056e-08 1.103485e+09 6002113 1.101193e+09 6002113
1.269395e-06 1.115129e+09 6002113 1.105594e+09 6002113
7.60741e-07 1.111137e+09 6002114 1.114493e+09 6002113
1.059554e-09 1.084703e+09 6002113 1.124069e+09 6002113
9.620118e-09 1.094186e+09 6002113 1.06364e+09 6002113
5.748832e-07 1.147647e+09 6003114 1.11523e+09 6003113
1.178282e-06 1.116155e+09 6002113 1.116176e+09 6002113
1.437762e-06 1.109107e+09 6002113 1.105201e+09 6002113
1.178282e-06 1.104725e+09 6002113 1.119655e+09 6002113
1.288152e-06 1.108616e+09 6002113 1.113358e+09 6002113
8.91966e-07 1.113474e+09 6003113 1.108504e+09 6003113
1.053357e-06 1.125983e+09 6002113 1.103615e+09 6002113
1.178282e-06 1.082966e+09 6001113 1.095259e+09 6001113
1.073318e-06 1.137882e+09 6003114 1.11563e+09 6003113
1.288152e-06 1.086213e+09 6002113 1.103728e+09 6002113
7.033814e-09 1.121028e+09 6002113 1.102655e+09 6002113
2.238309e-07 1.113736e+09 6002113 1.104064e+09 6002113
1.243543e-06 1.132727e+09 6003114 1.109275e+09 6003113
1.135662e-06 1.118467e+09 6003113 1.118342e+09 6003113
1.228617e-06 1.120794e+09 6002114 1.101126e+09 6002113
1.817208e-07 1.099886e+09 6002114 1.111342e+09 6002113
1.075022e-06 1.124573e+09 6002114 1.117916e+09 6002113
1.208377e-06 1.101051e+09 6003113 1.103188e+09 6003113
9.776975e-07 1.06403e+09 6002113 1.117794e+09 6002113
1.409216e-06 1.111024e+09 6002114 1.097682e+09 6002113
1.243307e-06 1.110635e+09 6003113 1.151111e+09 6003113
2.018917e-07 1.109181e+09 6002113 1.091182e+09 6002113
7.60741e-07 1.099182e+09 6002113 1.098607e+09 6002113
1.174399e-06 1.125478e+09 6002113 1.105548e+09 6002113
1.042877e-06 1.105939e+09 6003114 1.103255e+09 6003113
1.235728e-06 1.076001e+09 6002113 1.091399e+09 6002113
1.076346e-06 1.144437e+09 6003114 1.122279e+09 6003113
1.259662e-06 1.114686e+09 6002114 1.09714e+09 6002113
1.030349e-06 1.088647e+09 6002113 1.113625e+09 6002113
9.347118e-07 1.104068e+09 6002114 1.115032e+09 6002113
1.231692e-06 1.113819e+09 6002114 1.116762e+09 6002113
1.656507e-06 1.130551e+09 6003113 1.104674e+09 6003113
1.191626e-06 1.052683e+09 6002113 1.101962e+09 6002113
1.123231e-06 1.128095e+09 6003113 1.117811e+09 6003113
1.243543e-06 1.106801e+09 6003113 1.141318e+09 6003113
1.186747e-06 1.132565e+09 6003114 1.110981e+09 6003113
1.123231e-06 1.099994e+09 6002113 1.121303e+09 6002113
2.238309e-07 1.093414e+09 6002113 1.105914e+09 6002113
1.076046e-06 1.099253e+09 6002113 1.107344e+09 6002113
1.096421e-06 1.100902e+09 6002113 1.091988e+09 6002113
6.663501e-07 1.075778e+09 6001113 1.090843e+09 6001113
1.067528e-06 1.108807e+09 6002113 1.109824e+09 6002113
1.038547e-06 1.116053e+09 6002113 1.085764e+09 6002113
1.263142e-06 1.129726e+09 6003114 1.108423e+09 6003113
1.243543e-06 1.137037e+09 6003114 1.113808e+09 6003113
1.053357e-06 1.121497e+09 6002113 1.087515e+09 6002113
1.030349e-06 1.109973e+09 6002114 1.110693e+09 6002113
1.215225e-06 1.077734e+09 6001113 1.097123e+09 6001113
1.186747e-06 1.135599e+09 6003114 1.104996e+09 6003113
2.573604e-07 1.118827e+09 6002114 1.113486e+09 6002113
1.076046e-06 1.082735e+09 6002113 1.101131e+09 6002113
1.222417e-06 1.110593e+09 6002113 1.086826e+09 6002113
1.187496e-06 1.106668e+09 6002113 1.114459e+09 6002113
2.335822e-07 1.098373e+09 6002114 1.105584e+09 6002113
1.228137e-06 1.111694e+09 6002113 1.09917e+09 6002113
5.347884e-07 1.133373e+09 6003113 1.12239e+09 6003113
1.485769e-06 1.102526e+09 6003113 1.153848e+09 6003113
1.183032e-06 1.099757e+09 6002113 1.101809e+09 6002113
1.231692e-06 1.091871e+09 6002113 1.109467e+09 6002113
1.029751e-06 1.101613e+09 6002113 1.113673e+09 6002113
1.143995e-06 1.092344e+09 6002113 1.11425e+09 6002113
1.053357e-06 1.096174e+09 6002113 1.103945e+09 6002113
1.075022e-06 1.114699e+09 6002113 1.100052e+09 6002113
1.075022e-06 1.120836e+09 6002113 1.105435e+09 6002113
1.076046e-06 1.108845e+09 6002114 1.117877e+09 6002113
1.042877e-06 1.085348e+09 6002113 1.11526e+09 6002113
8.91966e-07 1.101817e+09 6002113 1.109002e+09 6002113
1.130015e-06 1.109097e+09 6002113 1.108392e+09 6002113
9.53285e-07 1.117679e+09 6003113 1.117486e+09 6003113
3.105321e-07 1.131218e+09 6003113 1.12003e+09 6003113
1.135662e-06 1.111529e+09 6002113 1.066716e+09 6002113
1.187496e-06 1.095488e+09 6002114 1.123755e+09 6002113
1.042877e-06 1.126147e+09 6003113 1.137386e+09 6003113
1.250501e-06 1.112635e+09 6002113 1.117413e+09 6002113
1.187496e-06 1.114104e+09 6003114 1.112985e+09 6003113
4.615811e-07 1.103846e+09 6002113 1.100758e+09 6002113
1.705632e-06 1.141116e+09 6003113 1.122166e+09 6003113
1.269395e-06 1.085622e+09 6002114 1.116169e+09 6002113
1.053357e-06 1.099466e+09 6002113 1.116633e+09 6002113
1.051295e-06 1.10744e+09 6002113 1.102287e+09 6002113
1.509184e-06 1.128364e+09 6003113 1.102438e+09 6003113
8.496002e-07 1.111487e+09 6002113 1.125779e+09 6002113
1.12695e-06 1.115962e+09 6002113 1.102117e+09 6002113
1.243307e-06 1.116779e+09 6003113 1.140874e+09 6003113
8.028714e-07 1.075481e+09 6002114 1.111974e+09 6002113
1.228137e-06 1.120745e+09 6002113 1.049033e+09 6002113
1.046138e-06 1.133315e+09 6003114 1.121401e+09 6003113
1.132543e-06 1.103322e+09 6002114 1.109202e+09 6002113
1.111277e-06 1.07603e+09 6002114 1.108547e+09 6002113
1.110283e-06 1.119946e+09 6002114 1.104057e+09 6002113
1.05951e-06 1.108079e+09 6002113 1.116353e+09 6002113
4.49933e-07 1.103846e+09 6003114 1.110741e+09 6003113
1.059282e-06 1.116054e+09 6002113 1.108068e+09 6002113
1.175734e-06 1.078648e+09 6002114 1.111502e+09 6002113
1.046396e-06 1.132747e+09 6003114 1.112747e+09 6003113
1.208377e-06 1.115167e+09 6003113 1.09992e+09 6003113
1.416675e-08 1.120544e+09 6002113 1.10919e+09 6002113
1.178282e-06 1.108687e+09 6002113 1.117654e+09 6002113
1.305167e-06 1.09558e+09 6002113 1.108371e+09 6002113
1.039175e-06 1.099628e+09 6003113 1.117806e+09 6003113
6.243275e-07 1.093322e+09 6002114 1.101585e+09 6002113
8.47601e-07 1.099632e+09 6001113 1.070503e+09 6001113
2.573604e-07 1.100695e+09 6002113 1.116963e+09 6002113
3.484702e-09 1.120216e+09 6002113 1.108829e+09 6002113
1.076346e-06 1.109348e+09 6003113 1.102439e+09 6003113
1.132543e-06 1.083185e+09 6002114 1.109827e+09 6002113
1.259662e-06 1.11321e+09 6002113 1.10297e+09 6002113
1.135662e-06 1.117663e+09 6002113 1.092344e+09 6002113
1.178282e-06 1.107672e+09 6002113 1.105691e+09 6002113
1.191626e-06 1.122448e+09 6003114 1.105588e+09 6003113
1.263142e-06 1.128801e+09 6003114 1.120325e+09 6003113
9.776975e-07 1.135486e+09 6003114 1.101158e+09 6003113
1.243543e-06 1.06511e+09 6002114 1.11172e+09 6002113
1.235728e-06 1.111201e+09 6002114 1.116042e+09 6002113
1.600697e-06 1.117485e+09 6002113 1.108926e+09 6002113
1.215225e-06 1.115383e+09 6003113 1.130926e+09 6003113
1.25249e-06 1.111192e+09 6002113 1.112659e+09 6002113
1.213071e-06 1.101931e+09 6003114 1.120325e+09 6003113
1.523415e-06 1.143478e+09 6003114 1.121485e+09 6003113
1.21475e-08 1.116408e+09 6002113 1.107442e+09 6002113
1.012423e-06 1.111385e+09 6002113 1.09995e+09 6002113
1.203846e-06 1.119775e+09 6002113 1.113888e+09 6002113
1.077683e-06 1.13162e+09 6003113 1.108172e+09 6003113
8.496002e-07 1.125631e+09 6002113 1.118573e+09 6002113
1.208377e-06 1.104541e+09 6002113 1.101914e+09 6002113
1.12695e-06 1.120089e+09 6002114 1.104174e+09 6002113
1.191626e-06 1.073413e+09 6001113 1.083841e+09 6001113
1.026386e-07 1.131339e+09 6003113 1.11526e+09 6003113
1.076346e-06 1.116594e+09 6002114 1.118627e+09 6002113
8.91966e-07 1.124154e+09 6003113 1.117658e+09 6003113
1.067528e-06 1.122676e+09 6002113 1.108166e+09 6002113
8.91966e-07 1.117885e+09 6002114 1.11041e+09 6002113
1.089717e-06 1.109725e+09 6002113 1.107559e+09 6002113
1.25249e-06 1.120635e+09 6003114 1.118113e+09 6003113
2.238309e-07 1.10999e+09 6003113 1.131564e+09 6003113
1.035017e-06 1.103901e+09 6002114 1.097233e+09 6002113
1.143995e-06 1.106487e+09 6002113 1.091593e+09 6002113
6.663501e-07 1.114793e+09 6002113 1.064584e+09 6002113
2.829832e-07 1.105996e+09 6002113 1.085966e+09 6002113
1.035017e-06 1.114768e+09 6002113 1.101665e+09 6002113
1.132543e-06 1.088824e+09 6002113 1.100457e+09 6002113
1.25249e-06 1.117312e+09 6002113 1.118532e+09 6002113
1.790352e-08 1.110494e+09 6002113 1.113526e+09 6002113
1.22572e-06 1.141652e+09 6003114 1.110891e+09 6003113
1.1291e-06 1.154424e+09 6003114 1.120854e+09 6003113
9.53285e-07 1.140734e+09 6003114 1.109909e+09 6003113
7.099232e-07 1.115931e+09 6002113 1.109032e+09 6002113
1.436533e-06 1.120911e+09 6003113 1.107091e+09 6003113
1.183032e-06 1.116558e+09 6002114 1.104302e+09 6002113
2.829832e-07 1.113623e+09 6002113 1.112642e+09 6002113
1.25249e-06 1.122376e+09 6002113 1.118859e+09 6002113
1.218585e-06 1.110313e+09 6002114 1.117342e+09 6002113
1.24101e-06 1.111295e+09 6002113 1.11557e+09 6002113
1.05951e-06 1.109048e+09 6002113 1.109723e+09 6002113
1.042877e-06 1.095145e+09 6002114 1.109103e+09 6002113
1.077683e-06 1.103689e+09 6002113 1.100142e+09 6002113
1.218585e-06 1.118132e+09 6002113 1.115594e+09 6002113
1.081795e-06 1.120246e+09 6002114 1.090936e+09 6002113
1.235728e-06 1.109188e+09 6002113 1.095269e+09 6002113
1.288152e-06 1.127095e+09 6002114 1.110248e+09 6002113
1.263142e-06 1.085505e+09 6002113 1.109528e+09 6002113
1.076046e-06 1.117062e+09 6002113 1.119056e+09 6002113
1.039175e-06 1.117534e+09 6002113 1.09739e+09 6002113
1.235728e-06 1.100426e+09 6002113 1.117011e+09 6002113
7.032069e-08 1.091059e+09 6002114 1.100709e+09 6002113
1.600697e-06 1.103218e+09 6002113 1.106386e+09 6002113
1.093301e-07 1.121361e+09 6003114 1.121572e+09 6003113
1.187496e-06 1.117913e+09 6003113 1.12634e+09 6003113
8.47601e-07 1.108399e+09 6002114 1.09889e+09 6002113
1.409216e-06 1.097023e+09 6002113 1.113507e+09 6002113
1.183156e-06 1.137673e+09 6003113 1.100754e+09 6003113
1.183156e-06 1.112164e+09 6003113 1.14638e+09 6003113
1.753628e-09 1.116306e+09 6002113 1.093152e+09 6002113
1.13445e-06 1.135371e+09 6003114 1.111561e+09 6003113
1.053357e-06 1.113076e+09 6003113 1.120961e+09 6003113
1.509184e-06 1.131932e+09 6003113 1.11485e+09 6003113
1.485769e-06 1.144717e+09 6003114 1.118568e+09 6003113
1.042877e-06 1.139637e+09 6003113 1.104692e+09 6003113
1.210289e-06 1.116759e+09 6002113 1.103229e+09 6002113
1.135164e-06 1.089806e+09 6002114 1.116014e+09 6002113
1.132543e-06 1.107416e+09 6002113 1.10217e+09 6002113
1.111277e-06 1.133129e+09 6003113 1.112484e+09 6003113
1.228137e-06 1.125601e+09 6003114 1.101812e+09 6003113
9.732345e-07 1.106207e+09 6002113 1.113871e+09 6002113
1.259662e-06 1.045936e+09 6002113 1.117463e+09 6002113
1.081795e-06 1.109818e+09 6002113 1.117819e+09 6002113
1.436533e-06 1.060016e+09 6002114 1.118138e+09 6002113
1.187496e-06 1.104597e+09 6002113 1.106153e+09 6002113
1.600697e-06 1.108802e+09 6002113 1.107431e+09 6002113
1.203846e-06 1.111566e+09 6002113 1.108613e+09 6002113
1.039175e-06 1.106495e+09 6002113 1.110492e+09 6002113
7.164033e-07 1.132404e+09 6003114 1.11448e+09 6003113
1.181298e-06 1.114537e+09 6002113 1.121457e+09 6002113
1.288152e-06 1.110254e+09 6002113 1.102153e+09 6002113
1.073318e-06 1.133565e+09 6003113 1.115945e+09 6003113
1.222417e-06 1.124257e+09 6003114 1.127275e+09 6003113
1.739418e-06 1.118428e+09 6002113 1.114299e+09 6002113
8.028714e-07 1.105877e+09 6002114 1.104754e+09 6002113
1.096421e-06 1.113035e+09 6002113 1.111178e+09 6002113
1.228617e-06 1.080288e+09 6002113 1.11245e+09 6002113
1.123231e-06 1.097354e+09 6002113 1.108692e+09 6002113
9.776975e-07 1.12854e+09 6003114 1.11082e+09 6003113
1.288152e-06 1.102662e+09 6002113 1.097729e+09 6002113
4.775904e-09 1.107682e+09 6002113 1.058353e+09 6002113
1.038547e-06 1.107314e+09 6002113 1.095986e+09 6002113
1.263142e-06 1.105265e+09 6002113 1.102159e+09 6002113
1.634521e-06 1.092805e+09 6002113 1.110921e+09 6002113
1.22572e-06 1.137396e+09 6003114 1.123403e+09 6003113
1.54752e-07 1.103842e+09 6002114 1.117846e+09 6002113
1.22572e-06 1.137289e+09 6003113 1.122621e+09 6003113
1.22572e-06 1.10912e+09 6003113 1.1321e+09 6003113
1.250501e-06 1.077027e+09 6002113 1.092422e+09 6002113
8.881196e-07 1.103382e+09 6002114 1.115805e+09 6002113
9.338663e-07 1.108205e+09 6003113 1.127437e+09 6003113
1.073318e-06 1.098459e+09 6002114 1.097971e+09 6002113
1.208377e-06 1.106895e+09 6002113 1.108077e+09 6002113
1.208377e-06 1.113755e+09 6002114 1.114928e+09 6002113
1.1291e-06 1.102303e+09 6002114 1.109828e+09 6002113
1.216471e-06 1.107583e+09 6002114 1.10323e+09 6002113
1.053357e-06 1.101004e+09 6002113 1.111638e+09 6002113
1.235728e-06 1.116918e+09 6003113 1.13691e+09 6003113
1.051295e-06 1.100963e+09 6002114 1.120235e+09 6002113
1.259662e-06 1.10913e+09 6002114 1.115727e+09 6002113
1.537676e-06 1.10229e+09 6002114 1.101891e+09 6002113
1.12695e-06 1.111191e+09 6002113 1.094278e+09 6002113
4.147721e-07 1.117395e+09 6002113 1.093402e+09 6002113
2.829832e-07 1.110863e+09 6003113 1.120601e+09 6003113
1.436533e-06 1.097781e+09 6002113 1.111867e+09 6002113
5.748832e-07 1.109496e+09 6002114 1.114577e+09 6002113
2.413614e-08 1.111623e+09 6002113 1.122909e+09 6002113
1.175734e-06 1.111003e+09 6002113 1.110864e+09 6002113
1.187496e-06 1.104959e+09 6002113 1.12227e+09 6002113
1.203846e-06 1.113167e+09 6002113 1.082095e+09 6002113
1.13445e-06 1.100678e+09 6002113 1.112056e+09 6002113
6.711459e-07 1.101497e+09 6003113 1.151943e+09 6003113
4.147721e-07 1.0927e+09 6002113 1.111192e+09 6002113
5.839069e-07 1.09288e+09 6002113 1.116122e+09 6002113
4.639079e-08 1.105705e+09 6002113 1.112352e+09 6002113
1.208377e-06 1.106086e+09 6002114 1.115742e+09 6002113
1.232318e-06 1.122123e+09 6003113 1.117914e+09 6003113
1.191626e-06 1.147874e+09 6003114 1.115432e+09 6003113
1.046138e-06 1.11357e+09 6002114 1.114589e+09 6002113
9.066282e-08 1.125025e+09 6003113 1.124855e+09 6003113
1.183156e-06 1.146198e+09 6003113 1.108527e+09 6003113
1.416675e-08 1.119474e+09 6003113 1.119515e+09 6003113
5.347884e-07 1.098689e+09 6002114 1.108038e+09 6002113
1.051295e-06 1.112994e+09 6002113 1.118299e+09 6002113
1.739418e-06 1.114453e+09 6002113 1.095738e+09 6002113
1.046396e-06 1.106855e+09 6002114 1.107822e+09 6002113
1.12695e-06 1.12252e+09 6003114 1.114645e+09 6003113
8.91966e-07 1.115056e+09 6002113 1.109924e+09 6002113
1.243543e-06 1.100712e+09 6002113 1.120623e+09 6002113
1.216471e-06 1.115653e+09 6003113 1.122811e+09 6003113
7.099232e-07 1.057238e+09 6002113 1.10461e+09 6002113
1.030349e-06 1.127966e+09 6003113 1.119213e+09 6003113
1.053357e-06 1.09711e+09 6002114 1.10948e+09 6002113
1.187496e-06 1.100507e+09 6002113 1.110902e+09 6002113
2.476365e-07 1.093633e+09 6002113 1.103259e+09 6002113
1.111277e-06 1.115713e+09 6002113 1.102542e+09 6002113
1.173282e-06 1.102783e+09 6002114 1.106632e+09 6002113
8.47601e-07 1.121659e+09 6003113 1.122037e+09 6003113
8.496002e-07 1.132577e+09 6003114 1.094692e+09 6003113
1.030349e-06 1.124172e+09 6003114 1.107556e+09 6003113
1.243307e-06 1.127392e+09 6003113 1.121876e+09 6003113
1.111277e-06 1.11812e+09 6002113 1.107477e+09 6002113
1.186747e-06 1.099127e+09 6002113 1.116939e+09 6002113
1.203846e-06 1.116916e+09 6003113 1.101641e+09 6003113
1.035017e-06 1.086335e+09 6002114 1.111516e+09 6002113
5.748832e-07 1.092182e+09 6002114 1.105334e+09 6002113
1.216471e-06 1.115752e+09 6002113 1.102752e+09 6002113
5.748832e-07 1.104649e+09 6002113 1.111672e+09 6002113
1.135662e-06 1.106917e+09 6002113 1.111828e+09 6002113
5.788804e-07 1.116002e+09 6002113 1.060144e+09 6002113
1.656507e-06 1.152425e+09 6003114 1.117764e+09 6003113
1.186747e-06 1.117119e+09 6003113 1.135608e+09 6003113
1.65077e-08 1.108222e+09 6002113 1.109894e+09 6002113
1.228617e-06 1.117775e+09 6002113 1.123912e+09 6002113
1.130015e-06 1.113389e+09 6002114 1.112831e+09 6002113
9.338663e-07 1.083479e+09 6002114 1.11408e+09 6002113
1.215225e-06 1.118887e+09 6003113 1.134127e+09 6003113
1.073318e-06 1.112004e+09 6003113 1.149983e+09 6003113
1.183032e-06 1.11856e+09 6002114 1.112723e+09 6002113
1.183032e-06 1.079333e+09 6001113 1.102193e+09 6001113
7.591018e-07 1.111167e+09 6002113 1.099988e+09 6002113
4.965987e-07 1.106007e+09 6002114 1.120562e+09 6002113
1.035017e-06 1.143172e+09 6003113 1.115685e+09 6003113
5.347884e-07 1.121756e+09 6002113 1.097684e+09 6002113
1.305167e-06 1.089294e+09 6002114 1.117661e+09 6002113
8.496002e-07 1.101332e+09 6002113 1.116818e+09 6002113
1.183156e-06 1.114241e+09 6003114 1.104154e+09 6003113
1.183032e-06 1.113998e+09 6002114 1.120217e+09 6002113
4.147721e-07 1.108178e+09 6002113 1.110759e+09 6002113
5.347884e-07 1.094109e+09 6002114 1.107898e+09 6002113
1.089717e-06 1.123309e+09 6002113 1.107996e+09 6002113
1.206871e-06 1.098943e+09 6002113 1.119436e+09 6002113
7.591018e-07 1.121898e+09 6003114 1.115046e+09 6003113
1.173282e-06 1.105332e+09 6002113 1.122989e+09 6002113
7.469044e-08 1.111407e+09 6002113 1.095518e+09 6002113
1.077683e-06 1.108738e+09 6002113 1.115845e+09 6002113
3.105321e-07 1.088399e+09 6002114 1.109245e+09 6002113
1.600697e-06 1.108005e+09 6002113 1.086936e+09 6002113
1.22572e-06 1.134534e+09 6003114 1.120747e+09 6003113
9.732345e-07 1.088056e+09 6002114 1.105877e+09 6002113
1.039175e-06 1.098964e+09 6001113 1.073869e+09 6001113
1.012423e-06 1.099504e+09 6002114 1.109514e+09 6002113
7.591018e-07 1.113152e+09 6002113 1.108889e+09 6002113
1.076046e-06 1.144447e+09 6003113 1.109763e+09 6003113
1.130015e-06 1.102506e+09 6002113 1.084689e+09 6002113
4.49933e-07 1.079055e+09 6002114 1.094964e+09 6002113
8.496002e-07 1.092344e+09 6002114 1.102627e+09 6002113
1.067528e-06 1.096158e+09 6002113 1.10116e+09 6002113
1.231692e-06 1.091885e+09 6001113 1.084658e+09 6001113
1.159611e-07 1.092562e+09 6002114 1.119644e+09 6002113
7.099232e-07 1.116089e+09 6002114 1.11553e+09 6002113
1.13445e-06 1.130802e+09 6003113 1.115793e+09 6003113
6.748739e-07 1.117138e+09 6002113 1.108272e+09 6002113
1.076046e-06 1.099812e+09 6002113 1.115037e+09 6002113
1.075022e-06 1.119298e+09 6003113 1.114015e+09 6003113
6.243275e-07 1.129946e+09 6003113 1.10727e+09 6003113
1.228137e-06 1.125437e+09 6003113 1.116852e+09 6003113
1.243543e-06 1.123218e+09 6003113 1.140823e+09 6003113
1.075022e-06 1.114059e+09 6002114 1.107437e+09 6002113
1.096421e-06 1.108931e+09 6002113 1.105481e+09 6002113
8.91966e-07 1.107443e+09 6003113 1.115923e+09 6003113
1.288152e-06 1.140495e+09 6003114 1.113504e+09 6003113
1.077683e-06 1.149181e+09 6003113 1.125465e+09 6003113
1.288152e-06 1.110586e+09 6002113 1.102939e+09 6002113
1.216471e-06 1.097054e+09 6002113 1.105823e+09 6002113
1.071004e-06 1.08632e+09 6002113 1.119763e+09 6002113
9.776975e-07 1.10173e+09 6002113 1.112972e+09 6002113
1.227433e-06 1.114036e+09 6002113 1.118543e+09 6002113
1.135164e-06 1.120264e+09 6002114 1.112867e+09 6002113
1.836413e-06 1.087515e+09 6002113 1.100724e+09 6002113
1.436533e-06 1.104557e+09 6003114 1.123363e+09 6003113
6.546621e-08 1.111197e+09 6002113 1.110352e+09 6002113
2.829832e-07 1.100373e+09 6002114 1.11031e+09 6002113
1.143995e-06 1.113163e+09 6002113 1.103799e+09 6002113
8.028714e-07 1.137028e+09 6003114 1.119616e+09 6003113
8.911623e-09 1.09056e+09 6003114 1.118447e+09 6003113
2.413614e-08 1.070431e+09 6002114 1.104346e+09 6002113
1.1291e-06 1.100125e+09 6003113 1.130957e+09 6003113
1.043321e-06 1.098223e+09 6002114 1.120349e+09 6002113
1.705632e-06 1.075643e+09 6003113 1.125862e+09 6003113
1.175734e-06 1.144435e+09 6003114 1.117335e+09 6003113
1.183156e-06 1.119345e+09 6002114 1.093235e+09 6002113
1.408483e-06 1.0921e+09 6002113 1.124902e+09 6002113
1.173282e-06 1.043625e+09 6002114 1.111209e+09 6002113
1.051295e-06 1.144821e+09 6003113 1.119576e+09 6003113
1.187496e-06 1.105019e+09 6002113 1.107036e+09 6002113
1.081795e-06 1.14353e+09 6003113 1.124348e+09 6003113
1.12695e-06 1.114584e+09 6002114 1.121561e+09 6002113
1.218585e-06 1.11272e+09 6002114 1.11081e+09 6002113
5.451273e-07 1.109019e+09 6002114 1.113714e+09 6002113
3.505081e-07 1.114499e+09 6002113 1.114186e+09 6002113
1.203846e-06 1.124562e+09 6003113 1.105597e+09 6003113
8.496002e-07 1.126687e+09 6003113 1.111018e+09 6003113
2.018917e-07 1.115936e+09 6003113 1.111006e+09 6003113
1.178282e-06 1.036748e+09 6001113 1.090018e+09 6001113
1.076046e-06 1.110897e+09 6002113 1.11785e+09 6002113
1.183032e-06 1.116691e+09 6003113 1.116369e+09 6003113
8.881196e-07 1.12943e+09 6003113 1.102557e+09 6003113
1.243543e-06 1.114853e+09 6002113 1.092477e+09 6002113
1.181298e-06 1.08733e+09 6002114 1.106218e+09 6002113
9.338663e-07 1.13868e+09 6003113 1.121484e+09 6003113
1.1291e-06 1.14737e+09 6003113 1.10311e+09 6003113
1.110283e-06 1.101881e+09 6002113 1.124436e+09 6002113
3.400869e-07 1.11105e+09 6002113 1.112592e+09 6002113
1.132543e-06 1.110803e+09 6002113 1.082753e+09 6002113
1.039175e-06 1.118484e+09 6002113 1.115872e+09 6002113
1.25249e-06 1.087932e+09 6001113 1.065549e+09 6001113
3.030078e-08 1.124169e+09 6003113 1.144815e+09 6003113
3.897765e-07 1.114999e+09 6002113 1.096338e+09 6002113
1.05951e-06 1.120061e+09 6003113 1.078559e+09 6003113
1.191626e-06 1.107153e+09 6002113 1.110018e+09 6002113
6.243275e-07 1.123192e+09 6003113 1.120236e+09 6003113
1.123231e-06 1.093059e+09 6002114 1.107841e+09 6002113
1.071004e-06 1.140165e+09 6003114 1.115751e+09 6003113
4.361056e-08 1.116566e+09 6002113 1.07718e+09 6002113
1.035017e-06 1.099919e+09 6002114 1.106285e+09 6002113
1.053357e-06 1.071004e+09 6002113 1.113725e+09 6002113
1.1291e-06 1.119468e+09 6002114 1.111022e+09 6002113
1.132543e-06 1.123118e+09 6002113 1.085521e+09 6002113
1.250501e-06 1.116219e+09 6003113 1.111946e+09 6003113
1.250944e-06 1.0942e+09 6002113 1.110267e+09 6002113
8.543116e-07 1.096448e+09 6001113 1.082443e+09 6001113
5.839069e-07 1.113525e+09 6002113 1.104879e+09 6002113
1.046396e-06 1.111439e+09 6002113 1.080022e+09 6002113
1.12695e-06 1.10597e+09 6002113 1.08154e+09 6002113
1.748884e-06 1.119907e+09 6002114 1.096011e+09 6002113
1.485769e-06 1.118531e+09 6002113 1.106865e+09 6002113
2.018917e-07 1.091434e+09 6003113 1.117392e+09 6003113
1.203846e-06 1.102777e+09 6002114 1.107849e+09 6002113
3.212959e-07 1.067685e+09 6001113 1.085812e+09 6001113
1.123231e-06 1.103603e+09 6002113 1.116183e+09 6002113
1.461778e-06 1.114676e+09 6003113 1.145928e+09 6003113
1.046138e-06 1.088731e+09 6002113 1.114219e+09 6002113
1.269395e-06 1.1074e+09 6002114 1.111794e+09 6002113
8.028714e-07 1.114398e+09 6002113 1.116446e+09 6002113
1.156709e-06 1.11774e+09 6003113 1.138821e+09 6003113
1.235728e-06 1.104081e+09 6002113 1.102568e+09 6002113
7.763088e-07 1.109074e+09 6002113 1.114792e+09 6002113
1.073318e-06 1.111965e+09 6002114 1.112596e+09 6002113
1.183156e-06 1.128695e+09 6002113 1.108425e+09 6002113
8.47601e-07 1.075274e+09 6002114 1.12785e+09 6002113
1.461778e-06 1.105384e+09 6002114 1.102009e+09 6002113
1.076046e-06 1.118539e+09 6003113 1.127128e+09 6003113
1.123231e-06 1.096178e+09 6002113 1.108777e+09 6002113
6.037626e-07 1.134166e+09 6003114 1.10792e+09 6003113
1.206871e-06 1.118408e+09 6003113 1.142499e+09 6003113
1.178282e-06 1.110317e+09 6002114 1.10703e+09 6002113
7.164033e-07 1.102075e+09 6002113 1.106399e+09 6002113
1.817208e-07 1.081876e+09 6002113 1.113015e+09 6002113
9.338663e-07 1.108558e+09 6002113 1.120895e+09 6002113
7.591018e-07 1.105386e+09 6002113 1.107854e+09 6002113
1.485769e-06 1.144163e+09 6003114 1.105805e+09 6003113
5.451273e-07 1.055549e+09 6001114 1.099241e+09 6001113
1.213071e-06 1.135656e+09 6003113 1.112925e+09 6003113
1.026386e-07 1.118958e+09 6002113 1.097799e+09 6002113
1.053357e-06 1.109957e+09 6002113 1.111614e+09 6002113
4.853334e-07 1.116248e+09 6003114 1.114125e+09 6003113
2.476365e-07 1.091369e+09 6001114 1.087743e+09 6001113
3.105321e-07 1.100636e+09 6002113 1.070879e+09 6002113
1.135662e-06 1.145467e+09 6003113 1.121383e+09 6003113
7.60741e-07 1.141187e+09 6003113 1.110643e+09 6003113
1.135662e-06 1.129721e+09 6003114 1.104753e+09 6003113
1.130015e-06 1.10636e+09 6002113 1.10415e+09 6002113
1.035017e-06 1.102763e+09 6002114 1.115761e+09 6002113
9.066282e-08 1.10686e+09 6002114 1.092285e+09 6002113
1.228617e-06 1.107983e+09 6002113 1.095262e+09 6002113
6.243275e-07 1.093067e+09 6002113 1.080771e+09 6002113
1.485769e-06 1.078697e+09 6002114 1.101161e+09 6002113
2.476365e-07 1.114321e+09 6002113 1.119412e+09 6002113
4.258957e-07 1.151982e+09 6003113 1.115735e+09 6003113
1.059282e-06 1.110108e+09 6002114 1.111908e+09 6002113
8.911623e-09 1.109553e+09 6002113 1.112924e+09 6002113
1.183032e-06 1.089977e+09 6001113 1.101163e+09 6001113
1.228137e-06 1.112233e+09 6002113 1.112065e+09 6002113
1.408483e-06 1.145972e+09 6003114 1.118276e+09 6003113
2.621314e-08 1.108522e+09 6002114 1.114198e+09 6002113
1.175734e-06 1.131799e+09 6003114 1.10838e+09 6003113
1.081795e-06 1.133237e+09 6003113 1.120278e+09 6003113
1.030349e-06 1.11736e+09 6002113 1.106139e+09 6002113
1.178282e-06 1.114771e+09 6002114 1.111036e+09 6002113
1.509184e-06 1.110732e+09 6002114 1.111509e+09 6002113
1.509184e-06 1.116406e+09 6002113 1.113835e+09 6002113
1.046396e-06 1.117345e+09 6002113 1.121461e+09 6002113
6.663501e-07 1.076657e+09 6001113 1.098132e+09 6001113
1.243307e-06 1.102736e+09 6002114 1.111782e+09 6002113
1.111277e-06 1.107666e+09 6002113 1.086942e+09 6002113
1.231692e-06 1.154459e+09 6003114 1.12729e+09 6003113
1.537676e-06 1.112587e+09 6002113 1.116266e+09 6002113
1.030349e-06 1.076448e+09 6002113 1.103782e+09 6002113
1.213071e-06 1.104622e+09 6002113 1.120369e+09 6002113
1.228617e-06 1.105374e+09 6002113 1.106189e+09 6002113
7.591018e-07 1.116832e+09 6002114 1.096804e+09 6002113
1.632203e-07 1.111617e+09 6002113 1.11158e+09 6002113
5.347884e-07 1.12033e+09 6002113 1.110077e+09 6002113
2.829832e-07 1.101727e+09 6002113 1.114986e+09 6002113
1.250944e-06 1.108131e+09 6003113 1.12658e+09 6003113
1.24101e-06 1.102293e+09 6002113 1.103649e+09 6002113
1.461778e-06 1.095078e+09 6002113 1.070609e+09 6002113
7.164033e-07 1.116103e+09 6002113 1.111339e+09 6002113
9.347118e-07 1.100768e+09 6002113 1.102544e+09 6002113
1.076046e-06 1.13659e+09 6003113 1.121606e+09 6003113
1.043321e-06 1.116207e+09 6002114 1.102399e+09 6002113
1.1291e-06 1.097578e+09 6002114 1.112525e+09 6002113
1.187496e-06 1.104718e+09 6002114 1.11867e+09 6002113
4.965987e-07 1.101029e+09 6002113 1.121322e+09 6002113
9.620118e-09 1.082959e+09 6002114 1.107429e+09 6002113
1.043321e-06 1.11282e+09 6002113 1.110437e+09 6002113
1.173282e-06 1.10605e+09 6002113 1.10107e+09 6002113
1.096421e-06 1.118084e+09 6003113 1.148917e+09 6003113
1.24101e-06 1.11361e+09 6002113 1.095766e+09 6002113
1.026386e-07 1.126212e+09 6003113 1.114046e+09 6003113
1.173282e-06 1.105191e+09 6002113 1.113009e+09 6002113
1.509184e-06 1.116364e+09 6003113 1.141444e+09 6003113
9.776975e-07 1.125029e+09 6002114 1.113852e+09 6002113
2.335822e-07 1.114991e+09 6002113 1.10773e+09 6002113
1.228137e-06 1.108943e+09 6002113 1.111947e+09 6002113
8.496002e-07 1.101998e+09 6002114 1.113699e+09 6002113
1.13445e-06 1.066444e+09 6001114 1.096652e+09 6001113
6.663501e-07 1.120308e+09 6002113 1.117941e+09 6002113
1.461778e-06 1.115673e+09 6003114 1.120264e+09 6003113
1.288152e-06 1.104452e+09 6002114 1.114983e+09 6002113
1.043321e-06 1.121064e+09 6002113 1.088967e+09 6002113
1.030349e-06 1.088651e+09 6002113 1.104958e+09 6002113
1.076046e-06 1.105073e+09 6002113 1.108191e+09 6002113
1.269395e-06 1.147028e+09 6003113 1.124484e+09 6003113
8.91966e-07 1.125593e+09 6003114 1.119809e+09 6003113
1.250501e-06 1.09848e+09 6002113 1.095619e+09 6002113
8.881196e-07 1.107521e+09 6002113 1.074212e+09 6002113
1.243543e-06 1.126433e+09 6003114 1.112743e+09 6003113
1.705632e-06 1.118504e+09 6003114 1.107942e+09 6003113
1.175734e-06 1.094901e+09 6002114 1.110374e+09 6002113
1.243307e-06 1.102834e+09 6002113 1.106277e+09 6002113
1.13445e-06 1.109522e+09 6002113 1.11616e+09 6002113
1.143995e-06 1.106331e+09 6002114 1.106048e+09 6002113
1.012423e-06 1.135489e+09 6003114 1.111785e+09 6003113
1.222417e-06 1.119946e+09 6002114 1.11322e+09 6002113
1.186747e-06 1.118752e+09 6002113 1.107875e+09 6002113
6.243275e-07 1.112656e+09 6002113 1.091284e+09 6002113
1.039175e-06 1.088233e+09 6002113 1.108207e+09 6002113
1.600697e-06 1.052082e+09 6002114 1.113053e+09 6002113
1.250501e-06 1.112496e+09 6002113 1.125513e+09 6002113
1.042877e-06 1.118039e+09 6002113 1.103747e+09 6002113
1.216471e-06 1.087041e+09 6002114 1.112682e+09 6002113
1.13445e-06 1.11782e+09 6002113 1.100552e+09 6002113
1.156709e-06 1.143288e+09 6003113 1.118345e+09 6003113
1.130015e-06 1.118332e+09 6003113 1.126861e+09 6003113
3.105321e-07 1.110341e+09 6003113 1.100341e+09 6003113
2.238309e-07 1.118884e+09 6002113 1.119615e+09 6002113
1.175734e-06 1.099363e+09 6002114 1.104923e+09 6002113
1.203846e-06 1.052583e+09 6001113 1.099267e+09 6001113
1.216471e-06 1.078058e+09 6002113 1.110565e+09 6002113
1.053357e-06 1.094246e+09 6001113 1.082398e+09 6001113
1.05951e-06 1.12609e+09 6003113 1.11699e+09 6003113
1.096421e-06 1.111218e+09 6003113 1.130533e+09 6003113
8.543116e-07 1.102326e+09 6002114 1.09851e+09 6002113
1.132543e-06 1.125938e+09 6003113 1.118659e+09 6003113
1.216471e-06 1.102898e+09 6002114 1.110392e+09 6002113
1.071004e-06 1.118389e+09 6002113 1.106274e+09 6002113
5.839069e-07 1.088344e+09 6002114 1.11216e+09 6002113
1.043321e-06 1.110884e+09 6003113 1.107304e+09 6003113
8.0775e-07 1.121067e+09 6003114 1.118793e+09 6003113
7.60741e-07 1.118588e+09 6002114 1.106481e+09 6002113
1.213071e-06 1.101517e+09 6002113 1.108498e+09 6002113
3.156771e-07 1.108976e+09 6003113 1.104056e+09 6003113
1.110283e-06 1.10081e+09 6002114 1.112592e+09 6002113
1.135164e-06 1.100196e+09 6002113 1.123955e+09 6002113
1.1291e-06 1.112046e+09 6002114 1.115223e+09 6002113
1.218585e-06 1.100676e+09 6002114 1.110143e+09 6002113
1.038547e-06 1.128622e+09 6003113 1.117553e+09 6003113
1.216471e-06 1.1033e+09 6002114 1.118082e+09 6002113
1.485769e-06 1.100893e+09 6002114 1.108874e+09 6002113
1.288152e-06 1.151711e+09 6003114 1.118088e+09 6003113
1.24101e-06 1.118464e+09 6003113 1.150285e+09 6003113
1.222417e-06 1.114098e+09 6002113 1.110323e+09 6002113
1.243543e-06 1.112559e+09 6002113 1.108423e+09 6002113
6.748739e-07 1.13811e+09 6003113 1.121044e+09 6003113
1.54752e-07 1.092191e+09 6002113 1.107017e+09 6002113
1.035017e-06 1.135937e+09 6003114 1.117398e+09 6003113
1.183032e-06 1.084057e+09 6002113 1.119226e+09 6002113
1.076046e-06 1.105663e+09 6002113 1.091141e+09 6002113
8.91966e-07 1.107151e+09 6002113 1.115684e+09 6002113
1.046138e-06 1.114474e+09 6002114 1.095943e+09 6002113
1.235728e-06 1.104166e+09 6002113 1.092908e+09 6002113
1.187496e-06 1.09262e+09 6002113 1.108403e+09 6002113
5.748832e-07 1.082211e+09 6002114 1.115135e+09 6002113
1.409216e-06 1.10843e+09 6002113 1.087497e+09 6002113
8.91966e-07 1.106489e+09 6002113 1.111702e+09 6002113
9.776975e-07 1.14425e+09 6003113 1.114704e+09 6003113
1.12695e-06 1.111115e+09 6002113 1.107619e+09 6002113
1.038547e-06 1.110884e+09 6003114 1.106234e+09 6003113
1.059282e-06 1.108072e+09 6003114 1.121998e+09 6003113
8.91966e-07 1.112818e+09 6002113 1.112546e+09 6002113
2.079948e-08 1.108186e+09 6002113 1.109592e+09 6002113
1.730235e-07 1.139998e+09 6003113 1.119431e+09 6003113
1.089717e-06 1.1375e+09 6003114 1.118785e+09 6003113
1.203846e-06 1.11205e+09 6002113 1.100159e+09 6002113
1.051295e-06 1.119985e+09 6002113 1.114449e+09 6002113
2.829832e-07 1.12219e+09 6003113 1.131214e+09 6003113
9.347118e-07 1.116635e+09 6002113 1.103438e+09 6002113
1.953967e-09 1.091113e+09 6001113 1.086542e+09 6001113
1.038547e-06 1.117293e+09 6002113 1.115287e+09 6002113
7.591018e-07 1.103039e+09 6003113 1.150936e+09 6003113
2.413614e-08 1.114262e+09 6002113 1.087615e+09 6002113
1.656507e-06 1.088162e+09 6001113 1.090915e+09 6001113
1.030349e-06 1.107308e+09 6002113 1.084524e+09 6002113
1.076346e-06 1.097088e+09 6002113 1.117232e+09 6002113
1.029751e-06 1.09304e+09 6001113 1.066296e+09 6001113
3.105321e-07 1.135481e+09 6003113 1.114168e+09 6003113
7.591018e-07 1.110848e+09 6002113 1.094318e+09 6002113
7.992481e-08 1.119483e+09 6003113 1.131578e+09 6003113
1.035017e-06 1.132844e+09 6003114 1.121039e+09 6003113
1.748884e-06 1.090902e+09 6002113 1.102761e+09 6002113
1.600697e-06 1.104498e+09 6002114 1.120647e+09 6002113
1.210289e-06 1.108146e+09 6002113 1.115179e+09 6002113
1.05951e-06 1.035824e+09 6003113 1.117052e+09 6003113
1.437762e-06 1.095894e+09 6002113 1.107938e+09 6002113
1.288152e-06 1.09676e+09 6002113 1.104194e+09 6002113
1.051295e-06 1.115823e+09 6002113 1.104473e+09 6002113
1.269395e-06 1.111287e+09 6002113 1.105024e+09 6002113
9.732345e-07 1.121667e+09 6003114 1.131867e+09 6003113
1.076046e-06 1.103565e+09 6002113 1.099412e+09 6002113
3.816479e-07 1.099718e+09 6002113 1.107325e+09 6002113
1.243307e-06 1.124465e+09 6002113 1.069067e+09 6002113
1.053357e-06 1.117885e+09 6003113 1.125728e+09 6003113
9.53285e-07 1.104235e+09 6002113 1.106241e+09 6002113
1.288152e-06 1.110443e+09 6002113 1.107452e+09 6002113
1.243543e-06 1.10737e+09 6002113 1.09159e+09 6002113
6.546621e-08 1.106461e+09 6002113 1.103854e+09 6002113
1.042877e-06 1.091569e+09 6002113 1.112075e+09 6002113
1.075022e-06 1.113985e+09 6002113 1.10097e+09 6002113
1.178282e-06 1.107814e+09 6002113 1.094407e+09 6002113
1.1291e-06 1.105792e+09 6003113 1.115677e+09 6003113
1.093301e-07 1.092488e+09 6001113 1.054683e+09 6001113
1.228137e-06 1.103296e+09 6002113 1.100695e+09 6002113
1.110283e-06 1.111448e+09 6002114 1.110663e+09 6002113
6.243275e-07 1.095979e+09 6002113 1.116042e+09 6002113
2.476365e-07 1.079763e+09 6002114 1.116027e+09 6002113
1.181298e-06 1.115747e+09 6003113 1.142168e+09 6003113
1.250501e-06 1.105024e+09 6002113 1.109262e+09 6002113
1.183032e-06 1.09338e+09 6002114 1.104864e+09 6002113
6.748739e-07 1.102644e+09 6002114 1.114051e+09 6002113
1.076046e-06 1.101755e+09 6002113 1.10693e+09 6002113
1.259662e-06 1.093679e+09 6002113 1.099071e+09 6002113
5.748832e-07 1.137546e+09 6003114 1.121293e+09 6003113
1.24101e-06 1.138372e+09 6003114 1.119148e+09 6003113
1.046138e-06 1.11768e+09 6002114 1.107989e+09 6002113
1.053357e-06 1.135754e+09 6003114 1.13373e+09 6003113
1.250501e-06 1.117644e+09 6002113 1.094647e+09 6002113
1.288152e-06 1.134391e+09 6003113 1.119883e+09 6003113
1.175734e-06 1.130759e+09 6003113 1.113933e+09 6003113
5.748832e-07 1.118751e+09 6002113 1.111559e+09 6002113
8.0775e-07 1.086057e+09 6002113 1.110242e+09 6002113
1.132543e-06 1.102616e+09 6002113 1.096353e+09 6002113
1.081795e-06 1.120665e+09 6002113 1.109045e+09 6002113
1.13445e-06 1.126106e+09 6003114 1.118307e+09 6003113
1.042877e-06 1.072073e+09 6002114 1.11058e+09 6002113
1.123231e-06 1.087942e+09 6002113 1.09697e+09 6002113
1.075022e-06 1.120126e+09 6003114 1.123566e+09 6003113
1.705632e-06 1.069542e+09 6001113 1.092591e+09 6001113
8.0775e-07 1.104267e+09 6002114 1.095242e+09 6002113
1.123231e-06 1.100955e+09 6002113 1.103393e+09 6002113
1.13445e-06 1.115788e+09 6002113 1.049704e+09 6002113
1.035017e-06 1.094951e+09 6003114 1.119985e+09 6003113
5.451273e-07 1.096333e+09 6002114 1.114337e+09 6002113
1.222417e-06 1.087024e+09 6002114 1.116283e+09 6002113
1.213071e-06 1.085492e+09 6002113 1.11078e+09 6002113
6.663501e-07 1.083671e+09 6001114 1.099623e+09 6001113
8.496002e-07 1.116375e+09 6002113 1.100648e+09 6002113
1.206871e-06 1.123935e+09 6002113 1.110648e+09 6002113
8.47601e-07 1.136114e+09 6003114 1.118863e+09 6003113
4.49933e-07 1.109638e+09 6002113 1.11137e+09 6002113
1.178282e-06 1.136335e+09 6003114 1.115185e+09 6003113
1.089717e-06 1.12312e+09 6003113 1.109667e+09 6003113
1.269395e-06 1.125396e+09 6003114 1.108703e+09 6003113
2.335822e-07 1.097535e+09 6001113 1.100752e+09 6001113
1.206871e-06 1.107764e+09 6002113 1.104109e+09 6002113
1.076046e-06 1.133472e+09 6003114 1.10759e+09 6003113
1.173282e-06 1.119141e+09 6003113 1.136398e+09 6003113
1.54752e-07 1.069189e+09 6001113 1.101984e+09 6001113
1.030349e-06 1.120863e+09 6003113 1.132996e+09 6003113
1.042877e-06 1.083027e+09 6002114 1.103424e+09 6002113
1.230125e-07 1.108098e+09 6002113 1.110411e+09 6002113
1.183156e-06 1.109864e+09 6002113 1.103132e+09 6002113
1.053357e-06 1.128112e+09 6003113 1.119938e+09 6003113
1.026386e-07 1.080833e+09 6002114 1.091284e+09 6002113
1.753628e-09 1.134093e+09 6003113 1.100192e+09 6003113
1.046396e-06 1.068058e+09 6002113 1.126066e+09 6002113
1.739418e-06 1.116157e+09 6003113 1.116183e+09 6003113
1.035017e-06 1.09817e+09 6002114 1.105722e+09 6002113
1.409216e-06 1.128649e+09 6003114 1.120361e+09 6003113
3.156771e-07 1.08377e+09 6002114 1.116031e+09 6002113
1.012423e-06 1.108619e+09 6003113 1.125747e+09 6003113
1.135164e-06 1.113745e+09 6002113 1.10023e+09 6002113
1.053357e-06 1.114691e+09 6003114 1.102898e+09 6003113
1.030349e-06 1.121806e+09 6002113 1.111823e+09 6002113
1.135662e-06 1.122144e+09 6002113 1.099357e+09 6002113
1.227433e-06 1.096907e+09 6002114 1.109439e+09 6002113
1.187496e-06 1.114274e+09 6002114 1.117007e+09 6002113
2.335822e-07 1.108337e+09 6002113 1.091814e+09 6002113
9.620118e-09 1.09485e+09 6002113 1.11742e+09 6002113
1.12695e-06 1.115991e+09 6003113 1.148132e+09 6003113
1.409216e-06 1.108294e+09 6002113 1.109785e+09 6002113
1.096421e-06 1.097651e+09 6002114 1.107454e+09 6002113
1.075022e-06 1.144102e+09 6003114 1.123391e+09 6003113
1.110283e-06 1.055126e+09 6002113 1.114954e+09 6002113
1.187496e-06 1.119648e+09 6003114 1.109807e+09 6003113
1.053357e-06 1.095238e+09 6002113 1.125192e+09 6002113
1.216471e-06 1.091363e+09 6002114 1.106023e+09 6002113
1.250944e-06 1.109883e+09 6002113 1.095945e+09 6002113
1.216471e-06 1.12231e+09 6003114 1.119175e+09 6003113
1.075022e-06 1.081917e+09 6001113 1.089257e+09 6001113
1.210289e-06 1.116383e+09 6002113 1.102855e+09 6002113
1.836413e-06 1.104022e+09 6002113 1.116963e+09 6002113
1.05951e-06 1.102345e+09 6003113 1.164694e+09 6003113
1.123231e-06 1.133633e+09 6003114 1.115129e+09 6003113
1.228137e-06 1.10788e+09 6002113 1.099778e+09 6002113
1.250944e-06 1.098705e+09 6002114 1.109797e+09 6002113
1.038547e-06 1.12016e+09 6003113 1.117979e+09 6003113
1.1291e-06 1.130619e+09 6003113 1.117464e+09 6003113
1.263142e-06 1.104279e+09 6002113 1.103814e+09 6002113
