1.105471e-06 1.095658e+09 6001113 1.057856e+09 6001113
1.067711e-06 1.103099e+09 6003113 1.117058e+09 6003113
1.065409e-06 1.115478e+09 6002113 1.08433e+09 6002113
1.128524e-06 1.105158e+09 6002113 1.11326e+09 6002113
1.200566e-06 1.110809e+09 6003113 1.110647e+09 6003113
8.431729e-07 1.124105e+09 6003113 1.111069e+09 6003113
1.090693e-06 1.1067e+09 6002113 1.085554e+09 6002113
8.873062e-07 1.103762e+09 6002113 1.108188e+09 6002113
1.185401e-06 1.085243e+09 6002113 1.107999e+09 6002113
1.244409e-06 1.107169e+09 6002113 1.090844e+09 6002113
1.262763e-06 1.105e+09 6002113 1.08775e+09 6002113
1.033121e-06 1.107888e+09 6003113 1.107341e+09 6003113
1.256543e-06 1.105414e+09 6002113 1.103502e+09 6002113
1.172127e-06 1.117755e+09 6003113 1.100343e+09 6003113
9.298287e-07 1.104663e+09 6002113 1.099e+09 6002113
1.210116e-06 1.107993e+09 6002113 1.075589e+09 6002113
8.873062e-07 1.104204e+09 6002113 1.091023e+09 6002113
1.256543e-06 1.085553e+09 6002113 1.100528e+09 6002113
1.429028e-06 1.100618e+09 6003113 1.109879e+09 6003113
1.739747e-06 1.09885e+09 6002113 1.103942e+09 6002113
1.104483e-06 1.101571e+09 6002113 1.094196e+09 6002113
7.722532e-07 1.109332e+09 6002113 1.117152e+09 6002113
1.04093e-06 1.10771e+09 6003113 1.118221e+09 6003113
1.04093e-06 1.10771e+09 6003113 1.118221e+09 6003113
1.090693e-06 1.116302e+09 6003113 1.127753e+09 6003113
8.451617e-07 1.108578e+09 6002113 1.117174e+09 6002113
1.084024e-06 1.106041e+09 6003113 1.109072e+09 6003113
2.815048e-07 1.098566e+09 6002113 1.097279e+09 6002113
1.256543e-06 1.099833e+09 6002113 1.109445e+09 6002113
1.167152e-06 1.066861e+09 6002113 1.106507e+09 6002113
1.129729e-06 1.114171e+09 6003113 1.127895e+09 6003113
1.244409e-06 1.109753e+09 6002113 1.109713e+09 6002113
1.696722e-06 1.109082e+09 6002113 1.051561e+09 6002113
1.105471e-06 1.071055e+09 6002113 1.106664e+09 6002113
1.221021e-06 1.106167e+09 6003113 1.083807e+09 6003113
1.401124e-06 1.100543e+09 6002113 1.109876e+09 6002113
1.06195e-06 1.107327e+09 6003113 1.114864e+09 6003113
1.117363e-06 1.109487e+09 6003113 1.09476e+09 6003113
3.257227e-09 1.099538e+09 6002113 1.101973e+09 6002113
8.035301e-07 1.085264e+09 6002113 1.107679e+09 6002113
1.070723e-06 1.098921e+09 6002113 1.106994e+09 6002113
1.203966e-06 1.134584e+09 6003113 1.108374e+09 6003113
1.203966e-06 1.096089e+09 6002113 1.113066e+09 6002113
3.257227e-09 1.110223e+09 6002113 1.102718e+09 6002113
1.243969e-06 1.085081e+09 6002113 1.108585e+09 6002113
1.072053e-06 1.13064e+09 6003113 1.107444e+09 6003113
3.48677e-07 1.100935e+09 6002113 1.091162e+09 6002113
3.48677e-07 1.100935e+09 6002113 1.091162e+09 6002113
1.123201e-06 1.112365e+09 6003113 1.135217e+09 6003113
1.245947e-06 1.107871e+09 6003113 1.106802e+09 6003113
6.51242e-08 1.100139e+09 6002113 1.086156e+09 6002113
1.053748e-06 1.107505e+09 6002113 1.090813e+09 6002113
1.070425e-06 1.097079e+09 6002113 1.116517e+09 6002113
9.725898e-07 1.10247e+09 6003113 1.113344e+09 6003113
1.126627e-06 1.110401e+09 6002113 1.103562e+09 6002113
1.126627e-06 1.107989e+09 6003113 1.125299e+09 6003113
9.681501e-07 1.109258e+09 6002113 1.114495e+09 6002113
1.123201e-06 1.111953e+09 6003113 1.116374e+09 6003113
1.08759e-07 1.096687e+09 6002113 1.099164e+09 6002113
9.289876e-07 1.077709e+09 6002113 1.109771e+09 6002113
1.037429e-06 1.100936e+09 6002113 1.112174e+09 6002113
1.153552e-07 1.14103e+09 6003113 1.117044e+09 6003113
7.062144e-07 1.10769e+09 6002113 1.075586e+09 6002113
3.796541e-07 1.084856e+09 6003113 1.110323e+09 6003113
1.04093e-06 1.099401e+09 6002113 1.102454e+09 6002113
1.04093e-06 1.099401e+09 6002113 1.102454e+09 6002113
1.070425e-06 1.085625e+09 6002113 1.094924e+09 6002113
1.033121e-06 1.102134e+09 6002113 1.111677e+09 6002113
1.024372e-06 1.128519e+09 6003113 1.109189e+09 6003113
1.202064e-06 1.117119e+09 6003113 1.136731e+09 6003113
1.739747e-06 1.112822e+09 6002113 1.104357e+09 6002113
1.007133e-06 1.110851e+09 6003113 1.109042e+09 6003113
1.105471e-06 1.113564e+09 6003113 1.101322e+09 6003113
1.531379e-08 1.100057e+09 6002113 1.103288e+09 6002113
9.483048e-07 1.107492e+09 6002113 1.081493e+09 6002113
1.210116e-06 1.116833e+09 6003113 1.102577e+09 6003113
2.323619e-07 1.100571e+09 6002113 1.10489e+09 6002113
2.323619e-07 1.095628e+09 6002113 1.102909e+09 6002113
1.138018e-06 1.102916e+09 6003113 1.140239e+09 6003113
1.281423e-06 1.092915e+09 6002113 1.101154e+09 6002113
8.498484e-07 1.108046e+09 6003113 1.129772e+09 6003113
1.129729e-06 1.077621e+09 6002113 1.099301e+09 6002113
1.210116e-06 1.102903e+09 6002113 1.085652e+09 6002113
1.202064e-06 1.077436e+09 6002113 1.108819e+09 6002113
1.007133e-06 1.093271e+09 6002113 1.103591e+09 6002113
1.229273e-06 1.114005e+09 6002113 1.106934e+09 6002113
1.037429e-06 1.098512e+09 6002113 1.104799e+09 6002113
1.221021e-06 1.101783e+09 6002113 1.104769e+09 6002113
1.033121e-06 1.0842e+09 6002113 1.111816e+09 6002113
1.208876e-06 1.099469e+09 6002113 1.10563e+09 6002113
1.592335e-06 1.102739e+09 6002113 1.113016e+09 6002113
9.289876e-07 1.116071e+09 6002113 1.106082e+09 6002113
1.176975e-06 1.070647e+09 6002113 1.103073e+09 6002113
1.172127e-06 1.107112e+09 6002113 1.100894e+09 6002113
1.040672e-06 1.107899e+09 6002113 1.098639e+09 6002113
7.98677e-07 1.115301e+09 6002113 1.107336e+09 6002113
5.319946e-07 1.093133e+09 6002113 1.115558e+09 6002113
1.221021e-06 1.12271e+09 6003113 1.124466e+09 6003113
1.037429e-06 1.109918e+09 6002113 1.107709e+09 6002113
1.069406e-06 1.111705e+09 6003113 1.110649e+09 6003113
7.98677e-07 1.107966e+09 6002113 1.111621e+09 6002113
1.02961e-06 1.070167e+09 6002113 1.111636e+09 6002113
1.210116e-06 1.108637e+09 6002113 1.102484e+09 6002113
1.221721e-06 1.10428e+09 6002113 1.115345e+09 6002113
1.529643e-06 1.106939e+09 6002113 1.109045e+09 6002113
1.176852e-06 1.100228e+09 6002113 1.092222e+09 6002113
1.401854e-06 1.063115e+09 6002113 1.108668e+09 6002113
3.48677e-07 1.107558e+09 6002113 1.101264e+09 6002113
1.090693e-06 1.107538e+09 6002113 1.109953e+09 6002113
1.197557e-06 1.099928e+09 6002113 1.109174e+09 6002113
1.221021e-06 1.109677e+09 6003113 1.117832e+09 6003113
1.221021e-06 1.109677e+09 6003113 1.117832e+09 6003113
1.200566e-06 1.100142e+09 6002113 1.092112e+09 6002113
1.262763e-06 1.09017e+09 6002113 1.117412e+09 6002113
1.126627e-06 1.10661e+09 6002113 1.083077e+09 6002113
1.216031e-06 1.107531e+09 6003113 1.110636e+09 6003113
5.422794e-07 1.10783e+09 6002113 1.10283e+09 6002113
1.065409e-06 1.107931e+09 6003113 1.129649e+09 6003113
6.62869e-07 1.102694e+09 6002113 1.107947e+09 6002113
6.62869e-07 1.102694e+09 6002113 1.107947e+09 6002113
1.647853e-06 1.113857e+09 6003113 1.125755e+09 6003113
1.047854e-06 1.133269e+09 6003113 1.109572e+09 6003113
4.126052e-07 1.112413e+09 6003113 1.10609e+09 6003113
1.007133e-06 1.121166e+09 6003113 1.109939e+09 6003113
1.219316e-06 1.10939e+09 6002113 1.071401e+09 6002113
1.072053e-06 1.107858e+09 6002113 1.105886e+09 6002113
7.126607e-07 1.110312e+09 6003113 1.129742e+09 6003113
1.08759e-07 1.100944e+09 6002113 1.107747e+09 6002113
1.647853e-06 1.108617e+09 6002113 1.10084e+09 6002113
1.185401e-06 1.126377e+09 6003113 1.113678e+09 6003113
1.045803e-06 1.067629e+09 6002113 1.105751e+09 6002113
9.483048e-07 1.108312e+09 6003113 1.116026e+09 6003113
1.202064e-06 1.11064e+09 6002113 1.107065e+09 6002113
6.210659e-07 1.111782e+09 6002113 1.052544e+09 6002113
1.221021e-06 1.116054e+09 6003113 1.130068e+09 6003113
1.243969e-06 1.111139e+09 6002113 1.109178e+09 6002113
1.22588e-06 1.100912e+09 6002113 1.105191e+09 6002113
1.216031e-06 1.119617e+09 6003113 1.121618e+09 6003113
1.225257e-06 1.113744e+09 6002113 1.099699e+09 6002113
1.067711e-06 1.120629e+09 6003113 1.121699e+09 6003113
1.007133e-06 1.128509e+09 6003113 1.109744e+09 6003113
1.02961e-06 1.10378e+09 6002113 1.09639e+09 6002113
1.070425e-06 1.10401e+09 6003113 1.117215e+09 6003113
6.62869e-07 1.111115e+09 6003113 1.087946e+09 6003113
1.202064e-06 1.125702e+09 6003113 1.118175e+09 6003113
1.070723e-06 1.099614e+09 6002113 1.103518e+09 6002113
1.084024e-06 1.103657e+09 6002113 1.104191e+09 6002113
1.234527e-06 1.108201e+09 6002113 1.107538e+09 6002113
1.053975e-06 1.102039e+09 6002113 1.111905e+09 6002113
1.138018e-06 1.104459e+09 6002113 1.083628e+09 6002113
1.126627e-06 1.107704e+09 6002113 1.109165e+09 6002113
4.126052e-07 1.093246e+09 6002113 1.114113e+09 6002113
1.070425e-06 1.088448e+09 6002113 1.094897e+09 6002113
1.568218e-06 1.114612e+09 6002113 1.113916e+09 6002113
2.226615e-07 1.104977e+09 6003113 1.146125e+09 6003113
1.244409e-06 1.106826e+09 6003113 1.128165e+09 6003113
1.007133e-06 1.119611e+09 6002113 1.10391e+09 6002113
1.401854e-06 1.099606e+09 6002113 1.094943e+09 6002113
1.033121e-06 1.117276e+09 6003113 1.11644e+09 6003113
1.067711e-06 1.085852e+09 6002113 1.109014e+09 6002113
1.253081e-06 1.120197e+09 6003113 1.076735e+09 6003113
7.062144e-07 1.13416e+09 6003113 1.108996e+09 6003113
1.037429e-06 1.108878e+09 6002113 1.111792e+09 6002113
8.184742e-09 1.132615e+09 6003113 1.111128e+09 6003113
1.121063e-06 1.119819e+09 6003113 1.111106e+09 6003113
1.084024e-06 1.102069e+09 6002113 1.052967e+09 6002113
1.070723e-06 1.109479e+09 6002113 1.104178e+09 6002113
1.047854e-06 1.093192e+09 6001113 1.063511e+09 6001113
1.256543e-06 1.076598e+09 6002113 1.108252e+09 6002113
1.070723e-06 1.08963e+09 6002113 1.109774e+09 6002113
1.721196e-07 9.977666e+08 6002113 1.103547e+09 6002113
7.430024e-08 1.095186e+09 6002113 1.096503e+09 6002113
1.007133e-06 1.081555e+09 6002113 1.103993e+09 6002113
5.422794e-07 1.133358e+09 6003113 1.111398e+09 6003113
1.262763e-06 1.111638e+09 6002113 1.105323e+09 6002113
4.236707e-07 1.100509e+09 6002113 1.099575e+09 6002113
1.176975e-06 1.147693e+09 6003113 1.110662e+09 6003113
7.126607e-07 1.100419e+09 6002113 1.102908e+09 6002113
1.02961e-06 1.114521e+09 6003113 1.110113e+09 6003113
1.105471e-06 1.112368e+09 6002113 1.105257e+09 6002113
9.289876e-07 1.093622e+09 6002113 1.104739e+09 6002113
9.298287e-07 1.107887e+09 6002113 1.107166e+09 6002113
1.206733e-06 1.127639e+09 6003113 1.108386e+09 6003113
1.529643e-06 1.107029e+09 6003113 1.111469e+09 6003113
1.176975e-06 1.108416e+09 6002113 1.102178e+09 6002113
1.126627e-06 1.11722e+09 6002113 1.107151e+09 6002113
1.243969e-06 1.102513e+09 6002113 1.096541e+09 6002113
1.128524e-06 1.112022e+09 6003113 1.096504e+09 6003113
1.203966e-06 1.109221e+09 6002113 1.102775e+09 6002113
1.076143e-06 1.116845e+09 6002113 1.105212e+09 6002113
1.045803e-06 1.113142e+09 6002113 1.106362e+09 6002113
8.865066e-09 1.125036e+09 6003113 1.10705e+09 6003113
1.245947e-06 1.10513e+09 6002113 1.102906e+09 6002113
7.598617e-10 1.103771e+09 6002113 1.111324e+09 6002113
1.123201e-06 1.084696e+09 6002113 1.104173e+09 6002113
1.037429e-06 1.092514e+09 6002113 1.1021e+09 6002113
1.047854e-06 1.093663e+09 6002113 1.102584e+09 6002113
1.02961e-06 1.11632e+09 6002113 1.080752e+09 6002113
6.62869e-07 1.109728e+09 6003113 1.124179e+09 6003113
1.623676e-07 1.135517e+09 6003113 1.100597e+09 6003113
5.718799e-07 1.12599e+09 6003113 1.109061e+09 6003113
1.216031e-06 1.106299e+09 6002113 1.100989e+09 6002113
2.323619e-07 1.04781e+09 6002113 1.108029e+09 6002113
1.129729e-06 1.117383e+09 6002113 1.092861e+09 6002113
1.244409e-06 1.113761e+09 6003113 1.117743e+09 6003113
1.033747e-06 1.130394e+09 6003113 1.110517e+09 6003113
1.024372e-06 1.089365e+09 6002113 1.100536e+09 6002113
4.126052e-07 1.099093e+09 6003113 1.109963e+09 6003113
1.281423e-06 1.102542e+09 6002113 1.08906e+09 6002113
1.181292e-06 1.108542e+09 6003113 1.115929e+09 6003113
1.129729e-06 1.105385e+09 6002113 1.061191e+09 6002113
1.203966e-06 1.085201e+09 6002113 1.107842e+09 6002113
3.089098e-07 1.109264e+09 6003113 1.109878e+09 6003113
1.180548e-06 1.096331e+09 6002113 1.108386e+09 6002113
7.126607e-07 1.108617e+09 6002113 1.10487e+09 6002113
3.466497e-09 1.107858e+09 6002113 1.116447e+09 6002113
2.401004e-08 1.109047e+09 6002113 1.104291e+09 6002113
1.454141e-06 1.120831e+09 6003113 1.108658e+09 6003113
1.033747e-06 1.126034e+09 6003113 1.107556e+09 6003113
1.181292e-06 1.130787e+09 6003113 1.109969e+09 6003113
1.090693e-06 1.113166e+09 6003113 1.108962e+09 6003113
1.478007e-06 1.106011e+09 6002113 1.107848e+09 6002113
1.090693e-06 1.099653e+09 6002113 1.11099e+09 6002113
1.167152e-06 1.116096e+09 6002113 1.071761e+09 6002113
1.167152e-06 1.064132e+09 6002113 1.109862e+09 6002113
1.084024e-06 1.103806e+09 6002113 1.059846e+09 6002113
1.225257e-06 1.105601e+09 6002113 1.103141e+09 6002113
1.067711e-06 1.129372e+09 6003113 1.107395e+09 6003113
1.234527e-06 1.097141e+09 6003113 1.108275e+09 6003113
1.225257e-06 1.111872e+09 6002113 1.096779e+09 6002113
1.529643e-06 1.102602e+09 6003113 1.112687e+09 6003113
8.451617e-07 1.095518e+09 6002113 1.113602e+09 6002113
6.676397e-07 1.138428e+09 6003113 1.115769e+09 6003113
1.105471e-06 1.128157e+09 6003113 1.104255e+09 6003113
1.212218e-06 1.11572e+09 6003113 1.138836e+09 6003113
1.06195e-06 1.116558e+09 6003113 1.088812e+09 6003113
9.725898e-07 1.137271e+09 6003113 1.111799e+09 6003113
5.718799e-07 1.117755e+09 6003113 1.100253e+09 6003113
1.117363e-06 1.136064e+09 6003113 1.100223e+09 6003113
1.826819e-06 1.106767e+09 6002113 1.080223e+09 6002113
2.729444e-10 1.099406e+09 6002113 1.095419e+09 6002113
1.172127e-06 1.11041e+09 6002113 1.107205e+09 6002113
1.281423e-06 1.101065e+09 6002113 1.107828e+09 6002113
1.181292e-06 1.080136e+09 6002113 1.108116e+09 6002113
1.176852e-06 1.108521e+09 6002113 1.094146e+09 6002113
1.105471e-06 1.112036e+09 6002113 1.110381e+09 6002113
1.197557e-06 1.101552e+09 6002113 1.105436e+09 6002113
1.592335e-06 1.11249e+09 6002113 1.103336e+09 6002113
3.796541e-07 1.09257e+09 6002113 1.110993e+09 6002113
1.401124e-06 1.13398e+09 6003113 1.106672e+09 6003113
1.262763e-06 1.104258e+09 6002113 1.106291e+09 6002113
2.815048e-07 1.116197e+09 6002113 1.100545e+09 6002113
8.834799e-07 1.105724e+09 6002113 1.107804e+09 6002113
1.070723e-06 1.136134e+09 6003113 1.104403e+09 6003113
1.033747e-06 1.109178e+09 6002113 1.114911e+09 6002113
1.033747e-06 1.109178e+09 6002113 1.114911e+09 6002113
