1.602313e-06 1.120368e+09 6003113 1.103665e+09 6003113
7.408811e-07 1.099419e+09 6002113 1.104859e+09 6002113
1.587343e-06 1.111041e+09 6003114 1.110166e+09 6003113
2.198135e-06 1.100676e+09 6003114 1.103316e+09 6003113
1.524793e-06 1.11535e+09 6003113 1.102311e+09 6003113
1.385436e-06 1.066054e+09 6002114 1.098775e+09 6002113
1.387142e-06 1.093262e+09 6002113 1.088338e+09 6002113
1.357515e-06 1.10934e+09 6003113 1.097444e+09 6003113
8.697441e-07 1.032197e+09 6003114 1.111335e+09 6003113
1.432159e-06 1.096607e+09 6002113 1.090226e+09 6002113
1.380257e-06 1.035859e+09 6002113 1.100159e+09 6002113
2.229841e-07 1.093559e+09 6002113 1.068139e+09 6002113
1.816128e-06 1.101975e+09 6002113 1.056511e+09 6002113
1.581855e-06 1.086212e+09 6002113 1.105002e+09 6002113
5.932208e-07 1.120074e+09 6003113 1.103355e+09 6003113
1.030032e-07 1.139408e+09 6003114 1.109256e+09 6003113
1.58815e-06 1.099576e+09 6003113 1.108026e+09 6003113
3.316734e-07 1.095101e+09 6002113 1.109316e+09 6002113
1.344581e-06 1.066014e+09 6003114 1.103673e+09 6003113
7.025332e-07 1.095838e+09 6002113 1.101735e+09 6002113
1.333879e-06 1.111394e+09 6003114 1.101398e+09 6003113
1.535709e-06 1.101154e+09 6002113 1.077946e+09 6002113
4.382872e-07 1.125654e+09 6003113 1.108567e+09 6003113
1.260008e-06 1.096056e+09 6002113 1.067188e+09 6002113
2.103502e-07 1.107784e+09 6003113 1.106917e+09 6003113
1.602313e-06 1.10474e+09 6002113 1.098878e+09 6002113
1.515228e-06 1.108598e+09 6003113 1.103961e+09 6003113
2.341927e-07 1.092222e+09 6002113 1.104771e+09 6002113
4.517176e-07 1.101879e+09 6002113 1.083517e+09 6002113
1.851333e-06 1.098926e+09 6003113 1.119294e+09 6003113
1.452358e-06 1.069072e+09 6003114 1.107134e+09 6003113
9.062583e-08 1.115828e+09 6003113 1.116417e+09 6003113
1.413014e-06 1.102388e+09 6003113 1.122675e+09 6003113
1.474324e-06 1.103772e+09 6003113 1.130565e+09 6003113
1.883867e-06 1.094533e+09 6003114 1.099376e+09 6003113
1.432159e-06 1.103807e+09 6002113 1.092501e+09 6002113
1.339238e-06 1.117505e+09 6003114 1.099537e+09 6003113
1.142316e-09 1.106165e+09 6003113 1.09279e+09 6003113
4.918489e-07 1.116575e+09 6003113 1.109412e+09 6003113
1.338428e-06 1.10334e+09 6003113 1.126179e+09 6003113
1.459566e-06 1.129617e+09 6003113 1.106908e+09 6003113
1.535709e-06 1.121934e+09 6003114 1.107683e+09 6003113
1.348544e-06 1.095651e+09 6002114 1.098921e+09 6002113
2.341927e-07 1.099083e+09 6002113 1.088048e+09 6002113
1.462943e-06 1.103318e+09 6003113 1.120391e+09 6003113
4.140703e-07 1.1052e+09 6003113 1.11379e+09 6003113
2.134825e-06 1.081801e+09 6003113 1.102228e+09 6003113
1.394164e-06 1.083571e+09 6002114 1.10422e+09 6002113
3.191417e-07 1.090156e+09 6002114 1.095511e+09 6002113
5.798514e-07 1.098308e+09 6002113 1.093956e+09 6002113
1.447565e-06 1.0993e+09 6003114 1.106987e+09 6003113
5.345378e-07 1.105608e+09 6003113 1.108938e+09 6003113
8.046025e-07 1.113939e+09 6003114 1.102991e+09 6003113
1.348211e-06 1.102272e+09 6003113 1.128946e+09 6003113
1.660107e-06 1.094669e+09 6002114 1.106988e+09 6002113
9.232652e-07 1.079476e+09 6002113 1.096659e+09 6002113
1.614148e-06 1.083448e+09 6002114 1.09898e+09 6002113
1.432159e-06 1.084835e+09 6002113 1.09171e+09 6002113
1.338428e-06 1.084797e+09 6002113 1.094934e+09 6002113
1.567727e-06 1.040535e+09 6002114 1.107879e+09 6002113
1.20461e-06 1.044725e+09 6002113 1.100271e+09 6002113
1.36515e-06 1.109647e+09 6003113 1.108602e+09 6003113
1.524793e-06 1.082125e+09 6002114 1.101805e+09 6002113
1.914786e-06 1.090646e+09 6002113 1.102228e+09 6002113
1.575391e-06 1.108684e+09 6003113 1.104432e+09 6003113
1.62339e-06 1.120226e+09 6003113 1.103941e+09 6003113
1.339238e-06 1.094483e+09 6002113 1.099224e+09 6002113
1.602616e-06 1.125372e+09 6003114 1.101474e+09 6003113
1.557296e-06 1.100663e+09 6002114 1.101167e+09 6002113
1.386755e-06 1.101284e+09 6002113 1.095884e+09 6002113
9.14914e-07 1.085836e+09 6003114 1.102687e+09 6003113
1.260008e-06 1.111466e+09 6003113 1.104895e+09 6003113
1.58815e-06 1.118191e+09 6003114 1.096911e+09 6003113
1.383239e-06 1.097774e+09 6003113 1.075982e+09 6003113
1.344581e-06 1.074214e+09 6002113 1.095187e+09 6002113
1.333879e-06 1.12113e+09 6003113 1.101878e+09 6003113
2.031656e-06 1.124375e+09 6003114 1.108033e+09 6003113
1.635933e-06 1.122072e+09 6003114 1.097749e+09 6003113
2.103502e-07 1.107411e+09 6003114 1.112445e+09 6003113
1.327863e-06 1.107952e+09 6002113 1.079e+09 6002113
1.583381e-06 1.092066e+09 6002113 1.084667e+09 6002113
1.944962e-06 1.109504e+09 6003113 1.130731e+09 6003113
1.385436e-06 1.1319e+09 6003113 1.104726e+09 6003113
2.198135e-06 1.100693e+09 6002113 1.093791e+09 6002113
1.981681e-06 1.103009e+09 6003114 1.095387e+09 6003113
3.37822e-08 1.10194e+09 6002113 1.075268e+09 6002113
2.062899e-06 1.099645e+09 6003113 1.118571e+09 6003113
1.462023e-06 1.124786e+09 6003114 1.102279e+09 6003113
1.452358e-06 1.104038e+09 6002113 1.095828e+09 6002113
1.386755e-06 1.091945e+09 6002113 1.090314e+09 6002113
1.559761e-06 1.103144e+09 6002114 1.09975e+09 6002113
1.582763e-06 1.096301e+09 6002114 1.105967e+09 6002113
1.462023e-06 1.076423e+09 6002114 1.103019e+09 6002113
1.535709e-06 1.096879e+09 6002113 1.086206e+09 6002113
1.354857e-06 1.122389e+09 6003114 1.097507e+09 6003113
1.034701e-06 1.094608e+09 6002113 1.093274e+09 6002113
5.978616e-08 1.102481e+09 6003113 1.128225e+09 6003113
1.456308e-06 1.091909e+09 6002114 1.101233e+09 6002113
1.452358e-06 1.081734e+09 6002113 1.099968e+09 6002113
1.611585e-06 1.061979e+09 6002113 1.107948e+09 6002113
1.20461e-06 1.112557e+09 6003114 1.100326e+09 6003113
1.455128e-06 1.09086e+09 6003113 1.09895e+09 6003113
1.462943e-06 1.066675e+09 6002114 1.092902e+09 6002113
1.582763e-06 1.109227e+09 6003113 1.10056e+09 6003113
1.660107e-06 1.105127e+09 6003113 1.117515e+09 6003113
9.625735e-08 1.071229e+09 6002113 1.101557e+09 6002113
1.627875e-06 1.123123e+09 6003113 1.098706e+09 6003113
1.344009e-06 1.095998e+09 6003114 1.105422e+09 6003113
1.456308e-06 1.075093e+09 6002114 1.096638e+09 6002113
1.365444e-06 1.104579e+09 6003113 1.125442e+09 6003113
1.462943e-06 1.12168e+09 6003113 1.104902e+09 6003113
2.229841e-07 1.106312e+09 6003113 1.103102e+09 6003113
1.614148e-06 1.097841e+09 6002113 1.091157e+09 6002113
1.682035e-06 1.112751e+09 6003113 1.106442e+09 6003113
1.602616e-06 1.115931e+09 6003114 1.10354e+09 6003113
1.203521e-06 1.10446e+09 6003113 1.096802e+09 6003113
1.602313e-06 1.108977e+09 6003114 1.112889e+09 6003113
1.611585e-06 1.117033e+09 6003113 1.093456e+09 6003113
1.462943e-06 1.124597e+09 6003113 1.1073e+09 6003113
1.354857e-06 1.099565e+09 6002114 1.090792e+09 6002113
1.385436e-06 1.108737e+09 6003113 1.107481e+09 6003113
1.567727e-06 1.094832e+09 6002113 1.110722e+09 6002113
1.512068e-06 1.12893e+09 6003114 1.103519e+09 6003113
1.432159e-06 1.104731e+09 6003113 1.093293e+09 6003113
1.430878e-06 1.117898e+09 6003113 1.099368e+09 6003113
1.635933e-06 1.064588e+09 6002114 1.099838e+09 6002113
1.559761e-06 1.09656e+09 6002113 1.085761e+09 6002113
1.660107e-06 1.091561e+09 6002113 1.065614e+09 6002113
1.354857e-06 1.083131e+09 6002114 1.103025e+09 6002113
1.365444e-06 1.08747e+09 6003114 1.109036e+09 6003113
8.046025e-07 1.109099e+09 6003113 1.101313e+09 6003113
1.459566e-06 1.112772e+09 6003113 1.106691e+09 6003113
1.404374e-06 1.108183e+09 6003114 1.105619e+09 6003113
1.413014e-06 1.086093e+09 6002113 1.095447e+09 6002113
1.518512e-06 1.087454e+09 6002113 1.105302e+09 6002113
5.488733e-07 1.058717e+09 6002114 1.097576e+09 6002113
1.815183e-06 1.123993e+09 6003113 1.098049e+09 6003113
1.094923e-06 1.102029e+09 6003114 1.104535e+09 6003113
1.529421e-06 1.130982e+09 6003114 1.103405e+09 6003113
1.357515e-06 1.097922e+09 6002113 1.08263e+09 6002113
1.581855e-06 1.107434e+09 6003113 1.125453e+09 6003113
1.462943e-06 1.095198e+09 6002114 1.093471e+09 6002113
5.345378e-07 1.11164e+09 6003113 1.099221e+09 6003113
1.092346e-06 1.114939e+09 6003113 1.101517e+09 6003113
3.646948e-07 1.126218e+09 6003114 1.103048e+09 6003113
1.512068e-06 1.103999e+09 6002113 1.102464e+09 6002113
1.462023e-06 1.098697e+09 6002113 1.076447e+09 6002113
1.254257e-06 1.101201e+09 6003113 1.096284e+09 6003113
1.455128e-06 1.117534e+09 6003114 1.103683e+09 6003113
1.555356e-06 1.095129e+09 6002113 1.084614e+09 6002113
3.316734e-07 1.117449e+09 6003113 1.107943e+09 6003113
1.456308e-06 1.106177e+09 6003113 1.119547e+09 6003113
1.149522e-06 1.094079e+09 6002113 1.003639e+09 6002113
1.333879e-06 1.089171e+09 6003113 1.100789e+09 6003113
1.430878e-06 1.099066e+09 6003113 1.102807e+09 6003113
1.333879e-06 1.102417e+09 6003113 1.107832e+09 6003113
1.404374e-06 1.086347e+09 6002113 1.104405e+09 6002113
1.383239e-06 1.079892e+09 6002113 1.099925e+09 6002113
1.779995e-07 1.106421e+09 6002113 1.084542e+09 6002113
1.612155e-06 1.103683e+09 6002113 1.093818e+09 6002113
1.148486e-08 1.106227e+09 6003114 1.106305e+09 6003113
1.387142e-06 1.114427e+09 6003114 1.101086e+09 6003113
2.134825e-06 1.119294e+09 6003114 1.100636e+09 6003113
1.339238e-06 1.115927e+09 6003113 1.103007e+09 6003113
1.354857e-06 1.120168e+09 6003114 1.10975e+09 6003113
1.463586e-06 1.124635e+09 6003113 1.107398e+09 6003113
2.241676e-06 1.086804e+09 6002114 1.09716e+09 6002113
4.382872e-07 1.105287e+09 6003113 1.137052e+09 6003113
1.599353e-06 1.102498e+09 6002113 1.075028e+09 6002113
1.570452e-06 1.077328e+09 6002114 1.099971e+09 6002113
3.646948e-07 1.124901e+09 6003114 1.106011e+09 6003113
1.566122e-06 1.10821e+09 6003113 1.124521e+09 6003113
1.627875e-06 1.065289e+09 6002113 1.10641e+09 6002113
1.518512e-06 1.07571e+09 6003113 1.09984e+09 6003113
1.944962e-06 1.079828e+09 6002114 1.105711e+09 6002113
1.559761e-06 1.092253e+09 6002113 1.100557e+09 6002113
1.62339e-06 1.083927e+09 6002113 1.091314e+09 6002113
1.559761e-06 1.133465e+09 6003114 1.107437e+09 6003113
1.611585e-06 1.114377e+09 6003113 1.101682e+09 6003113
1.570452e-06 1.108238e+09 6003113 1.12354e+09 6003113
1.474324e-06 1.116582e+09 6003113 1.09869e+09 6003113
1.148486e-08 1.103756e+09 6002113 1.080974e+09 6002113
1.385436e-06 1.109117e+09 6003113 1.077352e+09 6003113
1.408993e-07 1.126775e+09 6003114 1.107445e+09 6003113
1.575391e-06 1.125198e+09 6003114 1.103706e+09 6003113
1.62339e-06 1.094585e+09 6002113 1.076757e+09 6002113
2.241676e-06 1.099726e+09 6002113 1.076823e+09 6002113
1.459566e-06 1.075944e+09 6002113 1.100642e+09 6002113
1.149522e-06 1.112405e+09 6003114 1.100488e+09 6003113
1.386755e-06 1.096886e+09 6002114 1.105267e+09 6002113
1.456308e-06 1.097714e+09 6002113 1.099031e+09 6002113
1.456308e-06 1.107758e+09 6003113 1.118571e+09 6003113
1.322755e-07 1.078252e+09 6002113 1.100858e+09 6002113
5.932208e-07 1.091898e+09 6002114 1.098749e+09 6002113
1.563346e-06 1.085268e+09 6003114 1.106074e+09 6003113
1.387142e-06 1.10198e+09 6002113 1.072996e+09 6002113
1.094923e-06 1.121236e+09 6003114 1.095558e+09 6003113
1.816128e-06 1.084621e+09 6002113 1.104822e+09 6002113
8.587592e-07 1.100097e+09 6003114 1.095604e+09 6003113
7.525104e-07 1.11102e+09 6003114 1.10044e+09 6003113
3.646948e-07 1.081053e+09 6002114 1.099153e+09 6002113
2.253875e-06 1.071838e+09 6002114 1.099213e+09 6002113
6.446548e-08 1.09631e+09 6002113 1.088385e+09 6002113
1.58815e-06 1.095534e+09 6002114 1.096289e+09 6002113
1.682035e-06 1.074905e+09 6002113 1.100568e+09 6002113
1.602616e-06 1.12286e+09 6003114 1.10628e+09 6003113
1.365444e-06 1.094518e+09 6003113 1.090793e+09 6003113
1.327863e-06 1.101186e+09 6003113 1.101321e+09 6003113
9.782929e-07 1.111668e+09 6003113 1.102762e+09 6003113
1.567727e-06 1.07024e+09 6002114 1.099963e+09 6002113
1.660107e-06 1.083184e+09 6002114 1.103618e+09 6002113
1.611585e-06 1.105479e+09 6003113 1.101556e+09 6003113
1.583381e-06 1.100945e+09 6002113 1.094835e+09 6002113
1.834356e-10 1.11371e+09 6003113 1.109265e+09 6003113
1.452358e-06 1.125595e+09 6003113 1.106276e+09 6003113
1.585324e-07 1.103138e+09 6003113 1.100818e+09 6003113
1.459566e-06 1.08542e+09 6002114 1.102542e+09 6002113
1.348544e-06 1.091991e+09 6002113 1.096486e+09 6002113
1.963302e-06 1.100082e+09 6002114 1.106159e+09 6002113
1.541744e-09 1.099689e+09 6003114 1.105319e+09 6003113
9.232652e-07 1.10301e+09 6002114 1.093216e+09 6002113
9.14914e-07 1.091415e+09 6003113 1.102787e+09 6003113
1.555356e-06 1.077283e+09 6002113 1.093129e+09 6002113
1.611585e-06 1.083226e+09 6003114 1.100234e+09 6003113
1.462023e-06 1.100125e+09 6003113 1.09445e+09 6003113
1.565509e-08 1.089628e+09 6002114 1.104364e+09 6002113
1.030032e-07 1.068653e+09 6002113 1.095815e+09 6002113
1.456308e-06 1.101405e+09 6003113 1.123388e+09 6003113
1.567727e-06 1.096545e+09 6002113 1.083338e+09 6002113
1.474324e-06 1.095058e+09 6002113 1.104486e+09 6002113
1.816128e-06 1.076409e+09 6002114 1.102723e+09 6002113
1.529421e-06 1.116712e+09 6003113 1.10443e+09 6003113
4.140703e-07 1.072703e+09 6003114 1.101711e+09 6003113
1.660107e-06 1.105267e+09 6003113 1.127666e+09 6003113
1.034701e-06 1.111393e+09 6003114 1.104183e+09 6003113
1.512068e-06 1.12147e+09 6003113 1.102099e+09 6003113
1.388864e-06 1.102524e+09 6003113 1.121487e+09 6003113
1.535709e-06 1.081662e+09 6002113 1.097332e+09 6002113
1.851333e-06 1.087157e+09 6002114 1.095263e+09 6002113
1.365444e-06 1.114767e+09 6003113 1.099864e+09 6003113
1.462023e-06 1.087787e+09 6002114 1.099866e+09 6002113
1.462023e-06 1.107814e+09 6003113 1.10392e+09 6003113
1.524793e-06 1.089948e+09 6002113 1.10465e+09 6002113
1.387142e-06 1.093132e+09 6002113 1.07255e+09 6002113
1.579647e-06 1.121421e+09 6003113 1.101949e+09 6003113
3.316734e-07 1.075595e+09 6002113 1.094804e+09 6002113
6.399919e-07 1.131733e+09 6003113 1.105736e+09 6003113
1.354857e-06 1.092844e+09 6002114 1.105274e+09 6002113
1.627875e-06 1.095102e+09 6002113 1.087877e+09 6002113
1.463586e-06 1.090736e+09 6002114 1.111017e+09 6002113
1.344581e-06 1.094872e+09 6003113 1.101463e+09 6003113
1.581855e-06 1.107967e+09 6003113 1.106319e+09 6003113
1.627875e-06 1.087282e+09 6002113 1.101594e+09 6002113
1.386755e-06 1.105451e+09 6003113 1.116625e+09 6003113
1.530386e-06 1.09053e+09 6002114 1.09531e+09 6002113
6.145093e-07 1.069873e+09 6002114 1.102728e+09 6002113
1.816128e-06 1.107616e+09 6002113 1.102634e+09 6002113
1.570452e-06 1.10178e+09 6002113 1.089686e+09 6002113
1.386755e-06 1.119557e+09 6003114 1.100488e+09 6003113
1.339238e-06 1.080437e+09 6002114 1.099718e+09 6002113
7.408811e-07 1.104158e+09 6002114 1.098804e+09 6002113
1.557296e-06 1.092448e+09 6002113 1.101165e+09 6002113
1.612155e-06 1.092106e+09 6003114 1.103754e+09 6003113
1.144565e-06 1.102757e+09 6002114 1.09494e+09 6002113
1.385436e-06 1.089614e+09 6002114 1.100461e+09 6002113
8.436962e-08 1.103165e+09 6003113 1.091656e+09 6003113
1.515228e-06 1.10356e+09 6003113 1.107083e+09 6003113
1.430878e-06 1.071323e+09 6002113 1.094547e+09 6002113
2.134825e-06 1.100638e+09 6002113 1.091507e+09 6002113
4.068291e-07 1.089853e+09 6002113 1.10708e+09 6002113
1.327863e-06 1.121615e+09 6003114 1.107333e+09 6003113
1.365444e-06 1.115619e+09 6003113 1.103814e+09 6003113
8.697441e-07 1.093871e+09 6002114 1.091476e+09 6002113
1.462023e-06 1.119624e+09 6003114 1.099714e+09 6003113
1.357515e-06 1.099902e+09 6002113 1.097701e+09 6002113
1.339238e-06 1.09679e+09 6002113 1.105112e+09 6002113
1.566122e-06 1.094651e+09 6002114 1.090927e+09 6002113
1.327093e-06 1.131262e+09 6003113 1.106174e+09 6003113
1.583381e-06 1.097483e+09 6003113 1.108685e+09 6003113
1.388864e-06 1.093804e+09 6002114 1.104473e+09 6002113
2.10649e-06 1.090297e+09 6002113 1.08497e+09 6002113
1.30476e-06 1.101402e+09 6002113 1.080924e+09 6002113
1.575391e-06 1.117477e+09 6003113 1.100671e+09 6003113
1.581855e-06 1.076638e+09 6002113 1.105764e+09 6002113
1.494449e-07 1.065727e+09 6002114 1.100517e+09 6002113
1.583381e-06 1.128811e+09 6003114 1.100873e+09 6003113
1.344009e-06 1.126229e+09 6003113 1.10291e+09 6003113
1.815183e-06 1.072144e+09 6002113 1.094598e+09 6002113
1.239793e-08 1.07956e+09 6003113 1.10094e+09 6003113
1.386755e-06 1.102606e+09 6002113 1.107648e+09 6002113
1.385436e-06 1.127351e+09 6003113 1.095834e+09 6003113
5.932208e-07 1.121309e+09 6003114 1.101981e+09 6003113
1.365444e-06 1.06997e+09 6002113 1.100599e+09 6002113
1.612155e-06 1.123318e+09 6003114 1.100887e+09 6003113
2.103502e-07 1.072669e+09 6002114 1.092759e+09 6002113
2.198135e-06 1.086638e+09 6002113 1.098803e+09 6002113
2.10649e-06 1.119686e+09 6003114 1.102925e+09 6003113
1.559761e-06 1.108011e+09 6003114 1.103029e+09 6003113
1.254257e-06 1.105595e+09 6003114 1.098932e+09 6003113
2.062899e-06 1.123837e+09 6003114 1.103677e+09 6003113
1.515228e-06 1.08841e+09 6003113 1.093469e+09 6003113
1.333879e-06 1.094335e+09 6002114 1.097178e+09 6002113
1.149522e-06 1.101027e+09 6002113 1.089777e+09 6002113
1.463586e-06 1.096873e+09 6002114 1.099798e+09 6002113
1.375777e-06 1.100614e+09 6002114 1.100889e+09 6002113
1.587343e-06 1.079377e+09 6003114 1.105492e+09 6003113
1.383239e-06 1.081239e+09 6002114 1.10164e+09 6002113
1.344581e-06 1.066275e+09 6002113 1.102211e+09 6002113
1.512068e-06 1.084407e+09 6002113 1.097043e+09 6002113
1.612155e-06 1.094035e+09 6003113 1.122249e+09 6003113
1.341342e-08 1.107036e+09 6003114 1.106698e+09 6003113
1.530386e-06 1.099443e+09 6002113 1.097881e+09 6002113
1.551458e-06 1.084873e+09 6002113 1.102615e+09 6002113
1.602616e-06 1.100878e+09 6002113 1.089149e+09 6002113
1.456308e-06 1.100116e+09 6003113 1.096816e+09 6003113
1.430878e-06 1.095187e+09 6002113 1.102205e+09 6002113
1.611585e-06 1.11209e+09 6003114 1.098959e+09 6003113
6.399919e-07 1.089453e+09 6002114 1.103744e+09 6002113
2.134825e-06 1.083574e+09 6002114 1.102e+09 6002113
7.408811e-07 1.109838e+09 6003113 1.103606e+09 6003113
7.408811e-07 1.091259e+09 6002113 1.065943e+09 6002113
1.386755e-06 1.094364e+09 6003113 1.105403e+09 6003113
1.348211e-06 1.078164e+09 6002114 1.099176e+09 6002113
1.348211e-06 1.101647e+09 6003113 1.132969e+09 6003113
1.348211e-06 1.100964e+09 6002113 1.080196e+09 6002113
1.852917e-06 1.11062e+09 6003113 1.08554e+09 6003113
1.452358e-06 1.102096e+09 6003113 1.119829e+09 6003113
1.338428e-06 1.101214e+09 6003113 1.110188e+09 6003113
1.386755e-06 1.126636e+09 6003114 1.103565e+09 6003113
1.462943e-06 1.095819e+09 6003113 1.121588e+09 6003113
7.460325e-07 1.108331e+09 6003113 1.119464e+09 6003113
1.524793e-06 1.062412e+09 6002113 1.098895e+09 6002113
2.062899e-06 1.127501e+09 6003113 1.103665e+09 6003113
7.408811e-07 1.102809e+09 6003113 1.103619e+09 6003113
1.432159e-06 1.103473e+09 6002113 1.100499e+09 6002113
3.191417e-07 1.107024e+09 6003113 1.118341e+09 6003113
1.816128e-06 1.121776e+09 6003113 1.107397e+09 6003113
1.660107e-06 1.084999e+09 6002114 1.098271e+09 6002113
1.524634e-06 1.099715e+09 6002113 1.08251e+09 6002113
1.380257e-06 1.106174e+09 6003114 1.101298e+09 6003113
1.58815e-06 1.108109e+09 6002113 1.094061e+09 6002113
1.599353e-06 1.126749e+09 6003114 1.111907e+09 6003113
1.168418e-07 1.114135e+09 6003114 1.104456e+09 6003113
1.567727e-06 1.12515e+09 6003114 1.106191e+09 6003113
1.339238e-06 1.077521e+09 6002113 1.097783e+09 6002113
7.408811e-07 1.095117e+09 6002114 1.106337e+09 6002113
1.452358e-06 1.101358e+09 6002113 1.084132e+09 6002113
1.338428e-06 1.125052e+09 6003113 1.102461e+09 6003113
1.327093e-06 1.097247e+09 6002113 1.103999e+09 6002113
5.932208e-07 1.092332e+09 6002113 1.099365e+09 6002113
1.575391e-06 1.102598e+09 6003113 1.134682e+09 6003113
1.555356e-06 1.10176e+09 6002113 1.064684e+09 6002113
1.599353e-06 1.111754e+09 6003114 1.105208e+09 6003113
1.682035e-06 1.103572e+09 6003113 1.107114e+09 6003113
1.339238e-06 1.102223e+09 6003113 1.128093e+09 6003113
1.524634e-06 1.132513e+09 6003113 1.11185e+09 6003113
1.348211e-06 1.103964e+09 6002113 1.095677e+09 6002113
1.524634e-06 1.119807e+09 6003113 1.109646e+09 6003113
1.512068e-06 1.102794e+09 6003113 1.135665e+09 6003113
1.456308e-06 1.075438e+09 6002114 1.100102e+09 6002113
7.408811e-07 1.042097e+09 6002114 1.095496e+09 6002113
