2.625373e-06 1.052035e+09 6002113 1.051127e+09 6002113
1.668117e-06 1.068573e+09 6002113 1.053882e+09 6002113
1.972638e-06 1.07136e+09 6002113 1.076492e+09 6002113
1.913994e-06 1.041439e+09 6001113 1.01039e+09 6001113
1.957294e-06 1.048458e+09 6001113 1.015227e+09 6001113
1.973408e-06 1.04727e+09 6002113 1.065333e+09 6002113
1.65495e-06 1.03653e+09 6001113 1.042517e+09 6001113
1.94397e-06 1.041251e+09 6001113 1.02707e+09 6001113
1.978347e-06 1.066551e+09 6002113 1.058928e+09 6002113
1.289575e-06 1.075087e+09 6002113 1.067277e+09 6002113
1.96345e-06 1.042924e+09 6001113 1.045977e+09 6001113
1.361419e-06 1.072552e+09 6002113 1.052017e+09 6002113
1.726704e-06 1.071752e+09 6002113 1.069118e+09 6002113
1.662448e-06 1.084708e+09 6003113 1.074522e+09 6003113
1.701788e-06 1.027894e+09 6001113 1.019279e+09 6001113
6.13004e-07 1.049703e+09 6001113 9.915759e+08 6001113
1.68031e-06 1.003234e+09 6001113 1.027804e+09 6001113
1.626156e-06 1.082783e+09 6002113 1.063266e+09 6002113
1.728349e-06 1.080044e+09 6002113 1.058928e+09 6002113
7.658787e-07 1.041721e+09 6001113 1.039299e+09 6001113
5.259244e-09 1.073116e+09 6002113 1.068447e+09 6002113
1.726704e-06 1.073942e+09 6002113 1.044777e+09 6002113
7.226837e-07 1.02825e+09 6001113 1.050307e+09 6001113
1.688593e-06 1.076514e+09 6003113 1.085276e+09 6003113
1.94397e-06 1.053083e+09 6001113 1.048728e+09 6001113
1.823303e-06 1.056903e+09 6002113 1.081173e+09 6002113
3.242792e-07 1.032809e+09 6001113 1.050342e+09 6001113
5.160665e-07 1.06879e+09 6002113 1.064854e+09 6002113
1.72025e-06 1.039501e+09 6001113 1.025544e+09 6001113
2.275468e-08 1.015652e+09 6001113 1.043231e+09 6001113
1.221905e-06 9.919256e+08 6001113 1.061966e+09 6001113
1.669127e-06 1.034246e+09 6001113 1.029785e+09 6001113
1.728349e-06 1.076718e+09 6002113 1.075465e+09 6002113
2.028863e-06 1.067238e+09 6002113 1.090636e+09 6002113
1.913994e-06 1.02938e+09 6001113 1.041145e+09 6001113
1.913994e-06 1.02938e+09 6001113 1.041145e+09 6001113
1.675073e-06 1.022098e+09 6001113 1.027684e+09 6001113
1.728831e-06 1.018118e+09 6001113 1.047187e+09 6001113
1.19968e-07 1.038206e+09 6001113 1.044456e+09 6001113
1.688593e-06 1.066422e+09 6002113 1.080108e+09 6002113
2.009271e-06 1.095637e+09 6003113 1.083228e+09 6003113
1.68031e-06 1.043398e+09 6001113 1.026552e+09 6001113
4.545285e-07 1.07653e+09 6002113 1.085832e+09 6002113
2.011754e-06 1.084355e+09 6003113 1.101853e+09 6003113
1.499979e-06 1.075643e+09 6003113 1.09376e+09 6003113
1.761076e-06 1.053517e+09 6002113 1.058712e+09 6002113
1.675786e-06 1.029284e+09 6001113 1.060964e+09 6001113
2.218453e-07 1.040812e+09 6001113 1.038867e+09 6001113
2.218453e-07 1.040812e+09 6001113 1.038867e+09 6001113
1.900389e-06 1.085688e+09 6003113 1.089683e+09 6003113
2.307364e-06 1.074076e+09 6003113 1.074137e+09 6003113
1.691906e-06 1.046195e+09 6001113 1.013785e+09 6001113
2.275468e-08 1.053786e+09 6002113 1.026535e+09 6002113
1.221905e-06 1.048809e+09 6001113 1.001014e+09 6001113
1.907359e-06 1.043243e+09 6001113 1.058265e+09 6001113
1.65399e-06 1.046339e+09 6001113 1.036473e+09 6001113
1.94397e-06 1.093907e+09 6003113 1.059001e+09 6003113
5.629873e-07 1.041594e+09 6001113 1.049205e+09 6001113
2.307364e-06 1.052624e+09 6002113 1.045465e+09 6002113
1.726704e-06 1.0463e+09 6001113 1.032152e+09 6001113
1.984831e-06 1.060826e+09 6003113 1.099002e+09 6003113
1.297411e-06 1.055665e+09 6001113 1.04306e+09 6001113
1.957294e-06 1.080757e+09 6002113 1.035381e+09 6002113
1.822157e-06 1.05445e+09 6002113 1.061485e+09 6002113
1.662448e-06 1.036514e+09 6001113 1.028084e+09 6001113
1.750307e-06 1.067117e+09 6002113 1.05802e+09 6002113
2.809062e-06 1.049329e+09 6001113 1.025264e+09 6001113
7.976385e-07 1.075502e+09 6002113 1.073412e+09 6002113
1.501337e-06 1.020797e+09 6001113 1.051305e+09 6001113
1.728831e-06 1.089665e+09 6003113 1.051038e+09 6003113
2.571045e-06 1.046082e+09 6001113 1.051828e+09 6001113
8.980926e-09 1.090921e+09 6002113 1.07574e+09 6002113
1.070294e-06 1.072525e+09 6002113 1.074073e+09 6002113
1.675786e-06 1.050386e+09 6001113 1.055814e+09 6001113
1.907359e-06 1.050753e+09 6001113 1.028797e+09 6001113
2.485632e-07 1.007557e+09 6001113 1.020417e+09 6001113
1.951898e-06 1.037887e+09 6001113 1.026901e+09 6001113
1.913994e-06 1.068374e+09 6002113 1.079064e+09 6002113
1.688593e-06 1.114192e+09 6003113 1.082212e+09 6003113
1.19968e-07 1.040921e+09 6001113 1.033526e+09 6001113
1.669127e-06 1.074604e+09 6002113 1.032688e+09 6002113
1.857909e-06 1.019311e+09 6001113 1.034905e+09 6001113
1.723967e-06 1.033414e+09 6001113 1.04859e+09 6001113
1.822157e-06 1.04674e+09 6001113 1.031942e+09 6001113
1.972638e-06 1.059477e+09 6001113 1.032223e+09 6001113
7.004742e-08 1.062126e+09 6002113 1.053195e+09 6002113
1.372198e-06 1.042153e+09 6001113 1.040822e+09 6001113
1.675786e-06 1.051011e+09 6002113 1.070137e+09 6002113
1.824104e-06 1.042129e+09 6001113 1.021039e+09 6001113
1.737582e-06 1.033615e+09 6001113 1.036247e+09 6001113
9.378731e-07 1.051347e+09 6002113 1.052439e+09 6002113
1.94397e-06 1.057495e+09 6001113 1.040414e+09 6001113
1.570381e-06 1.087933e+09 6002113 1.051097e+09 6002113
2.793858e-06 1.074843e+09 6002113 1.071781e+09 6002113
1.822157e-06 1.019743e+09 6001113 1.043612e+09 6001113
1.002797e-06 1.051657e+09 6001113 1.013943e+09 6001113
1.219272e-06 1.04624e+09 6001113 1.048218e+09 6001113
2.011754e-06 9.997301e+08 6001113 1.053784e+09 6001113
2.46982e-06 1.037879e+09 6001113 1.052475e+09 6001113
1.730978e-06 1.040898e+09 6001113 1.023862e+09 6001113
1.36463e-06 1.046679e+09 6001113 1.009654e+09 6001113
1.822157e-06 1.049276e+09 6002113 1.068183e+09 6002113
1.973408e-06 1.06012e+09 6002113 1.072402e+09 6002113
1.815034e-06 1.067973e+09 6002113 1.079568e+09 6002113
1.714666e-06 1.054496e+09 6002113 1.079458e+09 6002113
1.824104e-06 1.050526e+09 6001113 1.048706e+09 6001113
2.532105e-06 1.049037e+09 6001113 1.0576e+09 6001113
1.907359e-06 1.079536e+09 6003113 1.051363e+09 6003113
9.216235e-07 1.027268e+09 6001113 1.036067e+09 6001113
1.456229e-07 1.051045e+09 6002113 1.059096e+09 6002113
1.68031e-06 1.071578e+09 6002113 1.050983e+09 6002113
1.90019e-06 1.052497e+09 6001113 1.03264e+09 6001113
1.662448e-06 1.022377e+09 6001113 1.051665e+09 6001113
1.813563e-06 1.032619e+09 6001113 1.021233e+09 6001113
1.730978e-06 9.857446e+08 6001113 1.014508e+09 6001113
2.023273e-06 1.037177e+09 6001113 1.036055e+09 6001113
1.993315e-06 1.049002e+09 6002113 1.076883e+09 6002113
1.933622e-06 1.030636e+09 6001113 1.033931e+09 6001113
2.46982e-06 1.078236e+09 6003113 1.08465e+09 6003113
1.726704e-06 1.045253e+09 6001113 1.044489e+09 6001113
1.804138e-06 1.055196e+09 6001113 1.033771e+09 6001113
1.297411e-06 1.057614e+09 6001113 1.024898e+09 6001113
1.297411e-06 1.057614e+09 6001113 1.024898e+09 6001113
1.90019e-06 1.040973e+09 6001113 1.032505e+09 6001113
2.779109e-07 1.07071e+09 6002113 1.063572e+09 6002113
1.857909e-06 1.069576e+09 6002113 1.080024e+09 6002113
1.886324e-06 1.03378e+09 6001113 1.043041e+09 6001113
1.289575e-06 1.079425e+09 6003113 1.064853e+09 6003113
2.625373e-06 1.042514e+09 6001113 1.022172e+09 6001113
7.393464e-07 1.074849e+09 6002113 1.051653e+09 6002113
1.65399e-06 1.030823e+09 6001113 1.044145e+09 6001113
7.226837e-07 1.019073e+09 6001113 1.02236e+09 6001113
1.978347e-06 1.035016e+09 6002113 1.05836e+09 6002113
1.972638e-06 1.061322e+09 6002113 1.058244e+09 6002113
2.793858e-06 1.042749e+09 6003113 1.073617e+09 6003113
2.009271e-06 1.047005e+09 6001113 1.058226e+09 6001113
1.219272e-06 1.067422e+09 6002113 1.068457e+09 6002113
2.949652e-06 1.009579e+09 6001113 1.040394e+09 6001113
1.997004e-06 1.061173e+09 6001113 1.053321e+09 6001113
1.662448e-06 1.031426e+09 6002113 1.076326e+09 6002113
1.680725e-06 1.067581e+09 6002113 1.047543e+09 6002113
1.913994e-06 1.074261e+09 6002113 1.067627e+09 6002113
2.275468e-08 1.065394e+09 6002113 1.074711e+09 6002113
4.133731e-07 1.049532e+09 6001113 1.01242e+09 6001113
3.977545e-07 1.074492e+09 6003113 1.084128e+09 6003113
1.219272e-06 1.0616e+09 6002113 1.076513e+09 6002113
1.737582e-06 1.073283e+09 6002113 1.06882e+09 6002113
1.72025e-06 1.036918e+09 6002113 1.046902e+09 6002113
1.997004e-06 1.069522e+09 6002113 1.06489e+09 6002113
1.626156e-06 1.04366e+09 6001113 1.048521e+09 6001113
2.793858e-06 1.032275e+09 6001113 1.031814e+09 6001113
1.997382e-06 1.071389e+09 6002113 1.066554e+09 6002113
1.892561e-06 1.089036e+09 6002113 1.048617e+09 6002113
2.023273e-06 1.056277e+09 6001113 1.040309e+09 6001113
1.94397e-06 1.047398e+09 6001113 1.042046e+09 6001113
1.701788e-06 1.041268e+09 6002113 1.069236e+09 6002113
2.347912e-06 1.042556e+09 6002113 1.072696e+09 6002113
1.973408e-06 1.057908e+09 6002113 1.006813e+09 6002113
2.275468e-08 1.046094e+09 6001113 1.025175e+09 6001113
2.275468e-08 1.046094e+09 6001113 1.025175e+09 6001113
1.728831e-06 1.043366e+09 6001113 1.050257e+09 6001113
1.96345e-06 1.032654e+09 6002113 1.067702e+09 6002113
1.907359e-06 1.091833e+09 6003113 1.078886e+09 6003113
2.424056e-06 1.049691e+09 6002113 1.066626e+09 6002113
1.728831e-06 1.060895e+09 6002113 1.044246e+09 6002113
1.72025e-06 1.04123e+09 6001113 1.032365e+09 6001113
7.976385e-07 1.058084e+09 6003113 1.101997e+09 6003113
1.756064e-07 1.079108e+09 6002113 1.05762e+09 6002113
1.675073e-06 1.046848e+09 6001113 1.042955e+09 6001113
1.680725e-06 1.074778e+09 6002113 1.065488e+09 6002113
2.347912e-06 1.06861e+09 6002113 1.07383e+09 6002113
2.347912e-06 1.06861e+09 6002113 1.07383e+09 6002113
1.953899e-06 1.084721e+09 6003113 1.088288e+09 6003113
1.728349e-06 1.064553e+09 6002113 1.04952e+09 6002113
1.750307e-06 1.061584e+09 6002113 1.05803e+09 6002113
2.347912e-06 1.045357e+09 6001113 1.043323e+09 6001113
1.675073e-06 1.048488e+09 6001113 1.043763e+09 6001113
1.933622e-06 1.035553e+09 6001113 1.01174e+09 6001113
1.714666e-06 1.079835e+09 6002113 1.09208e+09 6002113
1.971507e-06 1.038071e+09 6002113 1.080043e+09 6002113
1.723967e-06 1.058058e+09 6002113 1.058988e+09 6002113
1.973408e-06 1.04193e+09 6001113 1.039227e+09 6001113
9.233793e-07 1.060313e+09 6002113 1.077483e+09 6002113
2.621649e-07 1.075186e+09 6002113 1.071732e+09 6002113
8.589789e-07 1.051654e+09 6002113 1.060472e+09 6002113
1.907359e-06 1.018522e+09 6001113 1.040552e+09 6001113
5.462486e-07 1.061326e+09 6002113 1.061716e+09 6002113
4.133731e-07 1.060574e+09 6001113 1.052421e+09 6001113
1.837488e-06 1.024368e+09 6001113 1.037957e+09 6001113
4.987776e-07 1.025917e+09 6001113 1.035008e+09 6001113
1.78334e-06 1.049277e+09 6001113 1.026196e+09 6001113
1.951898e-06 1.079523e+09 6002113 1.07317e+09 6002113
2.023273e-06 1.069744e+09 6002113 1.058304e+09 6002113
1.083985e-06 1.065917e+09 6002113 1.065611e+09 6002113
1.72025e-06 1.037697e+09 6001113 1.034269e+09 6001113
1.726704e-06 1.069593e+09 6002113 1.063464e+09 6002113
1.86257e-07 1.065446e+09 6002113 1.077732e+09 6002113
1.86257e-07 1.065446e+09 6002113 1.077732e+09 6002113
1.96345e-06 1.042652e+09 6001113 1.032205e+09 6001113
1.750307e-06 1.042136e+09 6001113 1.010484e+09 6001113
5.629873e-07 1.067427e+09 6002113 1.044157e+09 6002113
1.784936e-06 1.017613e+09 6001113 1.029431e+09 6001113
1.857909e-06 1.049398e+09 6001113 1.032453e+09 6001113
9.216235e-07 1.03258e+09 6001113 1.027074e+09 6001113
7.226837e-07 1.069984e+09 6003113 1.092846e+09 6003113
1.723967e-06 1.069004e+09 6002113 1.072945e+09 6002113
1.907359e-06 1.066038e+09 6002113 1.049341e+09 6002113
1.906157e-06 1.047494e+09 6003113 1.059878e+09 6003113
7.671073e-09 1.053783e+09 6001113 1.048142e+09 6001113
1.648584e-07 1.038915e+09 6001113 1.038083e+09 6001113
1.675073e-06 1.045405e+09 6001113 1.042501e+09 6001113
1.90019e-06 1.094203e+09 6003113 1.091858e+09 6003113
1.432679e-06 1.028926e+09 6001113 1.019094e+09 6001113
2.717801e-12 1.007895e+09 6003113 1.051733e+09 6003113
1.957294e-06 1.065953e+09 6002113 1.059311e+09 6002113
