6.139577e-10 1.046213e+09 6002113 1.105609e+09 6002113
1.062374e-06 1.091848e+09 6002113 1.101636e+09 6002113
1.067245e-06 1.073618e+09 6002113 1.101146e+09 6002113
1.147584e-06 1.108531e+09 6003113 1.110962e+09 6003113
1.173484e-06 1.108904e+09 6002113 1.082304e+09 6002113
1.233514e-06 1.091827e+09 6002113 1.078126e+09 6002113
1.295442e-06 1.111359e+09 6003113 1.069845e+09 6003113
1.314107e-06 1.101622e+09 6002113 1.045717e+09 6002113
1.133668e-06 1.129762e+09 6003113 1.100076e+09 6003113
1.169098e-06 1.117657e+09 6003113 1.108135e+09 6003113
8.153138e-08 1.082224e+09 6003113 1.103789e+09 6003113
1.141954e-06 1.097365e+09 6003113 1.128481e+09 6003113
1.334379e-06 1.084852e+09 6002113 1.107353e+09 6002113
5.063975e-08 1.080123e+09 6002113 1.092567e+09 6002113
1.142236e-06 1.101862e+09 6003113 1.112987e+09 6003113
1.262652e-06 1.116429e+09 6003113 1.111879e+09 6003113
1.306536e-10 1.117441e+09 6003113 1.107183e+09 6003113
3.817942e-08 1.103716e+09 6002113 1.082785e+09 6002113
1.239134e-06 1.108601e+09 6003113 1.10937e+09 6003113
1.180877e-06 1.080344e+09 6002113 1.094159e+09 6002113
1.286202e-06 1.103722e+09 6002113 1.092386e+09 6002113
1.295442e-06 1.050257e+09 6002113 1.101299e+09 6002113
1.678512e-06 1.095844e+09 6002113 1.110133e+09 6002113
3.507236e-07 1.119263e+09 6003113 1.10097e+09 6003113
7.36686e-07 1.051674e+09 6002113 1.103888e+09 6002113
1.367207e-06 1.098674e+09 6002113 1.095672e+09 6002113
1.367207e-06 1.098674e+09 6002113 1.095672e+09 6002113
1.365519e-06 1.106243e+09 6003113 1.109359e+09 6003113
4.527613e-07 1.108105e+09 6003113 1.134546e+09 6003113
1.226109e-06 1.093847e+09 6002113 1.0588e+09 6002113
1.291387e-06 1.103807e+09 6003113 1.136121e+09 6003113
1.171624e-06 1.116532e+09 6003113 1.108325e+09 6003113
1.365519e-06 1.074357e+09 6002113 1.088777e+09 6002113
1.171624e-06 1.101945e+09 6002113 1.093384e+09 6002113
1.133668e-06 1.070527e+09 6002113 1.102757e+09 6002113
1.211975e-06 1.127395e+09 6003113 1.10604e+09 6003113
1.286202e-06 1.121479e+09 6003113 1.108174e+09 6003113
1.344503e-06 1.093138e+09 6003113 1.094325e+09 6003113
1.211975e-06 1.120841e+09 6003113 1.110316e+09 6003113
1.067245e-06 1.08349e+09 6002113 1.093094e+09 6002113
1.339855e-06 1.090586e+09 6002113 1.085833e+09 6002113
1.354675e-06 1.06216e+09 6002113 1.099371e+09 6002113
1.124067e-06 1.078848e+09 6002113 1.082032e+09 6002113
1.138395e-06 1.094115e+09 6002113 1.093712e+09 6002113
1.138395e-06 1.094115e+09 6002113 1.093712e+09 6002113
1.248774e-06 1.1031e+09 6002113 1.074978e+09 6002113
1.141954e-06 1.11103e+09 6003113 1.072911e+09 6003113
8.286284e-07 1.081471e+09 6002113 1.086482e+09 6002113
1.357182e-06 1.113161e+09 6003113 1.117083e+09 6003113
1.341146e-06 1.099645e+09 6002113 1.098933e+09 6002113
1.621852e-06 1.140884e+09 6003113 1.100517e+09 6003113
1.238355e-06 1.084084e+09 6002113 1.107848e+09 6002113
1.262652e-06 1.138086e+09 6003113 1.104735e+09 6003113
1.314107e-06 1.132578e+09 6003113 1.101467e+09 6003113
1.169098e-06 1.095628e+09 6002113 1.075197e+09 6002113
8.474114e-07 1.09718e+09 6002113 1.107607e+09 6002113
1.898732e-06 1.108602e+09 6002113 1.085555e+09 6002113
1.120393e-07 1.101944e+09 6002113 1.100475e+09 6002113
8.764069e-07 1.104177e+09 6003113 1.092571e+09 6003113
1.142236e-06 1.100487e+09 6003113 1.098515e+09 6003113
1.538287e-06 1.059179e+09 6002113 1.103597e+09 6002113
1.538287e-06 1.091329e+09 6002113 1.103062e+09 6002113
1.134354e-06 1.124647e+09 6003113 1.111531e+09 6003113
1.230168e-06 1.110392e+09 6003113 1.112272e+09 6003113
1.983647e-07 1.093992e+09 6002113 1.098584e+09 6002113
5.8377e-07 1.106237e+09 6003113 1.120348e+09 6003113
1.213059e-06 1.095442e+09 6002113 1.09099e+09 6002113
1.171624e-06 1.088625e+09 6002113 1.080692e+09 6002113
1.319053e-06 1.09494e+09 6002113 1.092533e+09 6002113
1.357182e-06 1.111728e+09 6003113 1.116271e+09 6003113
8.764069e-07 1.10816e+09 6002113 1.063112e+09 6002113
1.354675e-06 1.095457e+09 6002113 1.080983e+09 6002113
1.291522e-06 1.098211e+09 6002113 1.095844e+09 6002113
1.507682e-07 1.096295e+09 6002113 1.091951e+09 6002113
1.354675e-06 1.092441e+09 6002113 1.107091e+09 6002113
1.354675e-06 1.092441e+09 6002113 1.107091e+09 6002113
1.334379e-06 1.095105e+09 6002113 1.084604e+09 6002113
5.950559e-07 1.088461e+09 6002113 1.112341e+09 6002113
1.909065e-06 1.125215e+09 6003113 1.09671e+09 6003113
8.153138e-08 1.116994e+09 6003113 1.115471e+09 6003113
1.291522e-06 1.10786e+09 6003113 1.119539e+09 6003113
1.291522e-06 1.10786e+09 6003113 1.119539e+09 6003113
1.334379e-06 1.098902e+09 6002113 1.046497e+09 6002113
1.147584e-06 1.063792e+09 6002113 1.093034e+09 6002113
1.13888e-06 1.091329e+09 6002113 1.086614e+09 6002113
1.385659e-06 1.116974e+09 6003113 1.113555e+09 6003113
1.180877e-06 1.098053e+09 6002113 1.100324e+09 6002113
1.365036e-06 1.08826e+09 6002113 1.068567e+09 6002113
2.703177e-07 1.069411e+09 6002113 1.102628e+09 6002113
1.385659e-06 1.097814e+09 6002113 1.074309e+09 6002113
4.911426e-07 1.058804e+09 6002113 1.098274e+09 6002113
1.239678e-06 1.098198e+09 6002113 1.102989e+09 6002113
2.270451e-08 1.092811e+09 6003113 1.120151e+09 6003113
1.020323e-06 1.108431e+09 6003113 1.106489e+09 6003113
1.621852e-06 1.088271e+09 6002113 1.09152e+09 6002113
1.345186e-06 1.08219e+09 6002113 1.102159e+09 6002113
1.0194e-06 1.111253e+09 6003113 1.124349e+09 6003113
1.569447e-06 1.057026e+09 6002113 1.096137e+09 6002113
1.233514e-06 1.099751e+09 6003113 1.105904e+09 6003113
1.120393e-07 1.109007e+09 6003113 1.118984e+09 6003113
5.204983e-07 1.113994e+09 6003113 1.104355e+09 6003113
7.14623e-08 1.107395e+09 6003113 1.125601e+09 6003113
1.226109e-06 1.095625e+09 6002113 1.098451e+09 6002113
1.226109e-06 1.095625e+09 6002113 1.098451e+09 6002113
1.28342e-06 1.10958e+09 6003113 1.101226e+09 6003113
7.273816e-07 1.122819e+09 6003113 1.116161e+09 6003113
1.062374e-06 1.115385e+09 6002113 1.083478e+09 6002113
1.291522e-06 1.107481e+09 6003113 1.121675e+09 6003113
1.171624e-06 1.033008e+09 6002113 1.098626e+09 6002113
1.375035e-06 1.102253e+09 6003113 1.07551e+09 6003113
1.339855e-06 1.098504e+09 6002113 1.095475e+09 6002113
1.196843e-06 1.105388e+09 6003113 1.067294e+09 6003113
1.784228e-06 1.11496e+09 6003113 1.103979e+09 6003113
1.124719e-06 1.121081e+09 6003113 1.101714e+09 6003113
1.747306e-06 1.100835e+09 6002113 1.099452e+09 6002113
1.317409e-06 1.101682e+09 6002113 1.104371e+09 6002113
1.211975e-06 1.108431e+09 6003113 1.100429e+09 6003113
1.226109e-06 1.099453e+09 6002113 1.086837e+09 6002113
1.337984e-06 1.092483e+09 6002113 1.102252e+09 6002113
1.067245e-06 1.090942e+09 6002113 1.096393e+09 6002113
1.296259e-06 1.08834e+09 6002113 1.058857e+09 6002113
1.17493e-06 1.041749e+09 6002113 1.098443e+09 6002113
6.319004e-07 1.06424e+09 6002113 1.099482e+09 6002113
1.326528e-06 1.105631e+09 6002113 1.066121e+09 6002113
5.606063e-09 1.098611e+09 6003113 1.099674e+09 6003113
6.561617e-09 1.102787e+09 6003113 1.104315e+09 6003113
1.226109e-06 1.067688e+09 6002113 1.09218e+09 6002113
3.803868e-09 1.107631e+09 6002113 1.042602e+09 6002113
1.291522e-06 1.093838e+09 6002113 1.109283e+09 6002113
1.300768e-06 1.13431e+09 6003113 1.091848e+09 6003113
1.344503e-06 1.090404e+09 6003113 1.107519e+09 6003113
6.25222e-08 1.121074e+09 6003113 1.10055e+09 6003113
1.354675e-06 1.096462e+09 6002113 1.10387e+09 6002113
1.538287e-06 1.099464e+09 6002113 1.069458e+09 6002113
7.273816e-07 1.100468e+09 6002113 1.055636e+09 6002113
1.344503e-06 1.103108e+09 6002113 1.100904e+09 6002113
7.14623e-08 1.094214e+09 6002113 1.092334e+09 6002113
1.314107e-06 1.097354e+09 6002113 1.093464e+09 6002113
1.300768e-06 1.091096e+09 6002113 1.05785e+09 6002113
1.808228e-06 1.110911e+09 6003113 1.089851e+09 6003113
1.357182e-06 1.094468e+09 6002113 1.09812e+09 6002113
1.32114e-06 1.112655e+09 6003113 1.120356e+09 6003113
1.32114e-06 1.10014e+09 6003113 1.124268e+09 6003113
1.357182e-06 1.10084e+09 6002113 1.084512e+09 6002113
9.274156e-07 1.104482e+09 6003113 1.119408e+09 6003113
1.238355e-06 1.10479e+09 6003113 1.125579e+09 6003113
1.171624e-06 1.09763e+09 6002113 1.073426e+09 6002113
4.452985e-09 1.074421e+09 6002113 1.090292e+09 6002113
5.950559e-07 1.108617e+09 6002113 1.09443e+09 6002113
7.36686e-07 1.111072e+09 6003113 1.110142e+09 6003113
1.357439e-06 1.109916e+09 6003113 1.115986e+09 6003113
1.171624e-06 1.101378e+09 6002113 1.102152e+09 6002113
1.171624e-06 1.101378e+09 6002113 1.102152e+09 6002113
7.820191e-07 1.107965e+09 6003113 1.108071e+09 6003113
1.330196e-06 1.10735e+09 6003113 1.119222e+09 6003113
1.156302e-06 1.101363e+09 6003113 1.107481e+09 6003113
1.156302e-06 1.101363e+09 6003113 1.107481e+09 6003113
1.291387e-06 1.125324e+09 6003113 1.108446e+09 6003113
1.0194e-06 1.087394e+09 6002113 1.108076e+09 6002113
3.389739e-07 1.125758e+09 6003113 1.099508e+09 6003113
1.324177e-06 1.102505e+09 6003113 1.101665e+09 6003113
1.174602e-06 1.125268e+09 6003113 1.100701e+09 6003113
1.337984e-06 1.096572e+09 6003113 1.100359e+09 6003113
1.339855e-06 1.116124e+09 6003113 1.108042e+09 6003113
1.062374e-06 1.108219e+09 6002113 1.085621e+09 6002113
1.406135e-06 1.10482e+09 6003113 1.11957e+09 6003113
1.147584e-06 1.081683e+09 6002113 1.090842e+09 6002113
1.295442e-06 1.111235e+09 6003113 1.11186e+09 6003113
4.166032e-07 1.12769e+09 6003113 1.11363e+09 6003113
1.327888e-06 1.098402e+09 6002113 1.094353e+09 6002113
1.337984e-06 1.097986e+09 6002113 1.077861e+09 6002113
1.319053e-06 1.091195e+09 6002113 1.103781e+09 6002113
1.239134e-06 1.089726e+09 6002113 1.099414e+09 6002113
1.340623e-06 1.13143e+09 6003113 1.104231e+09 6003113
1.330196e-06 1.085031e+09 6002113 1.089369e+09 6002113
1.334379e-06 1.090536e+09 6002113 1.09016e+09 6002113
1.334379e-06 1.090536e+09 6002113 1.09016e+09 6002113
1.337984e-06 1.107584e+09 6003113 1.123362e+09 6003113
1.314107e-06 1.099074e+09 6003113 1.076564e+09 6003113
1.537486e-06 1.093669e+09 6002113 1.091532e+09 6002113
1.326528e-06 1.101163e+09 6003113 1.118058e+09 6003113
1.105151e-06 1.104711e+09 6003113 1.113704e+09 6003113
1.129815e-06 1.103451e+09 6003113 1.129509e+09 6003113
1.238355e-06 1.116053e+09 6003113 1.10843e+09 6003113
1.211975e-06 1.105443e+09 6003113 1.120268e+09 6003113
1.211975e-06 1.100468e+09 6002113 1.107137e+09 6002113
1.340623e-06 1.096733e+09 6002113 1.060818e+09 6002113
5.420825e-07 1.063394e+09 6002113 1.102467e+09 6002113
1.326528e-06 1.093223e+09 6002113 1.087042e+09 6002113
1.326528e-06 1.093223e+09 6002113 1.087042e+09 6002113
1.226109e-06 1.102293e+09 6003113 1.118325e+09 6003113
8.304177e-07 1.10304e+09 6002113 1.107413e+09 6002113
8.304177e-07 1.10304e+09 6002113 1.107413e+09 6002113
1.213059e-06 1.089184e+09 6002113 1.080086e+09 6002113
1.365036e-06 1.099044e+09 6003113 1.066765e+09 6003113
9.896668e-08 1.094545e+09 6002113 1.094842e+09 6002113
5.297854e-07 1.09731e+09 6002113 1.096333e+09 6002113
1.196843e-06 1.103198e+09 6003113 1.096594e+09 6003113
1.291387e-06 1.098812e+09 6003113 1.106087e+09 6003113
1.367207e-06 1.110119e+09 6003113 1.090944e+09 6003113
1.341146e-06 1.128291e+09 6003113 1.105937e+09 6003113
1.344503e-06 1.115014e+09 6003113 1.093978e+09 6003113
6.263439e-07 1.113341e+09 6003113 1.088736e+09 6003113
1.286202e-06 1.10099e+09 6002113 1.08531e+09 6002113
1.295442e-06 1.041352e+09 6002113 1.094791e+09 6002113
5.420825e-07 1.093327e+09 6002113 1.052735e+09 6002113
1.324177e-06 1.112622e+09 6003113 1.105609e+09 6003113
8.474114e-07 1.106147e+09 6002113 1.068807e+09 6002113
1.784228e-06 1.100567e+09 6003113 1.113543e+09 6003113
2.004611e-06 1.109087e+09 6003113 1.12243e+09 6003113
1.28342e-06 1.084627e+09 6002113 1.103502e+09 6002113
1.239678e-06 1.087881e+09 6002113 1.100832e+09 6002113
1.169098e-06 1.101161e+09 6002113 1.098795e+09 6002113
1.147584e-06 1.096804e+09 6002113 1.094146e+09 6002113
1.898732e-06 1.087597e+09 6003113 1.113399e+09 6003113
1.34891e-06 1.083238e+09 6002113 1.1006e+09 6002113
1.149835e-06 1.096259e+09 6003113 1.13207e+09 6003113
5.8377e-07 1.101654e+09 6003113 1.116729e+09 6003113
1.300768e-06 1.107077e+09 6002113 1.092576e+09 6002113
1.295442e-06 1.109094e+09 6002113 1.083702e+09 6002113
1.375035e-06 1.099811e+09 6002113 1.087348e+09 6002113
1.314107e-06 1.103714e+09 6002113 1.079619e+09 6002113
1.327888e-06 1.106628e+09 6002113 1.09628e+09 6002113
1.142236e-06 1.104444e+09 6003113 1.1261e+09 6003113
1.124719e-06 1.12135e+09 6003113 1.10804e+09 6003113
8.981308e-09 1.102235e+09 6002113 1.057798e+09 6002113
1.324177e-06 1.098531e+09 6002113 1.088618e+09 6002113
1.861852e-06 1.093586e+09 6002113 1.10466e+09 6002113
4.166032e-07 1.112792e+09 6003113 1.103166e+09 6003113
1.129815e-06 1.096023e+09 6003113 1.121888e+09 6003113
1.595663e-06 1.123602e+09 6003113 1.100666e+09 6003113
1.326528e-06 1.100501e+09 6002113 1.088674e+09 6002113
1.365519e-06 1.133005e+09 6003113 1.100084e+09 6003113
1.176388e-06 1.075977e+09 6002113 1.095218e+09 6002113
1.781697e-07 1.061875e+09 6002113 1.103975e+09 6002113
1.020323e-06 1.108169e+09 6003113 1.101302e+09 6003113
1.232514e-06 1.100973e+09 6003113 1.112807e+09 6003113
1.28342e-06 1.091215e+09 6002113 1.099802e+09 6002113
5.8377e-07 1.098473e+09 6002113 1.067652e+09 6002113
4.911426e-07 1.103548e+09 6002113 1.094006e+09 6002113
1.314107e-06 1.098994e+09 6002113 1.045981e+09 6002113
1.180877e-06 1.091518e+09 6002113 1.105898e+09 6002113
1.062374e-06 1.075325e+09 6003113 1.102535e+09 6003113
1.17493e-06 1.091631e+09 6002113 1.089103e+09 6002113
5.8377e-07 1.096144e+09 6002113 1.100454e+09 6002113
1.173484e-06 1.105915e+09 6002113 1.078946e+09 6002113
1.040597e-06 1.10878e+09 6003113 1.105612e+09 6003113
1.781697e-07 1.085144e+09 6002113 1.109447e+09 6002113
1.169098e-06 1.089666e+09 6002113 1.093766e+09 6002113
1.32114e-06 1.106081e+09 6002113 1.087579e+09 6002113
1.171624e-06 1.080075e+09 6002113 1.101616e+09 6002113
1.300768e-06 1.108616e+09 6003113 1.133312e+09 6003113
1.169098e-06 1.088389e+09 6002113 1.098794e+09 6002113
1.334379e-06 1.073893e+09 6003113 1.107428e+09 6003113
6.509964e-11 1.124321e+09 6003113 1.095769e+09 6003113
1.142236e-06 1.09158e+09 6002113 1.107769e+09 6002113
1.142236e-06 1.09158e+09 6002113 1.107769e+09 6002113
1.337984e-06 1.110017e+09 6003113 1.114401e+09 6003113
1.129815e-06 1.124258e+09 6003113 1.109782e+09 6003113
1.781697e-07 1.107447e+09 6002113 1.095054e+09 6002113
1.300768e-06 1.106456e+09 6003113 1.106975e+09 6003113
1.337984e-06 1.109759e+09 6003113 1.107364e+09 6003113
1.124067e-06 1.096911e+09 6002113 1.081555e+09 6002113
1.169098e-06 1.101306e+09 6002113 1.081107e+09 6002113
1.211975e-06 1.100285e+09 6002113 1.094443e+09 6002113
1.196843e-06 1.091677e+09 6002113 1.070007e+09 6002113
1.286202e-06 1.103246e+09 6002113 1.075184e+09 6002113
1.334379e-06 1.107493e+09 6003113 1.117048e+09 6003113
1.324177e-06 1.108487e+09 6002113 1.101982e+09 6002113
1.300768e-06 1.100392e+09 6002113 1.103959e+09 6002113
1.291387e-06 1.099187e+09 6003113 1.092841e+09 6003113
1.236274e-06 1.116568e+09 6003113 1.109374e+09 6003113
1.236274e-06 1.132831e+09 6003113 1.100649e+09 6003113
1.357182e-06 1.086725e+09 6002113 1.087989e+09 6002113
9.736617e-07 1.094712e+09 6002113 1.072014e+09 6002113
1.385659e-06 1.093354e+09 6002113 1.092753e+09 6002113
1.238355e-06 1.100111e+09 6002113 1.043597e+09 6002113
5.8377e-07 1.128912e+09 6003113 1.105785e+09 6003113
7.820191e-07 1.103694e+09 6003113 1.106064e+09 6003113
1.171624e-06 1.10137e+09 6003113 1.119951e+09 6003113
1.134354e-06 1.103836e+09 6002113 1.101168e+09 6002113
5.024667e-07 1.098067e+09 6002113 1.082186e+09 6002113
1.236274e-06 1.118723e+09 6003113 1.109506e+09 6003113
1.286202e-06 1.07403e+09 6002113 1.090861e+09 6002113
1.595663e-06 1.097086e+09 6002113 1.091179e+09 6002113
1.340623e-06 1.065305e+09 6002113 1.100056e+09 6002113
8.474114e-07 1.100403e+09 6002113 1.100192e+09 6002113
1.32114e-06 1.099075e+09 6002113 1.093397e+09 6002113
1.196843e-06 1.101272e+09 6002113 1.097289e+09 6002113
1.365036e-06 1.09031e+09 6002113 1.102748e+09 6002113
1.13888e-06 1.091918e+09 6002113 1.095944e+09 6002113
1.340623e-06 1.100859e+09 6002113 1.059306e+09 6002113
8.764069e-07 1.102981e+09 6003113 1.121073e+09 6003113
8.724518e-08 1.060215e+09 6003113 1.103768e+09 6003113
1.189525e-06 1.092783e+09 6002113 1.092327e+09 6002113
1.406135e-06 1.074206e+09 6003113 1.107826e+09 6003113
1.314107e-06 1.096113e+09 6002113 1.095914e+09 6002113
1.678512e-06 1.091461e+09 6002113 1.086866e+09 6002113
1.342792e-07 1.070202e+09 6002113 1.103935e+09 6002113
1.621852e-06 1.101813e+09 6002113 1.099785e+09 6002113
1.129815e-06 1.105865e+09 6003113 1.107695e+09 6003113
1.129815e-06 1.105865e+09 6003113 1.107695e+09 6003113
7.820191e-07 1.122025e+09 6003113 1.101178e+09 6003113
1.211975e-06 1.099144e+09 6002113 1.08791e+09 6002113
1.239678e-06 1.091213e+09 6003113 1.106771e+09 6003113
1.344503e-06 1.087454e+09 6002113 1.096825e+09 6002113
1.385659e-06 1.085996e+09 6002113 1.092759e+09 6002113
1.28342e-06 1.104029e+09 6002113 1.099974e+09 6002113
1.295442e-06 1.093343e+09 6003113 1.094757e+09 6003113
3.712356e-07 1.106321e+09 6003113 1.129007e+09 6003113
1.291522e-06 1.109282e+09 6003113 1.101201e+09 6003113
1.180877e-06 1.102774e+09 6002113 1.101129e+09 6002113
4.911426e-07 1.112087e+09 6003113 1.095454e+09 6003113
1.340623e-06 1.099019e+09 6002113 1.108796e+09 6002113
1.367207e-06 1.102892e+09 6002113 1.073481e+09 6002113
1.067245e-06 1.098364e+09 6002113 1.095211e+09 6002113
1.239678e-06 1.085731e+09 6002113 1.096323e+09 6002113
7.749455e-07 1.10012e+09 6002113 1.099841e+09 6002113
7.749455e-07 1.10012e+09 6002113 1.099841e+09 6002113
1.337984e-06 1.108095e+09 6003113 1.11068e+09 6003113
4.649037e-07 1.126202e+09 6003113 1.107933e+09 6003113
8.286284e-07 1.092273e+09 6002113 1.091762e+09 6002113
1.133668e-06 1.126142e+09 6003113 1.105525e+09 6003113
1.300768e-06 1.090158e+09 6003113 1.104109e+09 6003113
1.375035e-06 1.121784e+09 6003113 1.100748e+09 6003113
1.147584e-06 1.090513e+09 6002113 1.100482e+09 6002113
1.314107e-06 1.111701e+09 6003113 1.109415e+09 6003113
1.326528e-06 1.091014e+09 6003113 1.125825e+09 6003113
7.36686e-07 1.098492e+09 6002113 1.101088e+09 6002113
1.327888e-06 1.100441e+09 6002113 1.059515e+09 6002113
1.156551e-06 1.102105e+09 6002113 1.106189e+09 6002113
1.156551e-06 1.102105e+09 6002113 1.106189e+09 6002113
1.180877e-06 1.089233e+09 6002113 1.100171e+09 6002113
1.141954e-06 1.10094e+09 6003113 1.111422e+09 6003113
1.861852e-06 1.071177e+09 6002113 1.09939e+09 6002113
1.344503e-06 1.096557e+09 6002113 1.103704e+09 6002113
1.538287e-06 1.125833e+09 6003113 1.107612e+09 6003113
3.389739e-07 1.106597e+09 6003113 1.123495e+09 6003113
1.280743e-06 1.077572e+09 6002113 1.095273e+09 6002113
1.326528e-06 1.100362e+09 6002113 1.092551e+09 6002113
1.138395e-06 1.10865e+09 6003113 1.122452e+09 6003113
1.568106e-06 1.10018e+09 6002113 1.101244e+09 6002113
1.156302e-06 1.117609e+09 6003113 1.103351e+09 6003113
1.171624e-06 1.100418e+09 6003113 1.068647e+09 6003113
8.286284e-07 1.075293e+09 6002113 1.088712e+09 6002113
9.736617e-07 1.114207e+09 6003113 1.100929e+09 6003113
1.105151e-06 1.109622e+09 6003113 1.106076e+09 6003113
1.176388e-06 1.091446e+09 6002113 1.099532e+09 6002113
1.233514e-06 1.107472e+09 6003113 1.119446e+09 6003113
5.297854e-07 1.092215e+09 6002113 1.104614e+09 6002113
1.424708e-06 1.13029e+09 6003113 1.094783e+09 6003113
1.365036e-06 1.109247e+09 6003113 1.122014e+09 6003113
1.32114e-06 1.094589e+09 6002113 1.078812e+09 6002113
1.239678e-06 1.116894e+09 6003113 1.107553e+09 6003113
6.275371e-07 1.095763e+09 6002113 1.093405e+09 6002113
1.678512e-06 1.099912e+09 6002113 1.091191e+09 6002113
1.341146e-06 1.104687e+09 6003113 1.125567e+09 6003113
1.295442e-06 1.102559e+09 6002113 1.09115e+09 6002113
1.378834e-06 1.09409e+09 6002113 1.089305e+09 6002113
1.105151e-06 1.096404e+09 6002113 1.045476e+09 6002113
1.295442e-06 1.099531e+09 6002113 1.091558e+09 6002113
1.067245e-06 1.090076e+09 6002113 1.092337e+09 6002113
1.020323e-06 1.096401e+09 6002113 1.104582e+09 6002113
1.720842e-06 1.100596e+09 6002113 1.094759e+09 6002113
1.300768e-06 1.118711e+09 6003113 1.101612e+09 6003113
1.142236e-06 1.091876e+09 6002113 1.10216e+09 6002113
1.334379e-06 1.131791e+09 6003113 1.105652e+09 6003113
1.226109e-06 1.103923e+09 6002113 1.108798e+09 6002113
1.124719e-06 1.092989e+09 6002113 1.097115e+09 6002113
1.354675e-06 1.100727e+09 6002113 1.069915e+09 6002113
1.784228e-06 1.098944e+09 6003113 1.098883e+09 6003113
1.538287e-06 1.098316e+09 6002113 1.048839e+09 6002113
1.134354e-06 1.075627e+09 6002113 1.096536e+09 6002113
5.8377e-07 1.079672e+09 6002113 1.105881e+09 6002113
1.341146e-06 1.103144e+09 6002113 1.088985e+09 6002113
9.736617e-07 1.06229e+09 6002113 1.106821e+09 6002113
3.053606e-08 1.101882e+09 6002113 1.084434e+09 6002113
1.32114e-06 1.107771e+09 6003113 1.097542e+09 6003113
1.334379e-06 1.12537e+09 6003113 1.107458e+09 6003113
1.365519e-06 1.07211e+09 6002113 1.100178e+09 6002113
1.621852e-06 1.083387e+09 6002113 1.103324e+09 6002113
1.189525e-06 1.104298e+09 6003113 1.116898e+09 6003113
1.189525e-06 1.104298e+09 6003113 1.116898e+09 6003113
1.213059e-06 1.120499e+09 6003113 1.110591e+09 6003113
1.213059e-06 1.120499e+09 6003113 1.110591e+09 6003113
1.156551e-06 1.129864e+09 6003113 1.107236e+09 6003113
6.263439e-07 1.09346e+09 6003113 1.0966e+09 6003113
1.354675e-06 1.093597e+09 6002113 1.076711e+09 6002113
1.280743e-06 1.100446e+09 6002113 1.092801e+09 6002113
1.280743e-06 1.100446e+09 6002113 1.092801e+09 6002113
1.34891e-06 1.113756e+09 6003113 1.108045e+09 6003113
1.291387e-06 1.08458e+09 6003113 1.102411e+09 6003113
1.248774e-06 1.105803e+09 6002113 1.107579e+09 6002113
1.138395e-06 1.124971e+09 6003113 1.11105e+09 6003113
1.898732e-06 1.076464e+09 6002113 1.103697e+09 6002113
1.32114e-06 1.107302e+09 6003113 1.11814e+09 6003113
1.365036e-06 1.090725e+09 6002113 1.078433e+09 6002113
1.173484e-06 1.088339e+09 6002113 1.10559e+09 6002113
1.0194e-06 1.10588e+09 6003113 1.100499e+09 6003113
1.357439e-06 1.132639e+09 6003113 1.096997e+09 6003113
6.815101e-07 1.098213e+09 6002113 1.104007e+09 6002113
4.649037e-07 1.097756e+09 6002113 1.099184e+09 6002113
1.105151e-06 1.099575e+09 6002113 1.075841e+09 6002113
5.420825e-07 1.098584e+09 6003113 1.109552e+09 6003113
3.055544e-09 1.111434e+09 6003113 1.095448e+09 6003113
3.055544e-09 1.111434e+09 6003113 1.095448e+09 6003113
1.340623e-06 1.102684e+09 6003113 1.125904e+09 6003113
1.300768e-06 1.105149e+09 6002113 1.092657e+09 6002113
1.156551e-06 1.099471e+09 6003113 1.12509e+09 6003113
1.365519e-06 1.114646e+09 6003113 1.108223e+09 6003113
1.149835e-06 1.095158e+09 6002113 1.083317e+09 6002113
4.166032e-07 1.09372e+09 6002113 1.096731e+09 6002113
9.274156e-07 1.107155e+09 6003113 1.111295e+09 6003113
1.538287e-06 1.095869e+09 6002113 1.093004e+09 6002113
1.507682e-07 1.065877e+09 6002113 1.086349e+09 6002113
8.304177e-07 1.097172e+09 6002113 1.08714e+09 6002113
1.314107e-06 1.091525e+09 6003113 1.119368e+09 6003113
1.020323e-06 1.123836e+09 6003113 1.104671e+09 6003113
1.142236e-06 1.099854e+09 6003113 1.121165e+09 6003113
5.606063e-09 1.104859e+09 6003113 1.098023e+09 6003113
9.736617e-07 1.077466e+09 6002113 1.095243e+09 6002113
1.662945e-06 1.108386e+09 6002113 1.068932e+09 6002113
1.230168e-06 1.086064e+09 6002113 1.100105e+09 6002113
1.129815e-06 1.09236e+09 6002113 1.10174e+09 6002113
1.134354e-06 1.099796e+09 6003113 1.102831e+09 6003113
9.252333e-07 1.094252e+09 6003113 1.13252e+09 6003113
9.252333e-07 1.090788e+09 6002113 1.097934e+09 6002113
1.747306e-06 1.104294e+09 6003113 1.107355e+09 6003113
1.300768e-06 1.10212e+09 6002113 1.102188e+09 6002113
1.138395e-06 1.124512e+09 6003113 1.104245e+09 6003113
8.817323e-07 1.110377e+09 6003113 1.125174e+09 6003113
1.34891e-06 1.10845e+09 6003113 1.107621e+09 6003113
2.443317e-07 1.10269e+09 6003113 1.114415e+09 6003113
2.443317e-07 1.10269e+09 6003113 1.114415e+09 6003113
1.334379e-06 1.108967e+09 6002113 1.101877e+09 6002113
1.180877e-06 1.108215e+09 6002113 1.101456e+09 6002113
1.180877e-06 1.108215e+09 6002113 1.101456e+09 6002113
7.67614e-08 1.084587e+09 6002113 1.098637e+09 6002113
1.327888e-06 1.079388e+09 6002113 1.094315e+09 6002113
7.749455e-07 1.114569e+09 6003113 1.111762e+09 6003113
8.817323e-07 1.085396e+09 6003113 1.111981e+09 6003113
1.129815e-06 1.115274e+09 6003113 1.105428e+09 6003113
1.124719e-06 1.111678e+09 6002113 1.076437e+09 6002113
1.291522e-06 1.08501e+09 6002113 1.098256e+09 6002113
1.357439e-06 1.100158e+09 6002113 1.091651e+09 6002113
1.105151e-06 1.105594e+09 6002113 1.092228e+09 6002113
1.296259e-06 1.090979e+09 6003113 1.103596e+09 6003113
1.141954e-06 1.106756e+09 6003113 1.115767e+09 6003113
1.720842e-06 1.101411e+09 6002113 1.092891e+09 6002113
1.291522e-06 1.09844e+09 6002113 1.101073e+09 6002113
1.291522e-06 1.049376e+09 6002113 1.096435e+09 6002113
1.357182e-06 1.08553e+09 6002113 1.100102e+09 6002113
1.141954e-06 1.117145e+09 6003113 1.107515e+09 6003113
1.365036e-06 1.07486e+09 6002113 1.10371e+09 6002113
1.354675e-06 1.111438e+09 6003113 1.118664e+09 6003113
6.815101e-07 1.092384e+09 6002113 1.092441e+09 6002113
1.156302e-06 1.103335e+09 6003113 1.10716e+09 6003113
5.46032e-08 1.116613e+09 6003113 1.108162e+09 6003113
1.193437e-07 1.08832e+09 6002113 1.07606e+09 6002113
1.213059e-06 1.099227e+09 6002113 1.069166e+09 6002113
7.67614e-08 1.098793e+09 6002113 1.084602e+09 6002113
1.248774e-06 1.107507e+09 6003113 1.087605e+09 6003113
1.34891e-06 1.100443e+09 6002113 1.07227e+09 6002113
1.142236e-06 1.09495e+09 6002113 1.091942e+09 6002113
1.367207e-06 1.101241e+09 6002113 1.083772e+09 6002113
1.124067e-06 1.105332e+09 6003113 1.097555e+09 6003113
1.230168e-06 1.128011e+09 6003113 1.101632e+09 6003113
1.142236e-06 1.099922e+09 6003113 1.109334e+09 6003113
1.142236e-06 1.099922e+09 6003113 1.109334e+09 6003113
1.340623e-06 1.091697e+09 6002113 1.10232e+09 6002113
1.568106e-06 1.101888e+09 6002113 1.080804e+09 6002113
1.595663e-06 1.107515e+09 6002113 1.08951e+09 6002113
1.621852e-06 1.109364e+09 6003113 1.128189e+09 6003113
1.13888e-06 1.1005e+09 6003113 1.099423e+09 6003113
1.13888e-06 1.1005e+09 6003113 1.099423e+09 6003113
1.133668e-06 1.119775e+09 6003113 1.114469e+09 6003113
1.174602e-06 1.105343e+09 6003113 1.115763e+09 6003113
1.239134e-06 1.131654e+09 6003113 1.104137e+09 6003113
1.156551e-06 1.106497e+09 6002113 1.096056e+09 6002113
1.105151e-06 1.101241e+09 6002113 1.044927e+09 6002113
8.817323e-07 1.108825e+09 6002113 1.102532e+09 6002113
1.317409e-06 1.104177e+09 6002113 1.093122e+09 6002113
1.357439e-06 1.131719e+09 6003113 1.108572e+09 6003113
7.820191e-07 1.126651e+09 6003113 1.096456e+09 6003113
1.233514e-06 1.084882e+09 6002113 1.099187e+09 6002113
8.817323e-07 1.120166e+09 6003113 1.111815e+09 6003113
9.736617e-07 1.093769e+09 6002113 1.10485e+09 6002113
1.196843e-06 1.100202e+09 6003113 1.096446e+09 6003113
1.248774e-06 1.086996e+09 6002113 1.098908e+09 6002113
1.176388e-06 1.096449e+09 6002113 1.100781e+09 6002113
3.712356e-07 1.092996e+09 6002113 1.094604e+09 6002113
1.174602e-06 1.052138e+09 6002113 1.104118e+09 6002113
2.270451e-08 1.098218e+09 6002113 1.091478e+09 6002113
6.815101e-07 1.117238e+09 6003113 1.102066e+09 6003113
1.341146e-06 1.054823e+09 6002113 1.098978e+09 6002113
1.365519e-06 1.101772e+09 6002113 1.093384e+09 6002113
5.204983e-07 1.12631e+09 6003113 1.119853e+09 6003113
1.647411e-06 1.093296e+09 6002113 1.089717e+09 6002113
1.238355e-06 1.083391e+09 6002113 1.09405e+09 6002113
1.174602e-06 1.117921e+09 6003113 1.110517e+09 6003113
1.171624e-06 1.106559e+09 6003113 1.1067e+09 6003113
1.32114e-06 1.100275e+09 6002113 1.097078e+09 6002113
1.337984e-06 1.122262e+09 6003113 1.108548e+09 6003113
1.28342e-06 1.10147e+09 6003113 1.0925e+09 6003113
1.124719e-06 1.130359e+09 6003113 1.113149e+09 6003113
1.180877e-06 1.098686e+09 6003113 1.10762e+09 6003113
4.649037e-07 1.114735e+09 6003113 1.103339e+09 6003113
1.345186e-06 1.109114e+09 6003113 1.124891e+09 6003113
1.171624e-06 1.119219e+09 6003113 1.098144e+09 6003113
1.286202e-06 1.111773e+09 6003113 1.11786e+09 6003113
1.133668e-06 1.102043e+09 6002113 1.107106e+09 6002113
1.424708e-06 1.074167e+09 6002113 1.104753e+09 6002113
1.291522e-06 1.10426e+09 6003113 1.101707e+09 6003113
1.720842e-06 1.100694e+09 6002113 1.107754e+09 6002113
1.334379e-06 1.107619e+09 6002113 1.115609e+09 6002113
5.950559e-07 1.096515e+09 6002113 1.099177e+09 6002113
1.236274e-06 1.101397e+09 6003113 1.11793e+09 6003113
1.317409e-06 1.091445e+09 6002113 1.081552e+09 6002113
1.286202e-06 1.076302e+09 6002113 1.09484e+09 6002113
1.134354e-06 1.094773e+09 6002113 1.085955e+09 6002113
1.289494e-06 1.133125e+09 6003113 1.100959e+09 6003113
1.050123e-08 1.10313e+09 6002113 1.099852e+09 6002113
1.124719e-06 1.092039e+09 6003113 1.099074e+09 6003113
1.134354e-06 1.094444e+09 6002113 1.069681e+09 6002113
5.420825e-07 1.092065e+09 6002113 1.094479e+09 6002113
1.141954e-06 1.109625e+09 6003113 1.109373e+09 6003113
1.662945e-06 1.108745e+09 6003113 1.114901e+09 6003113
1.32114e-06 1.09388e+09 6002113 1.085496e+09 6002113
1.289494e-06 1.099306e+09 6002113 1.100756e+09 6002113
1.171624e-06 1.055649e+09 6001113 1.086006e+09 6001113
1.133668e-06 1.100568e+09 6003113 1.120485e+09 6003113
1.324177e-06 1.106045e+09 6003113 1.116196e+09 6003113
1.861852e-06 1.10911e+09 6003113 1.100365e+09 6003113
1.330196e-06 1.101585e+09 6003113 1.123463e+09 6003113
1.32114e-06 1.097072e+09 6003113 1.104647e+09 6003113
1.337984e-06 1.103238e+09 6002113 1.099609e+09 6002113
1.337984e-06 1.103238e+09 6002113 1.099609e+09 6002113
7.273816e-07 1.094116e+09 6002113 1.099813e+09 6002113
1.133668e-06 1.09561e+09 6002113 1.108297e+09 6002113
1.133668e-06 1.09561e+09 6002113 1.108297e+09 6002113
1.0194e-06 1.078322e+09 6002113 1.101271e+09 6002113
1.238355e-06 1.084527e+09 6002113 1.097503e+09 6002113
2.703177e-07 1.066475e+09 6002113 1.092847e+09 6002113
8.817323e-07 1.104608e+09 6002113 1.099757e+09 6002113
1.040597e-06 1.093271e+09 6002113 1.071016e+09 6002113
1.32114e-06 1.057508e+09 6002113 1.100484e+09 6002113
1.174602e-06 1.090856e+09 6002113 1.097233e+09 6002113
1.169098e-06 1.106944e+09 6002113 1.084828e+09 6002113
1.32114e-06 1.097242e+09 6002113 1.11468e+09 6002113
5.950559e-07 1.0906e+09 6002113 1.084199e+09 6002113
1.248774e-06 1.110962e+09 6003113 1.106246e+09 6003113
1.020323e-06 1.126231e+09 6003113 1.092601e+09 6003113
3.826114e-07 1.103008e+09 6003113 1.099889e+09 6003113
1.156551e-06 1.099923e+09 6002113 1.076154e+09 6002113
1.138395e-06 1.080157e+09 6002113 1.089226e+09 6002113
1.375035e-06 1.137736e+09 6003113 1.104483e+09 6003113
6.275371e-07 1.127336e+09 6003113 1.108268e+09 6003113
1.32114e-06 1.068528e+09 6003113 1.108187e+09 6003113
8.286284e-07 1.093417e+09 6002113 1.069684e+09 6002113
1.280743e-06 1.108401e+09 6002113 1.073808e+09 6002113
2.809322e-07 1.0937e+09 6002113 1.075798e+09 6002113
1.34891e-06 1.112235e+09 6003113 1.112703e+09 6003113
1.174602e-06 1.101417e+09 6002113 1.101129e+09 6002113
1.239678e-06 1.10844e+09 6003113 1.12432e+09 6003113
1.176388e-06 1.102655e+09 6002113 1.086415e+09 6002113
1.262652e-06 1.085025e+09 6002113 1.097747e+09 6002113
1.233514e-06 1.109845e+09 6003113 1.102907e+09 6003113
1.32114e-06 1.084125e+09 6002113 1.096597e+09 6002113
1.141954e-06 1.091016e+09 6003113 1.118388e+09 6003113
1.149835e-06 1.104861e+09 6003113 1.117439e+09 6003113
1.230168e-06 1.095536e+09 6002113 1.095893e+09 6002113
1.595663e-06 1.107285e+09 6003113 1.106892e+09 6003113
1.595663e-06 1.107285e+09 6003113 1.106892e+09 6003113
1.909065e-06 1.099478e+09 6002113 1.105709e+09 6002113
1.286202e-06 1.124469e+09 6003113 1.104608e+09 6003113
1.173484e-06 1.075824e+09 6002113 1.102765e+09 6002113
2.203831e-07 1.075657e+09 6002113 1.093565e+09 6002113
5.950559e-07 1.07462e+09 6002113 1.100944e+09 6002113
1.406135e-06 1.093441e+09 6002113 1.093343e+09 6002113
1.134354e-06 1.113153e+09 6003113 1.109084e+09 6003113
1.34891e-06 1.125204e+09 6003113 1.103096e+09 6003113
1.147584e-06 1.107822e+09 6003113 1.100964e+09 6003113
1.289494e-06 1.085446e+09 6002113 1.103824e+09 6002113
1.781697e-07 1.084125e+09 6002113 1.100888e+09 6002113
1.174602e-06 1.099149e+09 6002113 1.111343e+09 6002113
1.211975e-06 1.093909e+09 6002113 1.103305e+09 6002113
3.507236e-07 1.093491e+09 6002113 1.093874e+09 6002113
1.105151e-06 1.096302e+09 6002113 1.103834e+09 6002113
1.291522e-06 1.107802e+09 6002113 1.079836e+09 6002113
1.861852e-06 1.115453e+09 6003113 1.110472e+09 6003113
2.270451e-08 1.134281e+09 6003113 1.111938e+09 6003113
1.141954e-06 1.110413e+09 6003113 1.12467e+09 6003113
1.330196e-06 1.093757e+09 6002113 1.111769e+09 6002113
1.337984e-06 1.105117e+09 6002113 1.068452e+09 6002113
1.141954e-06 1.099e+09 6002113 1.104833e+09 6002113
7.273816e-07 1.099223e+09 6002113 1.090694e+09 6002113
8.304177e-07 1.10233e+09 6003113 1.098434e+09 6003113
8.304177e-07 1.10233e+09 6003113 1.098434e+09 6003113
1.314107e-06 1.082928e+09 6002113 1.095115e+09 6002113
1.317409e-06 1.115025e+09 6003113 1.103293e+09 6003113
7.749455e-07 1.103869e+09 6002113 1.066743e+09 6002113
1.32114e-06 1.083251e+09 6002113 1.098365e+09 6002113
8.817323e-07 1.108695e+09 6003113 1.108262e+09 6003113
1.248774e-06 1.104562e+09 6002113 1.104553e+09 6002113
9.274156e-07 1.102382e+09 6002113 1.081556e+09 6002113
1.747306e-06 1.096519e+09 6002113 1.097125e+09 6002113
1.291522e-06 1.134403e+09 6003113 1.107346e+09 6003113
1.171624e-06 1.083917e+09 6002113 1.107288e+09 6002113
1.367207e-06 1.101305e+09 6003113 1.109901e+09 6003113
6.815101e-07 1.103763e+09 6002113 1.081751e+09 6002113
8.286284e-07 1.104647e+09 6003113 1.101803e+09 6003113
1.262652e-06 1.100892e+09 6002113 1.105269e+09 6002113
1.173484e-06 1.109769e+09 6003113 1.075862e+09 6003113
1.295442e-06 1.110129e+09 6003113 1.117986e+09 6003113
5.213332e-09 1.107299e+09 6002113 1.097195e+09 6002113
1.141954e-06 1.100478e+09 6002113 1.093129e+09 6002113
6.373873e-07 1.090698e+09 6002113 1.102144e+09 6002113
1.124067e-06 1.10789e+09 6003113 1.111272e+09 6003113
1.262652e-06 1.104387e+09 6002113 1.034416e+09 6002113
1.169098e-06 1.107779e+09 6003113 1.075104e+09 6003113
1.067245e-06 1.103228e+09 6002113 1.100323e+09 6002113
1.196843e-06 1.093352e+09 6002113 1.101791e+09 6002113
1.537486e-06 1.08283e+09 6002113 1.092451e+09 6002113
1.239134e-06 1.101569e+09 6002113 1.085618e+09 6002113
1.120393e-07 1.102918e+09 6003113 1.117157e+09 6003113
1.040597e-06 1.12136e+09 6003113 1.077227e+09 6003113
1.291522e-06 1.098093e+09 6002113 1.086004e+09 6002113
1.141954e-06 1.103342e+09 6003113 1.093798e+09 6003113
1.357439e-06 1.103965e+09 6003113 1.119855e+09 6003113
1.124067e-06 1.111055e+09 6003113 1.100622e+09 6003113
1.211975e-06 1.101019e+09 6002113 1.083495e+09 6002113
1.357439e-06 1.129834e+09 6003113 1.108342e+09 6003113
1.062374e-06 1.120776e+09 6003113 1.1093e+09 6003113
1.340623e-06 1.11753e+09 6003113 1.10895e+09 6003113
1.169098e-06 1.097628e+09 6003113 1.117704e+09 6003113
1.233514e-06 1.096429e+09 6002113 1.097724e+09 6002113
1.171624e-06 1.088708e+09 6002113 1.102081e+09 6002113
1.340623e-06 1.100562e+09 6002113 1.113832e+09 6002113
1.134354e-06 1.093942e+09 6002113 1.107624e+09 6002113
1.340623e-06 1.092846e+09 6003113 1.112387e+09 6003113
1.239678e-06 1.084414e+09 6002113 1.099963e+09 6002113
1.169098e-06 1.099089e+09 6002113 1.079294e+09 6002113
4.527613e-07 1.08097e+09 6002113 1.105469e+09 6002113
1.296259e-06 1.120503e+09 6003113 1.112139e+09 6003113
1.326528e-06 1.10572e+09 6002113 1.100827e+09 6002113
1.280743e-06 1.056209e+09 6001113 1.096382e+09 6001113
1.286202e-06 1.118605e+09 6002113 1.099468e+09 6002113
1.662945e-06 1.082348e+09 6002113 1.099351e+09 6002113
5.950559e-07 1.093652e+09 6002113 1.096125e+09 6002113
5.950559e-07 1.093652e+09 6002113 1.096125e+09 6002113
1.040597e-06 1.081084e+09 6003113 1.107549e+09 6003113
5.024667e-07 1.104056e+09 6002113 1.073216e+09 6002113
1.367207e-06 1.107838e+09 6002113 1.088323e+09 6002113
1.0194e-06 1.101163e+09 6002113 1.09991e+09 6002113
1.124067e-06 1.10015e+09 6002113 1.099057e+09 6002113
1.781697e-07 1.10893e+09 6003113 1.109454e+09 6003113
1.781697e-07 1.10893e+09 6003113 1.109454e+09 6003113
2.443317e-07 1.067909e+09 6003113 1.109735e+09 6003113
1.314107e-06 1.088971e+09 6002113 1.108207e+09 6002113
1.286202e-06 1.099716e+09 6002113 1.100045e+09 6002113
1.689259e-07 1.127546e+09 6003113 1.110244e+09 6003113
1.662945e-06 1.099249e+09 6003113 1.137276e+09 6003113
1.236274e-06 1.127097e+09 6003113 1.100108e+09 6003113
1.138395e-06 1.115241e+09 6003113 1.114476e+09 6003113
1.124067e-06 1.126054e+09 6003113 1.109123e+09 6003113
1.317409e-06 1.100865e+09 6003113 1.063448e+09 6003113
4.911426e-07 1.102188e+09 6002113 1.092265e+09 6002113
1.147584e-06 1.096059e+09 6002113 1.101997e+09 6002113
1.295442e-06 1.113072e+09 6003113 1.103952e+09 6003113
1.357182e-06 1.101136e+09 6002113 1.067275e+09 6002113
7.273816e-07 1.086116e+09 6002113 1.070884e+09 6002113
1.233514e-06 1.116467e+09 6003113 1.104579e+09 6003113
1.174602e-06 1.117895e+09 6003113 1.101468e+09 6003113
1.345186e-06 1.104366e+09 6003113 1.106643e+09 6003113
7.36686e-07 1.074116e+09 6002113 1.094525e+09 6002113
1.134354e-06 1.045805e+09 6002113 1.107592e+09 6002113
1.295442e-06 1.090859e+09 6002113 1.097372e+09 6002113
1.568106e-06 1.102129e+09 6003113 1.110671e+09 6003113
1.568106e-06 1.102129e+09 6003113 1.110671e+09 6003113
3.089018e-07 1.090576e+09 6002113 1.113386e+09 6002113
1.678512e-06 1.100043e+09 6003113 1.108065e+09 6003113
1.300768e-06 1.087679e+09 6002113 1.075843e+09 6002113
1.291387e-06 1.103167e+09 6002113 1.07397e+09 6002113
1.291387e-06 1.106525e+09 6003113 1.098904e+09 6003113
1.296259e-06 1.107449e+09 6003113 1.1091e+09 6003113
1.142236e-06 1.128843e+09 6003113 1.101205e+09 6003113
1.538287e-06 1.110726e+09 6003113 1.086159e+09 6003113
1.339855e-06 1.094628e+09 6002113 1.10133e+09 6002113
1.136136e-08 1.107295e+09 6003113 1.10675e+09 6003113
1.174602e-06 1.096539e+09 6002113 1.104222e+09 6002113
1.317409e-06 1.10023e+09 6002113 1.104917e+09 6002113
2.809322e-07 1.098934e+09 6003113 1.120653e+09 6003113
1.165303e-06 1.080449e+09 6002113 1.105716e+09 6002113
1.173484e-06 1.090095e+09 6003113 1.109159e+09 6003113
3.089018e-07 1.100498e+09 6003113 1.123701e+09 6003113
1.291522e-06 1.103876e+09 6002113 1.061661e+09 6002113
1.149835e-06 1.113423e+09 6003113 1.111115e+09 6003113
1.32114e-06 1.129746e+09 6003113 1.102689e+09 6003113
1.365036e-06 1.113312e+09 6003113 1.104113e+09 6003113
5.204983e-07 1.084763e+09 6002113 1.093917e+09 6002113
1.568106e-06 1.111438e+09 6003113 1.112484e+09 6003113
1.326009e-08 1.081294e+09 6003113 1.106678e+09 6003113
1.909065e-06 1.109618e+09 6002113 1.090702e+09 6002113
1.324177e-06 1.11909e+09 6003113 1.108724e+09 6003113
1.295442e-06 1.111575e+09 6003113 1.122441e+09 6003113
1.538287e-06 1.083458e+09 6002113 1.105889e+09 6002113
1.295442e-06 1.10672e+09 6003113 1.12031e+09 6003113
1.344503e-06 1.103284e+09 6002113 1.082393e+09 6002113
