1.263539e-06 1.057156e+09 6001114 1.059966e+09 6001113
1.49734e-06 1.100082e+09 6001113 1.083018e+09 6001113
1.362804e-06 1.080326e+09 6001113 1.066661e+09 6001113
7.084495e-07 1.118512e+09 6002114 1.090839e+09 6002113
1.35447e-06 1.080534e+09 6001113 1.050493e+09 6001113
2.267385e-06 1.061842e+09 6001114 1.067688e+09 6001113
1.36442e-06 1.096136e+09 6002113 1.112275e+09 6002113
1.292892e-06 1.085756e+09 6002113 1.099717e+09 6002113
2.209175e-06 1.09924e+09 6001113 1.083719e+09 6001113
1.257357e-06 1.079732e+09 6001113 1.080562e+09 6001113
1.432567e-06 1.088006e+09 6001113 1.092083e+09 6001113
1.29404e-06 1.053542e+09 6001113 1.093498e+09 6001113
9.156527e-07 1.052606e+09 6001113 1.082949e+09 6001113
5.485497e-07 1.101676e+09 6002114 1.083018e+09 6002113
1.370647e-06 1.057798e+09 6001113 1.068875e+09 6001113
