6001113 0.4 0.2954 0.03717 12.58
6001113 1.6 0.3752 0.01414 3.769
6001113 1.2 0.3636 0.01723 4.738
6001113 2 0.3823 0.01225 3.204
6001113 4 0.3909 0.009398 2.404
6001113 8 0.3584 0.02229 6.22
6001113 12 0.3079 0.05221 16.96
6001113 16 0.2697 0.07213 26.74
6001113 20 0.2444 0.08276 33.87
6001113 40 0.1936 0.09597 49.56
6002113 4 0.3593 0.0495 13.78
6002113 16 0.3366 0.01363 4.05
6002113 12 0.3515 0.0174 4.95
6002113 20 0.3213 0.01141 3.553
6002113 40 0.2553 0.007355 2.881
6002113 80 0.1752 0.007589 4.33
6002113 120 0.1341 0.009614 7.169
6002113 160 0.1118 0.01077 9.638
6002113 200 0.0984 0.0113 11.48
6002113 400 0.07318 0.01162 15.88
6003113 40 0.2548 0.04339 17.03
6003113 160 0.1299 0.01021 7.862
6003113 120 0.1497 0.01342 8.966
6003113 200 0.1159 0.00837 7.22
6003113 400 0.08085 0.005059 6.258
6003113 800 0.05682 0.007193 12.66
6003113 1200 0.04431 0.01114 25.14
6003113 1600 0.03675 0.01282 34.88
6003113 2000 0.03207 0.01334 41.6
6003113 4000 0.02325 0.01301 55.94
