6001113 1 0.5013 0.06776 13.52
6001113 4 0.5757 0.0222 3.856
6001113 3 0.56 0.02709 4.837
6001113 5 0.5853 0.01929 3.295
6001113 10 0.5966 0.01473 2.468
6001113 20 0.6198 0.08056 13
6001113 30 0.7056 0.2892 40.99
6001113 40 0.7727 0.4632 59.95
6001113 50 0.8134 0.5756 70.77
6001113 100 0.8827 0.7807 88.45
6002113 10 0.5504 0.07358 13.37
6002113 40 0.4976 0.0207 4.16
6002113 30 0.5267 0.02718 5.16
6002113 50 0.4696 0.01691 3.601
6002113 100 0.3566 0.01015 2.847
6002113 200 0.2135 0.02021 9.466
6002113 300 0.1241 0.04107 33.09
6002113 400 0.08146 0.04285 52.6
6002113 500 0.06102 0.03968 65.03
6002113 1000 0.03332 0.02938 88.19
6003113 100 0.4117 0.07207 17.5
6003113 400 0.1332 0.01004 7.54
6003113 300 0.169 0.01473 8.716
6003113 500 0.111 0.007606 6.853
6003113 1000 0.06623 0.003847 5.808
6003113 2000 0.04703 0.003923 8.342
6003113 3000 0.04127 0.004886 11.84
6003113 4000 0.03832 0.005496 14.34
6003113 5000 0.03649 0.00587 16.09
6003113 10000 0.03267 0.006559 20.08
