6001113 0.8 0.3702 0.04314 11.65
6001113 3.2 0.3946 0.01383 3.505
6001113 2.4 0.3888 0.01702 4.376
6001113 4 0.398 0.01197 3.008
6001113 8 0.4014 0.009148 2.279
6001113 16 0.4 0.01769 4.423
6001113 24 0.4015 0.03244 8.079
6001113 32 0.4034 0.04399 10.9
6001113 40 0.405 0.05228 12.91
6001113 80 0.4088 0.07157 17.51
6002113 8 0.3854 0.04432 11.5
6002113 32 0.3546 0.0136 3.836
6002113 24 0.3696 0.01719 4.651
6002113 40 0.3401 0.01144 3.365
6002113 80 0.2773 0.0075 2.705
6002113 160 0.196 0.009809 5.005
6002113 240 0.1512 0.01579 10.44
6002113 320 0.1264 0.01935 15.31
6002113 400 0.1117 0.02119 18.97
6002113 800 0.08431 0.0234 27.76
6003113 80 0.2623 0.04211 16.05
6003113 320 0.1309 0.01007 7.693
6003113 240 0.1566 0.01349 8.615
6003113 400 0.1135 0.008082 7.12
6003113 800 0.07377 0.004564 6.186
6003113 1600 0.04947 0.004224 8.539
6003113 2400 0.04 0.005314 13.29
6003113 3200 0.03508 0.00608 17.33
6003113 4000 0.03214 0.00654 20.35
6003113 8000 0.02645 0.007294 27.57
