6001113 2 0.188 0.03276 17.43
6001113 8 0.2001 0.01065 5.321
6001113 6 0.1981 0.01336 6.745
6001113 10 0.2009 0.009115 4.538
6001113 20 0.1964 0.006792 3.459
6001113 40 0.1885 0.0132 7.001
6001113 60 0.1854 0.02528 13.64
6001113 80 0.1832 0.03461 18.89
6001113 100 0.1814 0.04108 22.65
6001113 200 0.1763 0.05507 31.24
6002113 20 0.1882 0.03103 16.49
6002113 80 0.1619 0.009944 6.142
6002113 60 0.1752 0.01278 7.294
6002113 100 0.1495 0.008184 5.475
6002113 200 0.106 0.004799 4.526
6002113 400 0.06589 0.004999 7.587
6002113 600 0.04257 0.01004 23.6
6002113 800 0.02853 0.01178 41.27
6002113 1000 0.02073 0.0111 53.54
6002113 2000 0.009292 0.00701 75.44
6003113 200 0.1064 0.02718 25.54
6003113 800 0.0467 0.006598 14.13
6003113 600 0.05712 0.008931 15.64
6003113 1000 0.0403 0.00528 13.1
6003113 2000 0.02923 0.003252 11.13
6003113 4000 0.02461 0.003401 13.82
6003113 6000 0.02202 0.003808 17.29
6003113 8000 0.02024 0.004068 20.1
6003113 10000 0.019 0.004229 22.26
6003113 20000 0.01617 0.004497 27.81
