6001113 0.4 0.2441 0.04112 16.84
6001113 1.6 0.4326 0.02109 4.874
6001113 1.2 0.4082 0.02516 6.164
6001113 2 0.4477 0.01857 4.148
6001113 4 0.4779 0.01502 3.143
6001113 8 0.4964 0.06035 12.16
6001113 12 0.5122 0.1732 33.81
6001113 16 0.5212 0.2615 50.16
6001113 20 0.526 0.3191 60.67
6001113 40 0.5326 0.4294 80.63
6002113 4 0.4506 0.078 17.31
6002113 16 0.42 0.02126 5.061
6002113 12 0.439 0.02753 6.271
6002113 20 0.3997 0.01754 4.389
6002113 40 0.313 0.01086 3.47
6002113 80 0.2246 0.01186 5.282
6002113 120 0.1907 0.01548 8.119
6002113 160 0.1749 0.01815 10.38
6002113 200 0.166 0.02001 12.05
6002113 400 0.1503 0.02424 16.13
6003113 40 0.3123 0.05804 18.59
6003113 160 0.1277 0.01104 8.647
6003113 120 0.1567 0.0152 9.7
6003113 200 0.1092 0.008764 8.028
6003113 400 0.0696 0.004908 7.052
6003113 800 0.04774 0.004554 9.539
6003113 1200 0.04032 0.005235 12.98
6003113 1600 0.03672 0.005682 15.47
6003113 2000 0.03462 0.005959 17.21
6003113 4000 0.03059 0.006484 21.2
