6001113 3.5 0.3959 0.05169 13.05
6001113 14 0.3831 0.01571 4.101
6001113 10.5 0.3891 0.01987 5.108
6001113 17.5 0.3764 0.01326 3.522
6001113 35 0.3409 0.009264 2.718
6001113 70 0.2764 0.0166 6.005
6001113 105 0.2398 0.03306 13.79
6001113 140 0.2214 0.04629 20.91
6001113 175 0.2113 0.05575 26.38
6001113 350 0.195 0.07732 39.65
6002113 35 0.4122 0.0589 14.29
6002113 140 0.1999 0.01132 5.661
6002113 105 0.241 0.01592 6.605
6002113 175 0.1707 0.008725 5.112
6002113 350 0.09769 0.004189 4.288
6002113 700 0.05485 0.003377 6.158
6002113 1050 0.04135 0.004021 9.723
6002113 1400 0.03507 0.004548 12.97
6002113 1750 0.03149 0.004895 15.54
6002113 3500 0.02485 0.005542 22.3
6003113 350 0.1005 0.02711 26.98
6003113 1400 0.03517 0.004896 13.92
6003113 1050 0.04271 0.006702 15.69
6003113 1750 0.03076 0.00394 12.81
6003113 3500 0.02207 0.002425 10.99
6003113 7000 0.01735 0.002733 15.76
6003113 10500 0.01509 0.003553 23.55
6003113 14000 0.01362 0.004078 29.95
6003113 17500 0.01261 0.004382 34.74
6003113 35000 0.01039 0.004811 46.3
