6001113 3.5 0.4725 0.03967 8.397
6001113 14 0.5322 0.01423 2.674
6001113 10.5 0.5322 0.01774 3.333
6001113 17.5 0.5284 0.0121 2.29
6001113 35 0.4969 0.008644 1.739
6001113 70 0.4345 0.01806 4.156
6001113 105 0.3966 0.04626 11.67
6001113 140 0.378 0.07325 19.38
6001113 175 0.3687 0.09414 25.53
6001113 350 0.3572 0.1451 40.64
6002113 35 0.4691 0.04568 9.737
6002113 140 0.3438 0.01164 3.387
6002113 105 0.3806 0.01544 4.058
6002113 175 0.3124 0.009386 3.004
6002113 350 0.2122 0.005225 2.462
6002113 700 0.1228 0.005242 4.27
6002113 1050 0.08033 0.007559 9.41
6002113 1400 0.05898 0.008311 14.09
6002113 1750 0.0473 0.008267 17.48
6002113 3500 0.02826 0.00704 24.91
6003113 350 0.1985 0.02983 15.02
6003113 1400 0.0841 0.006347 7.548
6003113 1050 0.1012 0.008504 8.403
6003113 1750 0.07297 0.005133 7.034
6003113 3500 0.0486 0.003017 6.208
6003113 7000 0.03371 0.002881 8.545
6003113 10500 0.02694 0.003323 12.33
6003113 14000 0.02303 0.003646 15.83
6003113 17500 0.02056 0.003844 18.69
6003113 35000 0.01557 0.004115 26.44
