6001113 4 0.1434 0.02034 14.19
6001113 16 0.1627 0.007102 4.365
6001113 12 0.1655 0.008816 5.326
6001113 20 0.1582 0.006037 3.815
6001113 40 0.1354 0.004071 3.007
6001113 80 0.1085 0.007413 6.829
6001113 120 0.0958 0.01466 15.3
6001113 160 0.08876 0.01996 22.48
6001113 200 0.08436 0.02339 27.73
6001113 400 0.07534 0.02997 39.77
6002113 40 0.142 0.02394 16.85
6002113 160 0.07184 0.005291 7.365
6002113 120 0.08499 0.007212 8.486
6002113 200 0.06235 0.004184 6.71
6002113 400 0.0388 0.002189 5.643
6002113 800 0.02621 0.003654 13.94
6002113 1200 0.02205 0.006665 30.23
6002113 1600 0.0195 0.008353 42.84
6002113 2000 0.01774 0.009154 51.61
6002113 4000 0.01384 0.009744 70.42
6003113 400 0.05403 0.01713 31.7
6003113 1600 0.01857 0.003806 20.49
6003113 1200 0.02319 0.005235 22.58
6003113 2000 0.01578 0.003006 19.05
6003113 4000 0.01036 0.001705 16.45
6003113 8000 0.007632 0.001683 22.05
6003113 12000 0.00644 0.00174 27.02
6003113 16000 0.005752 0.001727 30.02
6003113 20000 0.005314 0.001699 31.96
6003113 40000 0.004405 0.001589 36.08
