6001113 0.4 0.1833 0.04904 26.76
6001113 1.6 0.2723 0.02015 7.4
6001113 1.2 0.2627 0.02429 9.248
6001113 2 0.2779 0.01768 6.363
6001113 4 0.287 0.01399 4.876
6001113 8 0.2404 0.0442 18.39
6001113 12 0.138 0.07277 52.72
6001113 16 0.08464 0.0601 71.01
6001113 20 0.05997 0.04772 79.57
6001113 40 0.02837 0.02577 90.83
6002113 4 0.2747 0.05751 20.94
6002113 16 0.2853 0.02196 7.698
6002113 12 0.3016 0.02802 9.288
6002113 20 0.2685 0.01817 6.767
6002113 40 0.2037 0.01114 5.469
6002113 80 0.1309 0.01281 9.788
6002113 120 0.08977 0.0193 21.5
6002113 160 0.06765 0.02132 31.51
6002113 200 0.05515 0.02122 38.48
6002113 400 0.03407 0.01805 53
6003113 40 0.2214 0.06421 29
6003113 160 0.09569 0.01358 14.19
6003113 120 0.1163 0.01838 15.8
6003113 200 0.08246 0.01093 13.25
6003113 400 0.05486 0.006436 11.73
6003113 800 0.03968 0.00568 14.31
6003113 1200 0.0335 0.005841 17.43
6003113 1600 0.03013 0.005927 19.67
6003113 2000 0.02804 0.005956 21.24
6003113 4000 0.02379 0.005922 24.89
