6001113 2 0.2013 0.02752 13.67
6001113 8 0.2259 0.009516 4.212
6001113 6 0.224 0.01167 5.21
6001113 10 0.2266 0.00823 3.632
6001113 20 0.2238 0.00625 2.792
6001113 40 0.2081 0.01623 7.798
6001113 60 0.179 0.04209 23.51
6001113 80 0.1517 0.05809 38.29
6001113 100 0.1324 0.06439 48.65
6001113 200 0.09354 0.06473 69.2
6002113 20 0.2219 0.03372 15.2
6002113 80 0.1878 0.01006 5.354
6002113 60 0.2009 0.01277 6.359
6002113 100 0.1758 0.008434 4.798
6002113 200 0.1343 0.005401 4.021
6002113 400 0.1281 0.03137 24.49
6002113 600 0.1981 0.1225 61.81
6002113 800 0.2738 0.2157 78.78
6002113 1000 0.3318 0.2887 87.02
6002113 2000 0.4616 0.4622 100.1
6003113 200 0.09896 0.02538 25.64
6003113 800 0.06381 0.008243 12.92
6003113 600 0.07219 0.01046 14.49
6003113 1000 0.05729 0.006888 12.02
6003113 2000 0.03942 0.004172 10.58
6003113 4000 0.03043 0.005069 16.66
6003113 6000 0.02898 0.007511 25.92
6003113 8000 0.02868 0.009177 32
6003113 10000 0.02861 0.01027 35.89
6003113 20000 0.02862 0.01253 43.77
