6001113 3.5 0.355 0.03395 9.564
6001113 14 0.3945 0.0117 2.965
6001113 10.5 0.3986 0.01458 3.658
6001113 17.5 0.3869 0.009911 2.562
6001113 35 0.3413 0.006753 1.979
6001113 70 0.2707 0.01082 3.997
6001113 105 0.2314 0.02146 9.274
6001113 140 0.2098 0.03002 14.31
6001113 175 0.1968 0.0359 18.24
6001113 350 0.172 0.04809 27.95
6002113 35 0.316 0.0351 11.11
6002113 140 0.1832 0.008111 4.428
6002113 105 0.2111 0.01093 5.177
6002113 175 0.162 0.006462 3.99
6002113 350 0.1027 0.003444 3.352
6002113 700 0.06133 0.003341 5.448
6002113 1050 0.04447 0.00462 10.39
6002113 1400 0.03556 0.005434 15.28
6002113 1750 0.03031 0.005808 19.17
6002113 3500 0.02067 0.005947 28.78
6003113 350 0.09441 0.02158 22.85
6003113 1400 0.03466 0.003975 11.47
6003113 1050 0.04183 0.005352 12.79
6003113 1750 0.03022 0.003218 10.65
6003113 3500 0.02085 0.001949 9.349
6003113 7000 0.015 0.001906 12.71
6003113 10500 0.01216 0.002135 17.56
6003113 14000 0.01047 0.00225 21.5
6003113 17500 0.009379 0.0023 24.52
6003113 35000 0.00716 0.002304 32.18
