6001113 5 0.0002992 0.0002743 91.68
6001113 25 0.002221 0.0009585 43.16
6001113 16.667 0.002005 0.001026 51.17
6001113 50 0.002076 0.0007506 36.16
6001113 100 0.00216 0.001098 50.86
6001113 150 0.002187 0.001364 62.35
6001113 500 0.002033 0.001569 77.2
6001113 1500 0.001933 0.001559 80.68
6002113 50 1.211e-05 8.717e-06 71.96
6002113 250 0.001398 0.00095 67.97
6002113 166.67 0.001073 0.0007323 68.22
6002113 500 0.001187 0.0008044 67.79
6002113 1000 0.0006452 0.0004394 68.1
6002113 1500 0.0003824 0.0002707 70.8
6002113 5000 0.0001004 8.704e-05 86.65
6002113 15000 6.033e-05 5.577e-05 92.44
6003113 500 2.356e-05 2.357e-05 100
6003113 2500 0.003273 0.002563 78.3
6003113 1666.7 0.002271 0.001899 83.62
6003113 5000 0.003238 0.002381 73.55
6003113 10000 0.002253 0.001622 71.98
6003113 15000 0.001807 0.001296 71.71
6003113 50000 0.001191 0.0008537 71.71
6003113 1.5e+05 0.001031 0.0007404 71.81
