6001113 4 0.4637 0.04389 9.464
6001113 16 0.4604 0.0133 2.888
6001113 12 0.4676 0.01675 3.583
6001113 20 0.4537 0.01127 2.483
6001113 40 0.4254 0.00806 1.895
6001113 80 0.3817 0.01881 4.927
6001113 120 0.3664 0.05286 14.43
6001113 160 0.3657 0.08702 23.8
6001113 200 0.3692 0.1143 30.97
6001113 400 0.3868 0.1839 47.55
6002113 40 0.4796 0.05087 10.61
6002113 160 0.2973 0.01111 3.736
6002113 120 0.333 0.01475 4.431
6002113 200 0.2697 0.009002 3.337
6002113 400 0.1888 0.005205 2.757
6002113 800 0.1218 0.006159 5.055
6002113 1200 0.08971 0.01164 12.98
6002113 1600 0.07151 0.01528 21.37
6002113 2000 0.06057 0.01697 28.01
6002113 4000 0.04072 0.01787 43.88
6003113 400 0.1889 0.03289 17.41
6003113 1600 0.08134 0.007558 9.291
6003113 1200 0.09812 0.01017 10.37
6003113 2000 0.07066 0.006066 8.585
6003113 4000 0.04793 0.003521 7.346
6003113 8000 0.03346 0.003025 9.041
6003113 12000 0.02664 0.003191 11.98
6003113 16000 0.02277 0.00332 14.58
6003113 20000 0.02037 0.003384 16.61
6003113 40000 0.01563 0.00341 21.82
