6001113 1 0.3109 0.03488 11.22
6001113 4 0.3435 0.01117 3.253
6001113 3 0.3388 0.01384 4.084
6001113 5 0.3449 0.009606 2.785
6001113 10 0.3348 0.007084 2.116
6001113 20 0.3059 0.01221 3.993
6001113 30 0.2845 0.02154 7.572
6001113 40 0.2695 0.02899 10.76
6001113 50 0.2589 0.03431 13.25
6001113 100 0.2337 0.04606 19.71
6002113 10 0.3432 0.03724 10.85
6002113 40 0.2571 0.009935 3.864
6002113 30 0.2816 0.01306 4.638
6002113 50 0.2366 0.008107 3.427
6002113 100 0.1685 0.004758 2.825
6002113 200 0.1081 0.004355 4.03
6002113 300 0.08321 0.004997 6.005
6002113 400 0.07072 0.0054 7.636
6002113 500 0.06344 0.005621 8.861
6002113 1000 0.04981 0.005921 11.89
6003113 100 0.1242 0.02324 18.72
6003113 400 0.05694 0.005087 8.933
6003113 300 0.06672 0.006762 10.14
6003113 500 0.05045 0.004153 8.231
6003113 1000 0.03479 0.002509 7.211
6003113 2000 0.02425 0.002353 9.705
6003113 3000 0.01983 0.002581 13.02
6003113 4000 0.01744 0.002698 15.47
6003113 5000 0.01598 0.002752 17.22
6003113 10000 0.01308 0.00279 21.33
