6001113 3.5 0.6166 0.07312 11.86
6001113 14 0.6407 0.02354 3.674
6001113 10.5 0.6431 0.0295 4.587
6001113 17.5 0.6369 0.02005 3.148
6001113 35 0.6062 0.01443 2.38
6001113 70 0.5221 0.03014 5.772
6001113 105 0.4627 0.06121 13.23
6001113 140 0.4306 0.08337 19.36
6001113 175 0.4124 0.09792 23.74
6001113 350 0.3814 0.1278 33.51
6002113 35 0.5861 0.07541 12.87
6002113 140 0.434 0.01859 4.284
6002113 105 0.4859 0.02521 5.188
6002113 175 0.3905 0.01469 3.762
6002113 350 0.2582 0.007792 3.018
6002113 700 0.1602 0.007662 4.781
6002113 1050 0.123 0.009677 7.869
6002113 1400 0.104 0.01111 10.69
6002113 1750 0.09265 0.01202 12.98
6002113 3500 0.07076 0.01362 19.25
6003113 350 0.2947 0.05333 18.09
6003113 1400 0.09044 0.008535 9.437
6003113 1050 0.1163 0.01248 10.72
6003113 1750 0.07497 0.006472 8.632
6003113 3500 0.04473 0.003289 7.351
6003113 7000 0.03003 0.002795 9.306
6003113 10500 0.02522 0.003138 12.44
6003113 14000 0.02287 0.003408 14.9
6003113 17500 0.02148 0.003588 16.7
6003113 35000 0.01878 0.003952 21.05
