6001113 0.4 0.0293 0.009829 33.55
6001113 1.6 0.0974 0.01047 10.75
6001113 1.2 0.08727 0.01195 13.69
6001113 2 0.1035 0.009401 9.08
6001113 4 0.1134 0.007783 6.864
6001113 8 0.1155 0.01508 13.06
6001113 12 0.1149 0.02456 21.38
6001113 16 0.1136 0.03064 26.98
6001113 20 0.1123 0.03448 30.72
6001113 40 0.1083 0.04205 38.82
6002113 4 0.1033 0.03635 35.19
6002113 16 0.08706 0.01092 12.54
6002113 12 0.09156 0.01422 15.53
6002113 20 0.0836 0.009071 10.85
6002113 40 0.06929 0.006029 8.701
6002113 80 0.07043 0.02535 35.99
6002113 120 0.1006 0.06991 69.46
6002113 160 0.1284 0.1071 83.4
6002113 200 0.1489 0.1342 90.1
6002113 400 0.1953 0.1963 100.5
6003113 40 0.03955 0.02428 61.39
6003113 160 0.02723 0.008412 30.89
6003113 120 0.02864 0.01018 35.55
6003113 200 0.02678 0.007443 27.79
6003113 400 0.0281 0.006072 21.61
6003113 800 0.02901 0.00709 24.44
6003113 1200 0.02803 0.007953 28.38
6003113 1600 0.02703 0.008396 31.06
6003113 2000 0.02625 0.008638 32.9
6003113 4000 0.02428 0.00901 37.11
