6001113 1 0.2844 0.04766 16.76
6001113 4 0.3336 0.01512 4.534
6001113 3 0.3244 0.01848 5.695
6001113 5 0.3384 0.01312 3.876
6001113 10 0.3382 0.009853 2.913
6001113 20 0.3086 0.01752 5.679
6001113 30 0.2802 0.02942 10.5
6001113 40 0.261 0.03741 14.33
6001113 50 0.2482 0.04243 17.1
6001113 100 0.2207 0.05185 23.49
6002113 10 0.3544 0.05465 15.42
6002113 40 0.2617 0.01317 5.033
6002113 30 0.2862 0.01747 6.102
6002113 50 0.2399 0.01067 4.446
6002113 100 0.1654 0.006036 3.65
6002113 200 0.09955 0.005373 5.398
6002113 300 0.07241 0.006249 8.63
6002113 400 0.05899 0.006665 11.3
6002113 500 0.05134 0.006802 13.25
6002113 1000 0.03752 0.006691 17.83
6003113 100 0.1392 0.03025 21.73
6003113 400 0.05509 0.0064 11.62
6003113 300 0.06792 0.008753 12.89
6003113 500 0.04711 0.005099 10.82
6003113 1000 0.03091 0.002919 9.444
6003113 2000 0.01779 0.003877 21.79
6003113 3000 0.007378 0.004127 55.93
6003113 4000 0.003643 0.002663 73.09
6003113 5000 0.002255 0.001823 80.88
6003113 10000 0.0008088 0.0007393 91.41
