6001113 0.8 0.129 0.02966 23
6001113 3.2 0.1479 0.009711 6.568
6001113 2.4 0.146 0.012 8.221
6001113 4 0.1482 0.00834 5.627
6001113 8 0.1418 0.006041 4.259
6001113 16 0.1194 0.009463 7.926
6001113 24 0.09737 0.01498 15.39
6001113 32 0.08262 0.01775 21.48
6001113 40 0.07318 0.01888 25.8
6001113 80 0.05466 0.01931 35.33
6002113 8 0.1342 0.0269 20.05
6002113 32 0.1078 0.008187 7.596
6002113 24 0.1146 0.01045 9.12
6002113 40 0.1012 0.006826 6.744
6002113 80 0.07448 0.00413 5.544
6002113 160 0.05074 0.005256 10.36
6002113 240 0.04319 0.008625 19.97
6002113 320 0.03996 0.01103 27.61
6002113 400 0.03823 0.01264 33.06
6002113 800 0.03517 0.01597 45.39
6003113 80 0.08482 0.02669 31.47
6003113 320 0.03725 0.006232 16.73
6003113 240 0.04266 0.008083 18.95
6003113 400 0.0342 0.005214 15.24
6003113 800 0.02936 0.003749 12.77
6003113 1600 0.02696 0.004658 17.28
6003113 2400 0.02499 0.00574 22.96
6003113 3200 0.02354 0.006356 27.01
6003113 4000 0.0225 0.006706 29.8
6003113 8000 0.0201 0.00726 36.12
