6001113 4 0.49 0.0638 13.02
6001113 16 0.5207 0.01972 3.786
6001113 12 0.5213 0.02469 4.736
6001113 20 0.5173 0.01685 3.258
6001113 40 0.4835 0.01202 2.487
6001113 80 0.4235 0.02176 5.139
6001113 120 0.3978 0.04149 10.43
6001113 160 0.3871 0.05711 14.75
6001113 200 0.3819 0.06831 17.89
6001113 400 0.3751 0.09427 25.13
6002113 40 0.3968 0.05391 13.59
6002113 160 0.305 0.01383 4.534
6002113 120 0.3359 0.01816 5.407
6002113 200 0.2792 0.01128 4.041
6002113 400 0.1941 0.00647 3.333
6002113 800 0.1213 0.006818 5.619
6002113 1200 0.09471 0.009471 10
6002113 1600 0.08245 0.01135 13.77
6002113 2000 0.07567 0.01259 16.64
6002113 4000 0.06371 0.01518 23.82
6003113 400 0.1806 0.03505 19.41
6003113 1600 0.06742 0.006962 10.33
6003113 1200 0.08287 0.009512 11.48
6003113 2000 0.05796 0.005575 9.618
6003113 4000 0.03863 0.003283 8.5
6003113 8000 0.02696 0.003061 11.36
6003113 12000 0.02114 0.0036 17.03
6003113 16000 0.01766 0.003985 22.57
6003113 20000 0.01546 0.004169 26.97
6003113 40000 0.0111 0.004207 37.9
