6001113 0.4 0.09278 0.02706 29.17
6001113 1.6 0.1017 0.008667 8.524
6001113 1.2 0.09833 0.01079 10.97
6001113 2 0.1042 0.007534 7.23
6001113 4 0.1104 0.006039 5.472
6001113 8 0.105 0.008941 8.514
6001113 12 0.09317 0.01238 13.29
6001113 16 0.08383 0.0147 17.54
6001113 20 0.07722 0.01612 20.87
6001113 40 0.06254 0.01832 29.3
6002113 4 0.08087 0.02573 31.81
6002113 16 0.1007 0.009382 9.317
6002113 12 0.1009 0.01138 11.28
6002113 20 0.09786 0.008088 8.265
6002113 40 0.07946 0.005438 6.844
6002113 80 0.07271 0.01341 18.45
6002113 120 0.08574 0.03225 37.61
6002113 160 0.0999 0.04935 49.4
6002113 200 0.1117 0.06292 56.35
6002113 400 0.1436 0.09887 68.84
6003113 40 0.07217 0.02618 36.28
6003113 160 0.05523 0.0104 18.82
6003113 120 0.06216 0.01302 20.95
6003113 200 0.05037 0.008747 17.37
6003113 400 0.03853 0.005827 15.12
6003113 800 0.02758 0.005196 18.84
6003113 1200 0.02211 0.004908 22.2
6003113 1600 0.01914 0.004677 24.43
6003113 2000 0.01734 0.004506 25.98
6003113 4000 0.01381 0.004088 29.61
