6001113 0.8 0.3402 0.05113 15.03
6001113 3.2 0.423 0.02004 4.737
6001113 2.4 0.4167 0.02484 5.962
6001113 4 0.4243 0.01714 4.04
6001113 8 0.4145 0.0125 3.015
6001113 16 0.3965 0.02995 7.554
6001113 24 0.3857 0.07062 18.31
6001113 32 0.3807 0.1042 27.38
6001113 40 0.3783 0.1279 33.8
6001113 80 0.376 0.1792 47.66
6002113 8 0.4803 0.06853 14.27
6002113 32 0.3758 0.01888 5.024
6002113 24 0.3987 0.02481 6.223
6002113 40 0.3552 0.01546 4.354
6002113 80 0.2741 0.00944 3.444
6002113 160 0.1886 0.01216 6.448
6002113 240 0.1525 0.01816 11.91
6002113 320 0.1346 0.02178 16.18
6002113 400 0.1244 0.0239 19.22
6002113 800 0.1055 0.02757 26.12
6003113 80 0.2575 0.0451 17.52
6003113 320 0.1175 0.01025 8.722
6003113 240 0.1431 0.01421 9.933
6003113 400 0.1006 0.008022 7.974
6003113 800 0.06339 0.004357 6.874
6003113 1600 0.04268 0.003842 9.002
6003113 2400 0.03526 0.004267 12.1
6003113 3200 0.03148 0.004574 14.53
6003113 4000 0.02923 0.004767 16.31
6003113 8000 0.0248 0.005117 20.63
