6001113 0.4 0.2295 0.04225 18.41
6001113 1.6 0.2849 0.01583 5.556
6001113 1.2 0.2763 0.01919 6.945
6001113 2 0.2899 0.01378 4.752
6001113 4 0.2958 0.01054 3.562
6001113 8 0.2738 0.01938 7.078
6001113 12 0.2449 0.03429 14
6001113 16 0.2253 0.0443 19.66
6001113 20 0.2126 0.05053 23.77
6001113 40 0.1871 0.0623 33.31
6002113 4 0.3518 0.06284 17.86
6002113 16 0.2688 0.01613 5.999
6002113 12 0.2897 0.02146 7.408
6002113 20 0.2517 0.01312 5.215
6002113 40 0.1913 0.008031 4.199
6002113 80 0.1224 0.01307 10.68
6002113 120 0.0779 0.02305 29.59
6002113 160 0.0542 0.02392 44.12
6002113 200 0.04161 0.02213 53.18
6002113 400 0.02249 0.01559 69.3
6003113 40 0.163 0.03941 24.19
6003113 160 0.08434 0.0101 11.98
6003113 120 0.09651 0.0131 13.58
6003113 200 0.07646 0.008369 10.95
6003113 400 0.05847 0.005378 9.197
6003113 800 0.04335 0.005586 12.88
6003113 1200 0.03401 0.006925 20.36
6003113 1600 0.02838 0.007642 26.93
6003113 2000 0.02487 0.00791 31.81
6003113 4000 0.0181 0.007802 43.1
