6001113 5 6.157e-06 5.048e-06 81.98
6001113 25 0.001619 0.0008861 54.74
6001113 16.667 0.001084 0.0006443 59.42
6001113 50 0.00158 0.000793 50.2
6001113 100 0.0009554 0.0004636 48.53
6001113 150 0.0006518 0.0003191 48.96
6001113 500 0.0002726 0.0001469 53.9
6001113 1500 0.0001962 0.0001108 56.46
6002113 50 0.02263 0.01435 63.43
6002113 250 0.008859 0.004092 46.2
6002113 166.67 0.01281 0.00629 49.11
6002113 500 0.004292 0.001929 44.96
6002113 1000 0.00212 0.000974 45.95
6002113 1500 0.00147 0.0006971 47.41
6002113 5000 0.0007006 0.0003869 55.22
6002113 15000 0.0005304 0.0003164 59.65
