6001113 4 0.1435 0.02466 17.18
6001113 16 0.1549 0.008952 5.778
6001113 12 0.1602 0.01134 7.08
6001113 20 0.1496 0.007488 5.006
6001113 40 0.1276 0.004989 3.909
6001113 80 0.1037 0.008639 8.331
6001113 120 0.09381 0.01583 16.88
6001113 160 0.08903 0.02102 23.62
6001113 200 0.08629 0.02449 28.39
6001113 400 0.08118 0.03171 39.07
6002113 40 0.1173 0.02371 20.21
6002113 160 0.07044 0.006048 8.586
6002113 120 0.08183 0.008196 10.02
6002113 200 0.06234 0.004809 7.715
6002113 400 0.04234 0.002733 6.454
6002113 800 0.02889 0.002887 9.993
6002113 1200 0.0215 0.004352 20.24
6002113 1600 0.01677 0.005266 31.4
6002113 2000 0.01381 0.005515 39.95
6002113 4000 0.008383 0.004911 58.58
6003113 400 0.07231 0.02397 33.15
6003113 1600 0.0209 0.004419 21.15
6003113 1200 0.02556 0.005924 23.18
6003113 2000 0.01832 0.003621 19.77
6003113 4000 0.01356 0.002382 17.56
6003113 8000 0.01034 0.002337 22.6
6003113 12000 0.008641 0.002483 28.73
6003113 16000 0.00767 0.00253 32.99
6003113 20000 0.007068 0.002536 35.88
6003113 40000 0.005866 0.00248 42.29
