6001113 1 0.4408 0.04165 9.449
6001113 4 0.5198 0.0147 2.827
6001113 3 0.5134 0.01815 3.536
6001113 5 0.5221 0.01262 2.417
6001113 10 0.5153 0.009381 1.821
6001113 20 0.4885 0.02351 4.813
6001113 30 0.482 0.05811 12.06
6001113 40 0.4838 0.08795 18.18
6001113 50 0.4871 0.1098 22.54
6001113 100 0.4974 0.16 32.17
6002113 10 0.5335 0.05096 9.552
6002113 40 0.4475 0.01381 3.086
6002113 30 0.4743 0.01783 3.759
6002113 50 0.4229 0.01145 2.708
6002113 100 0.3254 0.00708 2.176
6002113 200 0.2218 0.00794 3.579
6002113 300 0.1747 0.01086 6.216
6002113 400 0.1501 0.01264 8.421
6002113 500 0.1356 0.01363 10.06
6002113 1000 0.108 0.01509 13.98
6003113 100 0.2926 0.03787 12.94
6003113 400 0.1301 0.007886 6.063
6003113 300 0.1552 0.01067 6.876
6003113 500 0.1138 0.006333 5.567
6003113 1000 0.07744 0.003692 4.768
6003113 2000 0.05368 0.003384 6.305
6003113 3000 0.04336 0.00384 8.857
6003113 4000 0.03774 0.004123 10.92
6003113 5000 0.03431 0.00427 12.45
6003113 10000 0.02752 0.004432 16.1
