6001113 0.8 0.1161 0.0207 17.83
6001113 3.2 0.1425 0.007336 5.148
6001113 2.4 0.1396 0.008944 6.408
6001113 4 0.1441 0.006373 4.422
6001113 8 0.1455 0.004885 3.357
6001113 16 0.1398 0.00749 5.359
6001113 24 0.134 0.01111 8.289
6001113 32 0.1299 0.01372 10.56
6001113 40 0.1271 0.01553 12.22
6001113 80 0.1206 0.01955 16.22
6002113 8 0.1446 0.02829 19.57
6002113 32 0.1174 0.007154 6.091
6002113 24 0.125 0.009215 7.374
6002113 40 0.111 0.005959 5.368
6002113 80 0.08638 0.003797 4.395
6002113 160 0.05465 0.00365 6.678
6002113 240 0.03626 0.004856 13.39
6002113 320 0.02654 0.005225 19.69
6002113 400 0.02115 0.005122 24.22
6002113 800 0.01234 0.004184 33.92
6003113 80 0.06142 0.01757 28.6
6003113 320 0.03919 0.005353 13.66
6003113 240 0.04355 0.006892 15.83
6003113 400 0.03596 0.004478 12.45
6003113 800 0.02622 0.002862 10.92
6003113 1600 0.01659 0.002045 12.33
6003113 2400 0.01194 0.001745 14.61
6003113 3200 0.009539 0.001581 16.57
6003113 4000 0.00815 0.001471 18.05
6003113 8000 0.005649 0.001219 21.58
