6001113 2 0.005754 0.003146 54.67
6001113 8 0.01196 0.001925 16.09
6001113 6 0.01099 0.002164 19.7
6001113 10 0.01245 0.001747 14.03
6001113 20 0.01291 0.001397 10.82
6001113 40 0.009829 0.001547 15.74
6001113 60 0.005787 0.001897 32.78
6001113 80 0.003527 0.001746 49.49
6001113 100 0.002418 0.00145 59.97
6001113 200 0.0009863 0.0007633 77.39
6002113 20 0.006491 0.003172 48.87
6002113 80 0.009459 0.001979 20.92
6002113 60 0.009557 0.002365 24.74
6002113 100 0.009181 0.001725 18.79
6002113 200 0.007392 0.001193 16.13
6002113 400 0.004832 0.000893 18.48
6002113 600 0.003491 0.0007437 21.31
6002113 800 0.002767 0.0006576 23.76
6002113 1000 0.002341 0.0006025 25.74
6002113 2000 0.001564 0.0004833 30.9
6003113 200 0.0003684 0.0003463 94.01
6003113 800 0.001251 0.0009908 79.21
6003113 600 0.001254 0.001076 85.74
6003113 1000 0.001261 0.0008914 70.7
6003113 2000 0.001554 0.0009056 58.27
6003113 4000 0.001687 0.001189 70.47
6003113 6000 0.001599 0.0012 75.06
6003113 8000 0.001517 0.001171 77.22
6003113 10000 0.001455 0.001142 78.47
6003113 20000 0.001308 0.001058 80.87
