6001113 0.4 0.2106 0.02865 13.6
6001113 1.6 0.2918 0.01203 4.121
6001113 1.2 0.2815 0.0146 5.184
6001113 2 0.2966 0.01043 3.518
6001113 4 0.2957 0.007832 2.649
6001113 8 0.2668 0.01919 7.194
6001113 12 0.2337 0.04417 18.9
6001113 16 0.2096 0.06031 28.77
6001113 20 0.1936 0.06903 35.65
6001113 40 0.1609 0.08059 50.1
6002113 4 0.2702 0.04229 15.65
6002113 16 0.2447 0.01134 4.634
6002113 12 0.2576 0.01445 5.611
6002113 20 0.2316 0.009482 4.095
6002113 40 0.1778 0.00592 3.33
6002113 80 0.1223 0.006197 5.065
6002113 120 0.09864 0.008363 8.479
6002113 160 0.08671 0.009996 11.53
6002113 200 0.07979 0.01109 13.9
6002113 400 0.06693 0.01336 19.96
6003113 40 0.2232 0.03917 17.55
6003113 160 0.09657 0.009116 9.439
6003113 120 0.1161 0.01219 10.5
6003113 200 0.08423 0.007334 8.707
6003113 400 0.05797 0.004276 7.376
6003113 800 0.03714 0.00364 9.8
6003113 1200 0.02503 0.003879 15.5
6003113 1600 0.01848 0.003849 20.83
6003113 2000 0.01481 0.003657 24.7
6003113 4000 0.008729 0.002887 33.07
