6001113 2 0.0167 0.01075 64.37
6001113 8 0.01348 0.002411 17.88
6001113 6 0.0128 0.003115 24.33
6001113 10 0.01401 0.002077 14.83
6001113 20 0.0148 0.001671 11.29
6001113 40 0.0156 0.003774 24.19
6001113 60 0.01641 0.006592 40.17
6001113 80 0.01677 0.008314 49.58
6001113 100 0.0169 0.009336 55.25
6001113 200 0.01685 0.01112 65.96
6002113 20 0.03666 0.0173 47.18
6002113 80 0.01081 0.002691 24.9
6002113 60 0.01403 0.00392 27.95
6002113 100 0.008791 0.002015 22.92
6002113 200 0.004641 0.0009092 19.59
6002113 400 0.002638 0.0005922 22.45
6002113 600 0.002027 0.0005434 26.81
6002113 800 0.001742 0.0005246 30.11
6002113 1000 0.00158 0.000513 32.48
6002113 2000 0.001278 0.000486 38.03
6003113 200 0.0004172 0.0004198 100.6
6003113 800 0.001919 0.001922 100.1
6003113 600 0.001854 0.001857 100.2
6003113 1000 0.001876 0.001878 100.1
6003113 2000 0.001432 0.001433 100.1
6003113 4000 0.000909 0.0009103 100.1
6003113 6000 0.000699 0.0007008 100.3
6003113 8000 0.0005957 0.0005978 100.4
6003113 10000 0.0005359 0.0005382 100.4
6003113 20000 0.0004238 0.0004265 100.6
