6001113 0.4 0.1375 0.05222 37.98
6001113 1.6 0.2227 0.01372 6.16
6001113 1.2 0.2045 0.0163 7.969
6001113 2 0.2338 0.0122 5.216
6001113 4 0.2538 0.009908 3.904
6001113 8 0.2545 0.01759 6.913
6001113 12 0.2393 0.02878 12.03
6001113 16 0.2242 0.03712 16.56
6001113 20 0.2124 0.04267 20.09
6001113 40 0.183 0.05308 29
6002113 4 0.2801 0.05199 18.56
6002113 16 0.2586 0.01714 6.629
6002113 12 0.2746 0.02208 8.039
6002113 20 0.2442 0.01421 5.82
6002113 40 0.1969 0.009175 4.66
6002113 80 0.1566 0.01112 7.104
6002113 120 0.1372 0.0153 11.15
6002113 160 0.1258 0.01812 14.4
6002113 200 0.1185 0.0199 16.8
6002113 400 0.1028 0.0232 22.56
6003113 40 0.1216 0.03469 28.52
6003113 160 0.09709 0.01271 13.09
6003113 120 0.1052 0.01568 14.9
6003113 200 0.09082 0.01092 12.02
6003113 400 0.07394 0.007652 10.35
6003113 800 0.06394 0.01047 16.38
6003113 1200 0.06222 0.01661 26.7
6003113 1600 0.06214 0.02127 34.23
6003113 2000 0.0624 0.02454 39.33
6003113 4000 0.06362 0.03199 50.28
