   94.1301    10.1214     1.2056
   90.2483     9.1009     0.3407
   92.2880    11.4961     0.2478
   86.1216    10.3295     0.2603
   79.6327     8.2960     0.0536
   90.8845     9.6662     0.2603
   88.8488     9.2588     0.0698
   82.9293    10.7593     0.0090
  119.0082    12.6539     0.0263
   95.4556     8.5173     0.0039
   92.8099     8.2953     0.0263
   90.3065     9.4004     0.0505
   88.2814     9.5119     0.0039
   96.7744    15.0506     0.0611
   91.1420    11.2886     0.0138
   90.1227     9.0378     0.0505
   86.5010     8.4390     0.0505
   84.5643     9.7885     0.0179
   93.0397     8.1665     0.0080
   91.8670     9.1444     0.0133
   84.0049     8.5536     0.0164
   91.9097     8.8961     0.0100
   92.2172     8.2693     0.0009
   89.2381    14.9567     0.0021
   83.8257     9.2152     0.0085
   87.1473     9.8588     0.0100
   97.7673     8.4489     0.0037
  761.8727     8.4538     0.0164
   89.9316    11.6326     0.0014
   94.8597     9.4659     0.0164
   93.4849     8.9395     0.0171
  343.3345     8.5774     0.0133
  100.0417     8.4278     0.0013
   91.3890    10.5305     0.0013
   80.8571     8.8054     0.0067
   94.3195    11.4001     0.0067
   93.6701     8.0320     0.0019
   88.3832     8.3527     0.0004
   26.4414     9.1443     0.0008
   73.0061    14.0351     0.0004
   89.8061     8.9544     0.0053
   91.0391    15.9192     0.0013
  147.4663    11.4186     0.0070
   92.9708    12.8272     0.0067
   92.8915    11.5576     0.0013
  381.2674     8.6868     0.0028
   91.3834     9.8173     0.0008
   91.1341    13.7135     0.0014
   91.2155     9.5546     0.0005
   93.0338     9.4574     0.0070
   92.3362    10.5019     0.0028
   89.4289    10.4451     0.0064
  184.8674     9.9057     0.0014
   94.9448     9.6411     0.0004
   93.1973     8.1763     0.0053
   90.5849     8.4596     0.0053
   92.4675    11.1914     0.0004
   90.9393    11.7112     0.0013
   90.3135    13.7348     0.0039
   29.7432    17.2340     0.0094
   92.1147     8.3984     0.0050
