   90.8042     2.5442     3.6329
   85.4749     2.3434     0.5676
   89.8529     2.3807     0.5676
   91.2496     2.9312     3.9338
   91.5436     2.6533     3.2460
   95.9573     2.8387     2.3767
   92.7339     2.0717     3.6189
   92.7550     2.4634     3.9338
   89.7359     3.6365     0.1264
   93.0551     2.1196     0.5676
   91.1965     2.3228     3.4252
   88.3684     3.5504     3.4252
   92.4065     2.6231     0.1264
   89.6477     2.0387     3.6189
   87.8460     2.0447     3.9338
   91.3212     3.0773     3.2894
   95.5021     2.3542     3.4252
  101.2966     2.6561     3.9338
   93.1499     2.3850     5.2248
   96.3946     3.6425     3.5710
   85.1223     2.3626     0.4746
   91.5365     2.1045     0.0829
   18.6847     3.7427     0.4746
   21.7691     2.1731     0.5776
   85.4975     3.9981     0.4995
   90.3862     2.6595     0.3611
   83.9318     2.1641     0.0197
   32.3388     2.3986     0.4616
   85.1725     2.0717     0.5115
   31.9562     2.1607     0.5115
   93.0208     2.4907     0.1556
   88.1387     2.3151     0.1636
   89.3392     2.4292     0.1344
   23.5184     2.8774     0.2061
   90.9341     2.1131     0.0055
   49.9789     2.9042     0.0223
   88.7789     2.2062     0.1636
   86.1816     2.3065     0.1266
   94.6637     2.0257     0.1344
   94.6983     2.1909     0.1571
   86.4987     2.0996     0.1389
   37.3928     2.1769     0.1573
  110.1848     2.1034     0.0441
   91.4154     2.2067     0.0380
   97.3738     2.4558     0.0015
   90.8799     2.0692     0.0375
   94.3253     2.4527     0.0380
   90.4056     2.3302     0.0414
   93.1661     2.2042     0.0171
   86.5519     2.2423     0.0015
   91.1294     2.3046     0.0365
   91.0339     2.1102     0.0380
   90.8012     2.1810     0.0414
   91.6528     2.0514     0.0356
   92.2214     2.4754     0.0061
   98.5833     2.7442     0.0061
   79.8279     2.6141     0.0409
   91.9578     2.1172     0.0267
   34.9467     2.0589     0.0336
   90.0610     2.0622     0.0336
   86.1579     3.1142     0.0405
   91.3497     2.4234     0.0537
   91.2134     2.0539     0.0267
   89.9609     2.0221     0.0405
   93.0761     3.1999     0.0414
   91.1800     2.2057     0.0171
   97.9988     2.2319     0.0365
   92.5404     2.0651     0.0415
   87.3374     2.2691     0.0061
   73.6198     2.1270     0.0171
   86.3248     2.6227     0.0365
   95.0192     2.4542     0.0405
   88.2004     2.6736     0.0375
   20.1480     2.1234     0.0375
   88.7410     2.0654     0.0096
   91.7286     2.0522     0.0121
   93.1876     2.3812     0.0091
   49.8169     2.1411     0.0091
   88.1800     3.3574     0.0111
   89.8828     2.0556     0.0136
   81.4349     4.0681     0.0101
   95.3762     2.1912     0.0101
   85.1515     2.2738     0.0071
   92.4496     2.3058     0.0110
   89.2147     2.0189     0.0016
   88.0523     2.6754     0.0004
   88.3275     3.1628     0.0071
   94.7146     2.7080     0.0101
   48.1602     2.1073     0.0045
   95.1339     2.1625     0.0091
   88.8398     2.0655     0.0016
   82.5003     2.8059     0.0113
   87.0770     4.4042     0.0113
   90.9421     2.1945     0.0096
   90.6955     2.1202     0.0096
   89.6342     3.4098     0.0016
  103.9767     2.2666     0.0101
   91.1406     2.2334     0.0101
  102.0507     2.0314     0.0045
   90.6740     2.4920     0.0091
   91.9954     2.0923     0.0119
   92.4407     2.5215     0.0090
  113.3957     2.0041     0.0136
   74.2812     2.0925     0.0113
   89.1323     2.1343     0.0004
   93.6655     2.0525     0.0101
   91.9265     2.8939     0.0016
   91.4134     3.1052     0.0121
  124.8405     4.3188     0.0101
   88.9939     2.3456     0.0119
   89.0367     2.0210     0.0091
   89.8613     2.1376     0.0097
   90.7769     2.0403     0.0121
   85.7082     2.3683     0.0091
   84.8689     2.7854     0.0110
   88.5433     2.0263     0.0097
   93.2449     3.3524     0.0110
   92.5778     3.0769     0.0096
   93.2659     2.0801     0.0113
   88.3329     2.0631     0.0045
  155.5342     2.8161     0.0113
   37.9373     2.0205     0.0004
   87.4766     2.3907     0.0046
   94.3040     2.0927     0.0043
  121.6128     2.7173     0.0002
   91.6179     2.9826     0.0006
   38.2425     3.7806     0.0039
   86.5131     2.9139     0.0002
   86.7830     2.2519     0.0002
   93.7331     2.0308     0.0037
  348.6721     4.5503     0.0046
   88.6170     2.1002     0.0133
   91.6077     2.1126     0.0018
   85.8060     2.3523     0.0042
   45.7843     2.9849     0.0043
  171.0993     2.3720     0.0037
   87.4243     2.1699     0.0006
   40.0621     2.0698     0.0039
   94.4958     2.4646     0.0037
   91.1026     2.0140     0.0037
   88.9797     2.0654     0.0044
   93.1309     2.0605     0.0002
   97.7722     2.0307     0.0037
   84.7009     3.0014     0.0046
   94.1078     2.1041     0.0002
  102.6340     2.1427     0.0006
  104.3691     2.1399     0.0044
   88.6026     2.0875     0.0035
   97.4732     2.0350     0.0039
   87.5843     2.6635     0.0044
   91.4588     2.1908     0.0039
   92.4767     2.1191     0.0039
  156.5729     2.7010     0.0002
   37.0538     7.8740     0.0046
   89.0184     2.4873     0.0035
   45.4892     9.1192     0.0042
   93.6086     2.1494     0.0037
   90.6986     3.0868     0.0043
   88.3957     2.9964     0.0027
   94.1522     2.0292     0.0002
   91.9529     3.0712     0.0039
   91.6642     2.9960     0.0002
   97.1576     2.3311     0.0046
   94.1155     2.1365     0.0037
   92.0340     2.0012     0.0042
   48.2669     2.5228     0.0018
   87.3323     2.5585     0.0037
   80.4767     2.0115     0.0046
   79.3518     2.9332     0.0006
   93.2031     2.0890     0.0035
   87.8374     2.5724     0.0002
   89.9720     2.2006     0.0027
   93.3484     2.0681     0.0046
   90.1828     2.2425     0.0046
  102.0892     2.1613     0.0037
   82.4543     2.0490     0.0027
   92.0411     2.0738     0.0002
   92.0049     2.2650     0.0042
   90.6431     2.1060     0.0035
   84.3859     2.3073     0.0039
   90.6020     2.2543     0.0035
   96.7295     2.1315     0.0018
   90.1444     3.6477     0.0039
   95.4203     2.4726     0.0002
   88.9807     2.0870     0.0039
  101.0531     2.4106     0.0044
  130.0674     2.7029     0.0027
   91.5195     2.3144     0.0046
   88.6647     2.4890     0.0018
   82.3521     2.0894     0.0035
  118.0228     2.0317     0.0046
   61.3874     2.1456     0.0035
   84.2593     2.2875     0.0042
   90.7278     2.9165     0.0006
   86.9673     2.2531     0.0046
   89.0784     2.1744     0.0006
   94.0884     2.1119     0.0039
   92.9008     2.1114     0.0037
   72.7810     2.5351     0.0044
   79.5859     2.0124     0.0046
   87.7100     2.0366     0.0046
   89.8632     3.1644     0.0114
   88.8228     2.4856     0.0002
   89.5198     2.0655     0.0039
   95.1650     2.1700     0.0101
   80.3350     2.3335     0.0039
   90.5306     2.2693     0.0061
   41.9675     4.6467     0.0001
   19.4322     4.0816     0.0009
