  217.8476    26.6930     0.0395
 2912.6525     8.6626     0.0000
   92.3556    18.2805     4.5693
   88.6844     8.5183     3.6206
  124.8833    52.7914     4.3806
   94.1301    10.1214     0.9880
   88.3609     8.3175     0.1651
  130.3547    10.7689     0.9880
   90.2483     9.1009     0.2792
   92.6858    12.4610     4.8007
   89.0157    11.5813     0.0391
   90.3444     9.3737     0.0441
   95.1803     8.4967     0.5723
  116.3332     8.4738     0.3571
   71.4229    11.1730     0.0167
   90.8858    10.0519     0.2031
   95.4265     8.4946     0.0572
   86.2771     8.1242     0.1947
  100.6386     8.9157     0.1004
   92.2880    11.4961     0.2031
   27.9964     8.3285     0.0033
   90.8927    10.5484     0.1947
   89.0927    12.2762     0.0124
   86.1216    10.3295     0.2134
   84.7366     8.2339     0.0111
   92.8959     9.3874     0.2134
   91.7041     8.6127     0.0838
   92.9850    10.5663     0.0572
   83.7773    10.6933     0.0381
   86.4243     8.6407     0.2134
   91.9486     8.4057     0.0381
   90.9312    10.7464     0.1947
   91.6433     9.7576     0.0254
   42.7031     8.2601     0.0838
   92.6298     9.5282     0.1004
   14.2195     9.9647     0.0254
   79.6327     8.2960     0.0439
   89.5901    10.4954     0.2134
   92.6472    10.4961     0.0167
   90.0597     9.3834     0.1584
   90.1690     9.6688     0.0572
   94.6263    10.2409     0.1609
  143.1370    13.0985     0.0254
   90.8845     9.6662     0.2134
   88.8488     9.2588     0.0572
   19.7007     8.4422     0.0073
   91.3785     8.1676     0.0572
   76.5488     9.3172     0.1609
   90.9529    10.4479     0.1609
   87.0364     9.2496     0.0572
   94.1906     8.0132     0.2134
   90.8775     8.6914     0.2031
   47.8897    11.6862     0.2134
   88.3402     9.7403     0.1609
   87.3881    12.0470     0.1947
   93.1935     9.1797     0.0124
   82.9293    10.7593     0.0073
   62.9803     8.0678     0.0111
   83.5424     8.2882     0.2134
   91.5812    10.0387     0.0838
   97.0808     9.0229     0.0049
   93.0725     8.0484     0.0500
   91.7136    11.2472     0.0407
   87.6459     8.0598     0.0028
   91.2316     8.7666     0.0098
   92.3808    11.7156     0.0407
   90.0192    12.6351     0.0407
   71.9956     8.0705     0.0113
  119.0082    12.6539     0.0215
   92.7442     8.6243     0.0258
   89.2504     9.8512     0.0032
   98.3791     8.1000     0.0305
   93.8285     9.1878     0.0305
   91.8837     8.4955     0.0500
   93.1096     9.8977     0.0407
   91.5521    10.7303     0.0019
   92.1504     8.4729     0.0258
   91.2526    13.3997     0.0032
   87.8834     8.2993     0.0522
   84.1105     9.7196     0.0019
   95.4556     8.5173     0.0032
  159.9654     9.0216     0.0414
   90.7465    10.0993     0.0407
   91.5480     8.2965     0.0147
   92.1067     9.2706     0.0147
   88.9601     8.2414     0.0522
   92.8099     8.2953     0.0215
   93.1437     8.2416     0.0147
   90.0012     8.1036     0.0548
   87.9679     8.1273     0.0500
   99.2878     8.4495     0.0113
   88.3567     8.5054     0.0113
   90.2084     8.8168     0.0147
   91.9572     8.9708     0.0065
   90.3065     9.4004     0.0414
   88.2814     9.5119     0.0032
   87.1109    13.5589     0.0019
   96.7744    15.0506     0.0500
   89.4158    10.0229     0.0258
   90.9150     8.9246     0.0147
   91.1420    11.2886     0.0113
   63.6018    10.6923     0.0065
   90.7881    11.9877     0.0098
   92.5196     8.9665     0.0065
   93.5425     8.4954     0.0147
   91.5732    11.0663     0.0414
   83.9129    12.6679     0.0407
   92.4513    10.2599     0.0147
   92.8539     8.1679     0.0414
   91.9971     8.7923     0.0147
   90.8356     8.0345     0.0407
   95.4444     9.5024     0.0215
   90.0249     8.7599     0.0065
   91.1353     9.2065     0.0407
   90.8374     9.0085     0.0407
   33.1581     8.9229     0.0548
   94.3563     8.3883     0.0414
   99.8245    11.6807     0.0414
   90.4821    10.2918     0.0500
   86.3976    13.6917     0.0113
   87.8774     9.3860     0.0032
   90.1227     9.0378     0.0414
   66.6929     8.2276     0.0019
   90.7419     8.6488     0.0500
   91.1638    11.3751     0.0215
   93.0909     8.4646     0.0258
   90.1875    11.8720     0.0414
   91.0446     9.3952     0.0098
   86.5010     8.4390     0.0414
   94.0290     9.9152     0.0028
   91.6456     8.9536     0.0500
   88.1502     9.1193     0.0407
   91.4550     8.5802     0.0548
   93.1377    11.5818     0.0548
   84.5643     9.7885     0.0147
   92.9709     9.6591     0.0147
   92.3647     8.3359     0.0065
   89.2390     9.5101     0.0043
   82.4417    12.7576     0.0147
   90.7243     9.0674     0.0147
   93.0397     8.1665     0.0065
   90.2434    10.6732     0.0407
   87.8811    16.8119     0.0414
   64.5646    14.2323     0.0522
   90.7759     8.8808     0.0032
  100.5417     8.3863     0.0215
   85.2707    13.9669     0.0522
   93.6242    10.6195     0.0028
   87.9169    10.0020     0.0522
   90.2480     8.6247     0.0522
   76.4411     8.3826     0.0134
   93.8864     8.2681     0.0018
   95.0121     8.2318     0.0069
  241.5053     8.1630     0.0009
   86.8430    32.6697     0.0030
   57.5592     9.3174     0.0058
   90.4715     9.5944     0.0147
   92.6991     8.3011     0.0030
   91.7025     8.8703     0.0030
   87.8088     8.5615     0.0026
   87.0950     8.6283     0.0002
   87.3545     9.0580     0.0111
   31.8668    10.5712     0.0009
   97.8157     8.1827     0.0058
   93.7744     8.8655     0.0069
   95.1278    11.4129     0.0040
   91.7617    11.9322     0.0009
   92.3129     8.2300     0.0147
   96.1344     9.4070     0.0069
  108.4565     8.1797     0.0040
  239.3324     8.8261     0.0109
   91.4306     8.6626     0.0069
   94.3603    27.1786     0.0111
   92.7240     8.1129     0.0069
   94.0781    10.2224     0.0111
   90.0548     8.6598     0.0109
   92.9365     9.9049     0.0008
   90.2481     9.2505     0.0082
   94.6716    19.5623     0.0082
   86.3544    16.2087     0.0030
   89.6994     8.1110     0.0147
   89.1813     8.6165     0.0009
   89.9124     8.4363     0.0140
   67.6255    11.8471     0.0018
   91.1531     8.7287     0.0109
   95.2074     8.1632     0.0082
   92.4349     9.9347     0.0026
   91.3859    10.0431     0.0082
   97.8152    11.5310     0.0001
   90.0636     9.2604     0.0018
   90.7683    10.0523     0.0109
   84.5572    10.2112     0.0134
  126.5700     8.1964     0.0134
   91.8670     9.1444     0.0109
  251.0110     8.1524     0.0109
   91.4961    11.4277     0.0030
   93.6621     8.2183     0.0040
   91.2322    10.4790     0.0140
   93.3556     8.5955     0.0082
   84.0049     8.5536     0.0134
   92.5337     8.4499     0.0009
   84.3562    10.3652     0.0009
   93.6828     9.0622     0.0040
   31.4109    12.2614     0.0140
   91.9097     8.8961     0.0082
   87.2400    10.5454     0.0140
   82.5278    10.4762     0.0134
   91.8378     8.0549     0.0009
   18.6210     9.0597     0.0069
   92.8471     8.5082     0.0018
  102.5381     8.9777     0.0109
  127.3306     8.8395     0.0026
   91.2421    10.0604     0.0008
   83.9846     9.3890     0.0030
   94.2874    13.3019     0.0109
   92.2172     8.2693     0.0008
   90.8143     8.8057     0.0134
   89.2381    14.9567     0.0018
   89.0968     8.9362     0.0018
   89.5188    12.1098     0.0147
   90.1205     9.5274     0.0134
   91.7938    10.3302     0.0134
   83.8257     9.2152     0.0069
   89.2212    10.1984     0.0134
   87.1473     9.8588     0.0082
   97.7673     8.4489     0.0030
  761.8727     8.4538     0.0134
   87.8285     8.8758     0.0012
   92.2346     8.9773     0.0018
   90.9489    10.0407     0.0026
   91.2307     8.2684     0.0012
   89.8780     8.4220     0.0040
   88.8410     8.3967     0.0009
   57.3792     9.9508     0.0082
   89.4255     8.4394     0.0058
  103.4438     8.8238     0.0069
  101.5579     8.3820     0.0069
   90.7585     9.3253     0.0109
   27.9708     8.5791     0.0111
   89.9316    11.6326     0.0012
   30.2027     8.3393     0.0147
   91.1540     9.6098     0.0109
   86.8856     8.3802     0.0058
  321.5776     8.6756     0.0005
   88.8311     8.2546     0.0140
   89.5988    12.4280     0.0147
   89.0704     8.7235     0.0111
   94.8597     9.4659     0.0134
   93.4849     8.9395     0.0140
   91.8405     9.4453     0.0140
   38.2125    10.8650     0.0147
   95.7115     8.4895     0.0040
   82.7092    10.0232     0.0058
   91.0711    12.9655     0.0147
  104.6176    14.1236     0.0134
  343.3345     8.5774     0.0109
   93.5151    10.7907     0.0109
   60.5303     8.1712     0.0082
   51.1598     8.5471     0.0040
   91.4295     8.2573     0.0140
   88.9965    13.1295     0.0012
  101.7729    10.0203     0.0082
   91.1468     8.2915     0.0111
   71.1920    13.9244     0.0030
  154.6894     9.4913     0.0009
   99.8701     8.6568     0.0009
   91.5990     8.0133     0.0001
   93.5022     8.4085     0.0109
  164.7256     9.1780     0.0069
   90.8582     9.7836     0.0043
  100.0417     8.4278     0.0010
   90.5749     8.7312     0.0032
  116.5950     8.1969     0.0043
   90.7276     8.7469     0.0055
   91.3890    10.5305     0.0010
   84.1430    10.4925     0.0012
   91.8509     8.7780     0.0015
   93.5890    10.3157     0.0003
   93.6417     8.1964     0.0053
   95.9653    12.3705     0.0010
   88.8811     8.0416     0.0015
   62.5395     8.5037     0.0053
   52.1770     9.8325     0.0053
   92.0325    11.9631     0.0043
   80.8571     8.8054     0.0055
   90.9462    10.6781     0.0053
   91.6682    10.5861     0.0010
   70.4916     9.1531     0.0007
   95.6914     8.6028     0.0053
   91.3545    10.7013     0.0003
   91.3787    10.6748     0.0012
   54.4094    10.6610     0.0003
   86.7464     8.0837     0.0032
   88.9500     8.9949     0.0058
   86.8763     8.9994     0.0043
   96.7576    10.1532     0.0001
   94.7606     8.3225     0.0043
   89.3290    10.7038     0.0003
   94.1876    17.0111     0.0055
   90.4970    11.2337     0.0055
  545.3297     8.1069     0.0003
   90.3573     8.1607     0.0012
   94.3195    11.4001     0.0055
   90.7104    12.9696     0.0003
   93.6701     8.0320     0.0015
   83.7490     8.9800     0.0043
   88.3832     8.3527     0.0003
   86.8261     8.2092     0.0043
  122.7460     8.0322     0.0010
   26.4414     9.1443     0.0007
  140.2360    10.2390     0.0043
   92.8971     8.9247     0.0010
   91.3897    11.5002     0.0043
   91.8039     8.2413     0.0043
   91.6753     8.0016     0.0007
   92.2358    10.0977     0.0055
  509.2275    11.6009     0.0003
   86.3808    10.7414     0.0012
   91.6978    17.7421     0.0023
   91.9354     8.0341     0.0007
   85.6968    14.2198     0.0015
   73.0061    14.0351     0.0003
   92.0830     9.2721     0.0032
   89.6660     8.0488     0.0043
   89.8061     8.9544     0.0043
   75.9798     9.7626     0.0058
   95.1785    10.8342     0.0003
   92.2453     9.1296     0.0058
   91.0391    15.9192     0.0010
   91.4717    12.7087     0.0055
   91.4229     9.0573     0.0058
   86.6990     9.7789     0.0004
   89.8972     9.4177     0.0055
  104.3013     8.1161     0.0010
   85.8904    10.7066     0.0007
  115.7822     9.7980     0.0043
   87.3589     8.5262     0.0010
   93.7440     9.2958     0.0004
   88.8733     8.1589     0.0023
   92.5386     8.1289     0.0058
   26.4341     8.3757     0.0058
   80.8393     8.5708     0.0007
   92.4927    11.1129     0.0003
   94.1961    10.5669     0.0002
   90.8412     8.9803     0.0043
   97.4338     8.1578     0.0010
   94.8850     9.1630     0.0015
   44.8742    14.2304     0.0053
   92.0942     9.4217     0.0002
  314.8167    10.6153     0.0032
  123.3726    10.9133     0.0010
   40.3428    10.5873     0.0055
   90.7546     9.6249     0.0012
   99.9075    11.7658     0.0012
   90.0426     9.1134     0.0053
   92.3817    11.0026     0.0027
   91.9775     8.2714     0.0055
   92.0941    10.0506     0.0007
   29.5373     8.4313     0.0053
   88.1290    10.0254     0.0002
  147.4663    11.4186     0.0058
   92.9708    12.8272     0.0055
   97.4787    11.5659     0.0027
   90.7915     9.1517     0.0032
  100.3434    11.4635     0.0010
   92.8915    11.5576     0.0010
   88.2923    10.1433     0.0053
   93.2058     8.7272     0.0002
   90.9402    10.7052     0.0004
  381.2674     8.6868     0.0023
   98.3208     8.7615     0.0010
   95.9726     8.3568     0.0043
   91.4771     8.3298     0.0007
   91.6606    10.4122     0.0043
   93.0282    10.2228     0.0058
  190.2049     9.1799     0.0027
   90.6596     8.0749     0.0023
   98.8257     9.8439     0.0032
   91.3834     9.8173     0.0007
   94.5846     8.2643     0.0055
   23.2872     9.9490     0.0027
   90.7922    11.0901     0.0007
   91.0186     9.6514     0.0003
   91.1341    13.7135     0.0012
   90.6767    11.5841     0.0007
  288.1012     9.4872     0.0023
   91.2155     9.5546     0.0004
   82.9609    11.5043     0.0043
   60.7785     8.2449     0.0058
  176.3974     8.5839     0.0003
   95.5231    11.5973     0.0001
   88.0841     8.8041     0.0043
   81.6288    10.4027     0.0053
   88.3121     8.2579     0.0007
   93.0338     9.4574     0.0058
   44.1317    14.1919     0.0032
   88.0346     8.2245     0.0043
   94.5135     8.5388     0.0053
   97.4344     8.8594     0.0023
   90.0269    10.2610     0.0032
   91.0273     8.4586     0.0012
   86.8306     8.1540     0.0027
   93.1748    17.0827     0.0023
   94.1762    12.0730     0.0032
  135.0763    12.0107     0.0007
   94.3380    16.3956     0.0027
   91.7666     8.1592     0.0001
   88.7983    11.2434     0.0032
   86.1549     8.7041     0.0003
   92.8442    11.0575     0.0058
   95.0492    10.4773     0.0053
   91.4478    10.7452     0.0001
   91.2587     9.3129     0.0053
   92.3362    10.5019     0.0023
   93.8723     8.4153     0.0003
   87.8334    10.7903     0.0055
   89.4289    10.4451     0.0053
  422.3960     8.1456     0.0002
   94.4952     8.3987     0.0058
   89.5833    13.2205     0.0032
   91.4922     9.5055     0.0043
   93.9966     9.2926     0.0053
   94.4362     8.1194     0.0027
   90.3837    13.9301     0.0027
   93.4264    12.7975     0.0003
   81.3633     9.4051     0.0055
   93.1129    14.5052     0.0012
   95.4131     8.3179     0.0003
   86.1418    10.4833     0.0012
   87.6962     8.0228     0.0053
   91.6299     8.4152     0.0001
  184.8674     9.9057     0.0012
   94.9448     9.6411     0.0003
   90.8358     8.1417     0.0003
   90.6445     9.0358     0.0012
   93.1973     8.1763     0.0043
   90.5849     8.4596     0.0043
   98.5436     8.9444     0.0058
   88.7519     8.1506     0.0004
   87.1868     8.6592     0.0053
   93.6239     8.5331     0.0003
   95.2564     9.8563     0.0058
   90.6991    11.5920     0.0032
   99.1625     8.0221     0.0003
   93.1145     8.7825     0.0023
   92.4675    11.1914     0.0003
   91.8806     8.1693     0.0053
   90.9393    11.7112     0.0010
   90.3135    13.7348     0.0032
   89.3254     9.0876     0.0058
   92.5853     8.0007     0.0015
   95.2149     8.3123     0.0003
   89.9726    13.9125     0.0015
  280.2277     9.7184     0.0060
  106.1950     8.9188     0.0126
   29.7432    17.2340     0.0077
   87.7740     9.2116     0.0025
   96.4828     9.3940     0.0004
   89.8520    11.3181     0.0067
   92.1147     8.3984     0.0041
   94.4954     8.0688     0.0029
