   84.7159    19.8978     1.0000
   90.1965     8.0705     1.0000
   89.9158     9.0582     1.0000
   93.0264     9.4084     1.0000
   91.3849    11.7543     1.0000
   91.0930    30.1464     1.0000
  403.3551    14.7610     1.0000
   91.3061    12.1207     1.0000
  139.9549     9.7970     1.0000
    9.0419    10.4486     1.0000
  116.3668    10.3147     1.0000
   81.1133     8.7756     1.0000
    3.2014    12.3287     1.0000
    4.0088   120.5379     1.0000
   92.4068     8.7960     1.0000
   91.9893    12.5394     1.0000
   37.4434    16.4890     1.0000
   86.8137     8.3298     1.0000
   90.9312     8.1243     1.0000
   90.7052    10.1955     1.0000
  219.2065     8.2991     1.0000
   96.0121     9.0701     1.0000
   91.4545    10.4626     1.0000
  158.8923    11.8831     1.0000
   18.3042     9.8099     1.0000
   88.4342     8.4525     1.0000
   99.3713     8.5312     1.0000
   91.5651    12.7456     1.0000
   90.4251     8.2596     1.0000
   93.7101     9.9603     1.0000
   89.4820     8.2121     1.0000
   88.7196     9.2474     1.0000
   94.1689    13.3939     1.0000
    3.1439    17.7992     1.0000
   95.4304     8.9979     1.0000
   91.4263     9.3203     1.0000
   49.6809    10.9325     1.0000
   91.7906    10.5230     1.0000
   93.4409    12.6288     1.0000
   91.1605     8.3096     1.0000
   91.1519     8.3123     1.0000
