 90.248252   9.100902   0.135543
 92.287994  11.496075   0.145329
 79.632698   8.295976   0.025702
 82.929336  10.759280   0.102463
 93.039733   8.166462   0.019680
 90.306549   9.400376   0.026782
 88.281364   9.511938   0.001647
 96.774437  15.050571   0.040372
 91.142013  11.288619   0.006607
 92.809890   8.295350   0.026688
 90.122711   9.037847   0.026782
 86.500991   8.438992   0.026782
 89.931556  11.632593   0.006503
 94.859726   9.465864   0.010549
 93.484893   8.939507   0.010101
343.334500   8.577417   0.009538
 91.866981   9.144352   0.009538
 84.004898   8.553618   0.010549
 89.238121  14.956704   0.005663
 83.825706   9.215160   0.004973
 97.767257   8.448945   0.001754
761.872740   8.453751   0.010549
 91.389022  10.530489   0.002256
 80.857147   8.805439   0.003934
 94.319458  11.400113   0.003934
 93.670143   8.031960   0.002540
 88.383232   8.352654   0.002227
 26.441442   9.144308   0.002067
 73.006103  14.035064   0.000177
 89.806114   8.954437   0.002841
 91.039131  15.919158   0.002256
147.466260  11.418638   0.004390
 92.891510  11.557610   0.002256
381.267390   8.686802   0.002811
 91.383377   9.817310   0.002067
 91.134094  13.713495   0.000693
 91.215530   9.554638   0.002431
 93.033783   9.457437   0.004390
 92.336174  10.501857   0.002811
 89.428886  10.445060   0.004290
184.867430   9.905691   0.000693
 94.944770   9.641089   0.000177
 93.197311   8.176331   0.002841
 90.584892   8.459587   0.002841
 92.467506  11.191391   0.002227
 90.939300  11.711171   0.002256
 90.313507  13.734795   0.004013
 29.743152  17.234027   0.010756
