   88.4409     3.0021     1.0000
  108.4553     3.2347     1.0000
   89.1822     3.1732     1.0000
   91.7839     3.1557     1.0000
   84.8024     3.2940     1.0000
   90.6868     3.1569     1.0000
  106.0282     3.0331     1.0000
   90.9230     3.0363     1.0000
   91.5764     3.6328     1.0000
   92.7572     3.6115     1.0000
   91.3076     3.3815     1.0000
   79.8246     3.5678     1.0000
   91.6837     3.0878     1.0000
   91.4175     3.3088     1.0000
   94.1374     3.0193     1.0000
   93.7649     3.0398     1.0000
   75.3060     3.0111     1.0000
   89.9811     3.1225     1.0000
   94.9652     4.9581     1.0000
   88.4915     3.6640     1.0000
   88.7065     4.8131     1.0000
   93.5074     3.0426     1.0000
  107.1899    13.6864     1.0000
  140.9014     4.6789     1.0000
   95.9070     3.5339     1.0000
   90.8580     5.0933     1.0000
   91.0328     3.8232     1.0000
   90.8883     3.2194     1.0000
   90.4167     4.2131     1.0000
   94.2546     3.2884     1.0000
   89.4598     3.0608     1.0000
   91.5772     3.2510     1.0000
   91.3229     3.2863     1.0000
   94.5619     3.6302     1.0000
   92.0376     3.5223     1.0000
   92.3018     3.4008     1.0000
  101.8571     3.2665     1.0000
   88.0402     3.2120     1.0000
   91.0962     3.4098     1.0000
   94.8524     7.2236     1.0000
  105.7175     3.8155     1.0000
   89.6762     3.0777     1.0000
   90.1883     4.3158     1.0000
   87.4162     4.2293     1.0000
   91.5003     3.5490     1.0000
   88.2310     3.1817     1.0000
   87.0524     3.1999     1.0000
   88.1918     4.0596     1.0000
   91.0753     3.3312     1.0000
   90.8166     3.3891     1.0000
   89.5628     3.3292     1.0000
   93.1797     3.2371     1.0000
   88.0088     3.0667     1.0000
   87.4267     3.2286     1.0000
   96.4897     3.6127     1.0000
   83.2566     3.4914     1.0000
   92.6877    18.7721     1.0000
   93.1731     3.6122     1.0000
   92.2399     4.1680     1.0000
   88.5016     4.1537     1.0000
  100.7776     3.1772     1.0000
   91.9199     3.0638     1.0000
   90.5880     3.5101     1.0000
   92.1135     3.0414     1.0000
   88.8402     3.4947     1.0000
   94.6448     3.6871     1.0000
   96.9315     3.3678     1.0000
   89.0653     3.7188     1.0000
   91.3650     4.4064     1.0000
   88.3522     3.0282     1.0000
   88.7961     3.4292     1.0000
   88.2488     3.1246     1.0000
   92.1729     3.8169     1.0000
   91.3893     3.1199     1.0000
   95.5422     3.1881     1.0000
   89.5131     3.0100     1.0000
   87.4913     4.7523     1.0000
   90.1910     3.0250     1.0000
   96.1969     3.8528     1.0000
   82.9056     3.1425     1.0000
   97.7628     3.3729     1.0000
   83.7951     3.0793     1.0000
   89.9700     3.3640     1.0000
  103.0770     3.8813     1.0000
   90.9054     3.2816     1.0000
   68.6608     4.1399     1.0000
   91.8501     3.1945     1.0000
   97.8947     3.4102     1.0000
   93.0235     3.0007     1.0000
   87.7379     3.3901     1.0000
   91.7133     3.2273     1.0000
   93.7755     3.7366     1.0000
   94.4665     4.5297     1.0000
   92.4479     3.1795     1.0000
   89.0266     3.6653     1.0000
   89.8308     3.6564     1.0000
   94.1857     3.0566     1.0000
   82.6598     3.0290     1.0000
   90.4503     3.0146     1.0000
   92.3816     3.4341     1.0000
   90.6609     3.2824     1.0000
   93.8921     3.0139     1.0000
   91.5572     4.1030     1.0000
   90.0646     3.1689     1.0000
   82.6376     3.6820     1.0000
   84.2688     3.4722     1.0000
   92.4525     4.3016     1.0000
   94.7754     3.6833     1.0000
   90.9025     4.1121     1.0000
   87.7081     3.3302     1.0000
   98.4455     3.0445     1.0000
   86.6338    43.2399     1.0000
   89.0774     3.2108     1.0000
   92.8778     3.5960     1.0000
   91.2147     3.2502     1.0000
   88.1788     3.2948     1.0000
   88.9647     3.1001     1.0000
   91.8531     3.8729     1.0000
   90.9673     3.0219     1.0000
   87.8683     3.4196     1.0000
   91.6132     3.4488     1.0000
   91.0857     3.6662     1.0000
   94.8587     3.5676     1.0000
   88.8848     3.2240     1.0000
   82.7263     4.7464     1.0000
   89.4299     3.8764     1.0000
   93.6506     3.8129     1.0000
   94.0431     3.1215     1.0000
   85.6490     4.9281     1.0000
   90.6021     3.0050     1.0000
  173.0395     3.4101     1.0000
   90.5305     3.7474     1.0000
   95.0017     3.4273     1.0000
   89.7321     3.1503     1.0000
   92.2961     3.2327     1.0000
   88.7392     3.3895     1.0000
   95.6883     3.1843     1.0000
   87.8565     4.2674     1.0000
   90.4690     3.0141     1.0000
   17.3689     4.0084     1.0000
   91.8500     3.9758     1.0000
   89.3821     3.1574     1.0000
   91.9569     3.5739     1.0000
   90.7302     3.4880     1.0000
   90.2401     4.1777     1.0000
   93.5697     3.0524     1.0000
   90.1085     3.1180     1.0000
   88.7602     3.4903     1.0000
  105.0474     3.1256     1.0000
   87.7755     3.6943     1.0000
   93.1034     3.6070     1.0000
  211.0786     3.0359     1.0000
   90.6214     3.4868     1.0000
   91.5889     3.2305     1.0000
   90.1484     3.2453     1.0000
   90.9039     3.1267     1.0000
   91.6050     3.4010     1.0000
   77.7858     4.0040     1.0000
   91.2172     3.0118     1.0000
   93.8837     3.1445     1.0000
   90.1854     4.0099     1.0000
   91.3485     3.4585     1.0000
   91.2150     3.0220     1.0000
   85.9440     3.9812     1.0000
   89.1994     3.9751     1.0000
   90.7111     3.1722     1.0000
   88.6970     3.4145     1.0000
   90.9976     3.2679     1.0000
   86.4674     3.2111     1.0000
   84.6604     3.6753     1.0000
   85.1901     3.3690     1.0000
   89.2519     3.5031     1.0000
   87.0659     3.1517     1.0000
   92.3652     4.1989     1.0000
   91.8475     3.4827     1.0000
   91.2579     3.2129     1.0000
   90.5020     3.1351     1.0000
   93.0109     3.4593     1.0000
   89.0135     3.3420     1.0000
   88.7653     3.5134     1.0000
   82.4934     3.0317     1.0000
   90.9635     3.0179     1.0000
   89.8307     3.4261     1.0000
   91.3185     5.6261     1.0000
   94.2769     4.1324     1.0000
   89.6684     3.0315     1.0000
   94.6959     3.1854     1.0000
   92.4059     3.3377     1.0000
  113.0796     3.1122     1.0000
   90.6715     3.2523     1.0000
   88.9825     3.0251     1.0000
   91.9149     3.2887     1.0000
  105.5819     3.0791     1.0000
