  145.3712     5.6894     0.0441
   90.4508     5.6866     5.3583
   81.8297     5.7655     3.2687
   87.6713     5.0296     0.3047
   88.5607     5.0537     0.1339
   96.2475     5.0033     0.2195
   90.3287     5.5956     0.1339
   34.8085     5.2349     0.0172
   87.8998     5.4894     0.0115
   77.7014     5.0890     0.0252
  102.1626     5.5320     0.0132
   96.5989     5.2922     0.0115
  194.6633    14.9681     0.0046
   82.2186     5.5777     0.0173
   34.6388    14.8381     0.0006
   45.6834     5.1627     0.0128
   34.7151     8.8770     0.0009
   26.4241     7.0248     0.0061
   37.0538     7.8740     0.0026
   45.4892     9.1192     0.0037
   49.9895     7.4257     0.0067
  258.1245     8.7139     0.0063
   42.1796     5.2101     0.0003
   29.4305     8.6684     0.0004
  153.0455    18.3338     0.0747
  217.6241     6.3507     0.0063
