   94.1301    10.1214     0.2823
   90.2483     9.1009     0.0798
   92.2880    11.4961     0.0580
   86.1216    10.3295     0.0610
   79.6327     8.2960     0.0125
   90.8845     9.6662     0.0610
   88.8488     9.2588     0.0163
   82.9293    10.7593     0.0021
  119.0082    12.6539     0.0062
   95.4556     8.5173     0.0009
   92.8099     8.2953     0.0062
   90.3065     9.4004     0.0118
   88.2814     9.5119     0.0009
   96.7744    15.0506     0.0143
   91.1420    11.2886     0.0032
   90.1227     9.0378     0.0118
   86.5010     8.4390     0.0118
   84.5643     9.7885     0.0042
   93.0397     8.1665     0.0019
   91.8670     9.1444     0.0031
   84.0049     8.5536     0.0038
   91.9097     8.8961     0.0023
   92.2172     8.2693     0.0002
   89.2381    14.9567     0.0005
   83.8257     9.2152     0.0020
   87.1473     9.8588     0.0023
   97.7673     8.4489     0.0009
  761.8727     8.4538     0.0038
   89.9316    11.6326     0.0003
   94.8597     9.4659     0.0038
   93.4849     8.9395     0.0040
  343.3345     8.5774     0.0031
  100.0417     8.4278     0.0003
   91.3890    10.5305     0.0003
   80.8571     8.8054     0.0016
   94.3195    11.4001     0.0016
   93.6701     8.0320     0.0004
   88.3832     8.3527     0.0001
   26.4414     9.1443     0.0002
   73.0061    14.0351     0.0001
   89.8061     8.9544     0.0012
   91.0391    15.9192     0.0003
  147.4663    11.4186     0.0016
   92.9708    12.8272     0.0016
   92.8915    11.5576     0.0003
  381.2674     8.6868     0.0006
   91.3834     9.8173     0.0002
   91.1341    13.7135     0.0003
   91.2155     9.5546     0.0001
   93.0338     9.4574     0.0016
   92.3362    10.5019     0.0006
   89.4289    10.4451     0.0015
  184.8674     9.9057     0.0003
   94.9448     9.6411     0.0001
   93.1973     8.1763     0.0012
   90.5849     8.4596     0.0012
   92.4675    11.1914     0.0001
   90.9393    11.7112     0.0003
   90.3135    13.7348     0.0009
   29.7432    17.2340     0.0022
   92.1147     8.3984     0.0012
