   90.9081     2.3707     1.0000
   90.5610     2.0848     1.0000
   98.0648     2.6488     1.0000
   92.4518     2.7464     1.0000
   90.5163     2.6832     1.0000
   94.1374     3.0193     1.0000
   89.4363     2.3649     1.0000
   75.3039     2.2715     1.0000
   88.7269     2.4468     1.0000
  140.9014     4.6789     1.0000
   90.8580     5.0933     1.0000
   90.9091     2.2769     1.0000
   92.7722     2.4364     1.0000
   91.2907     2.2056     1.0000
   89.3905     2.4380     1.0000
   93.9260     2.0414     1.0000
   90.8883     3.2194     1.0000
   48.7157     2.6612     1.0000
   89.3520     2.6772     1.0000
   91.9534     2.5720     1.0000
   94.5619     3.6302     1.0000
   92.0517     2.4955     1.0000
   91.4387     2.8057     1.0000
   91.8068     2.0119     1.0000
   90.2821     2.3991     1.0000
   88.2310     3.1817     1.0000
   34.1328     2.1800     1.0000
   89.6385     2.0744     1.0000
   61.9322     2.4203     1.0000
   89.2032     2.6403     1.0000
   91.5401     2.8355     1.0000
  108.0581     2.0948     1.0000
   91.9772     2.4454     1.0000
   93.1163     2.0061     1.0000
   91.9471     2.3597     1.0000
   94.2336     2.4489     1.0000
   86.7550     2.3814     1.0000
   92.1135     3.0414     1.0000
   91.4299     2.3577     1.0000
   94.6448     3.6871     1.0000
   88.3522     3.0282     1.0000
   85.9766     2.3300     1.0000
   88.6502     2.3701     1.0000
   92.1729     3.8169     1.0000
   90.1969     2.8968     1.0000
   95.5422     3.1881     1.0000
   87.4913     4.7523     1.0000
   90.1910     3.0250     1.0000
   89.7770     2.0472     1.0000
   85.6114     2.2700     1.0000
   86.1921     2.1100     1.0000
   90.3975     2.4081     1.0000
  103.0770     3.8813     1.0000
   91.4186     2.5011     1.0000
   91.8688     2.8069     1.0000
   93.7755     3.7366     1.0000
   92.4479     3.1795     1.0000
   92.2711     2.9576     1.0000
   89.0266     3.6653     1.0000
   94.1857     3.0566     1.0000
   92.2717     2.0829     1.0000
   89.6016     2.0210     1.0000
   91.5312     2.8267     1.0000
   90.2394     2.6732     1.0000
   94.0086     2.6073     1.0000
   92.1014     2.5587     1.0000
   87.7081     3.3302     1.0000
  101.8302     2.9947     1.0000
   89.0774     3.2108     1.0000
   90.9673     3.0219     1.0000
   90.9614     2.1608     1.0000
   88.9829     2.7355     1.0000
   86.2425     2.0368     1.0000
   89.7323     2.4965     1.0000
   19.0789     2.1855     1.0000
   84.4699     2.2438     1.0000
   85.6490     4.9281     1.0000
  111.2499     2.2171     1.0000
   89.7006     2.2052     1.0000
   90.4690     3.0141     1.0000
   91.5673     2.2982     1.0000
   73.7250     2.5658     1.0000
  111.0336     2.1582     1.0000
   88.9442     2.0209     1.0000
  141.1752     2.9936     1.0000
   90.4896     2.4276     1.0000
   90.2401     4.1777     1.0000
   93.0758     2.3701     1.0000
   93.3662     2.0688     1.0000
   87.9970     2.2495     1.0000
   88.6268     2.0029     1.0000
   95.0946     2.0264     1.0000
   91.9972     2.0015     1.0000
   90.8930     2.0933     1.0000
   94.1075     2.1317     1.0000
   90.6900     2.2639     1.0000
   94.8217     2.0160     1.0000
   90.1211     2.4301     1.0000
   33.0402     2.0436     1.0000
   90.8983     2.5679     1.0000
   98.7055     2.5402     1.0000
   97.6973     2.4071     1.0000
   82.9797     2.0563     1.0000
   88.2704     2.3613     1.0000
   95.7677     2.8119     1.0000
   92.2788     2.7582     1.0000
   91.3185     5.6261     1.0000
   94.2769     4.1324     1.0000
  155.5968     2.1341     1.0000
   92.6188     2.9921     1.0000
   90.6715     3.2523     1.0000
   91.7702     2.1857     1.0000
   89.7995     2.5210     1.0000
   89.3769     2.0435     1.0000
