   98.9323     3.9421     1.0000
  587.5268     3.7803     1.0000
   86.0128     4.2905     1.0000
  218.4169     3.4744     1.0000
   90.2929     3.3744     1.0000
   91.1090     3.3975     1.0000
  134.2139     3.3683     1.0000
   89.9005     5.6715     1.0000
   84.7159    19.8978     1.0000
   91.7666     3.1262     1.0000
   94.0901     3.0336     1.0000
   95.1447     3.0991     1.0000
  190.1635     5.4732     1.0000
  102.9881     3.7638     1.0000
   87.4446     4.2587     1.0000
   75.0416     3.4555     1.0000
   90.6134     3.3403     1.0000
   88.4289     3.1768     1.0000
   88.9675     3.0816     1.0000
   96.9699     3.0467     1.0000
   91.8226     7.6208     1.0000
   84.8450     3.0342     1.0000
   91.5227     4.1380     1.0000
   95.3459     3.0510     1.0000
   91.6980     3.0547     1.0000
   83.8871     3.0030     1.0000
   94.1205     4.4975     1.0000
  135.3022     3.4784     1.0000
   79.2808     5.2538     1.0000
   88.4462     3.2714     1.0000
   89.5343     5.2991     1.0000
   90.4035     5.7276     1.0000
  143.1522     3.0858     1.0000
   35.1058     4.6223     1.0000
   98.5548     3.8443     1.0000
   87.2953     3.0513     1.0000
   97.8800     4.7032     1.0000
   92.6796     3.3675     1.0000
   92.5768     4.4573     1.0000
   97.2236     3.9402     1.0000
   91.8007     3.1322     1.0000
  123.3209     3.1017     1.0000
  108.8309     4.9417     1.0000
   91.1467     3.2594     1.0000
   90.3205     3.5695     1.0000
  101.7691     3.3375     1.0000
   75.5603     3.2255     1.0000
   91.9586     6.5085     1.0000
   93.4219     3.6349     1.0000
  173.3294     5.2424     1.0000
  113.4600     4.7146     1.0000
   89.5379     3.3863     1.0000
  126.2720     3.7371     1.0000
   87.4217     3.4336     1.0000
   71.5475     4.6298     1.0000
   28.8835     3.8394     1.0000
  103.8455     3.9792     1.0000
  160.5584     3.3348     1.0000
   88.7827     4.7266     1.0000
  290.7913     3.6679     1.0000
   84.3861     3.2606     1.0000
   90.9299     6.0681     1.0000
   88.6701     3.8874     1.0000
   93.5366     3.0521     1.0000
  168.6647     3.2630     1.0000
   67.2436     3.4149     1.0000
  111.8629     4.7465     1.0000
   91.7510     4.3623     1.0000
  100.2150     3.0961     1.0000
   92.4297     3.2791     1.0000
   90.3226     4.3863     1.0000
   64.5525     3.6196     1.0000
   86.3044     4.0079     1.0000
   85.9399     3.3858     1.0000
   82.9278     4.4148     1.0000
  158.5299     3.7041     1.0000
   90.5462     3.2413     1.0000
  102.6523     3.0419     1.0000
  113.5056     3.9519     1.0000
   93.0264     9.4084     1.0000
   91.6489     3.3595     1.0000
   95.7847     3.2320     1.0000
   68.1031     3.3068     1.0000
  115.5162     3.5250     1.0000
   96.6808     4.7423     1.0000
  167.0620     3.1045     1.0000
   96.8465     3.4796     1.0000
   93.4210     4.4917     1.0000
  151.6452     3.8131     1.0000
   18.5426     3.2733     1.0000
   92.5642     5.0787     1.0000
   92.2497     3.6743     1.0000
   91.1938     4.4355     1.0000
   93.2953     3.8944     1.0000
   90.8762     4.9024     1.0000
   94.8593     3.5301     1.0000
  161.2316     3.6821     1.0000
   90.3128     3.1536     1.0000
   96.9978     3.0515     1.0000
   91.3849    11.7543     1.0000
   89.3654     4.9797     1.0000
   93.2453     4.2729     1.0000
  171.0839     3.2959     1.0000
   92.2324     3.6847     1.0000
   93.7610     6.4664     1.0000
   88.5649     4.0133     1.0000
   92.0481     6.0344     1.0000
  121.1932     3.3339     1.0000
  197.6928     5.0925     1.0000
   91.1440     5.6505     1.0000
  138.2015     3.2873     1.0000
  188.1872     3.0232     1.0000
   94.3006     4.2415     1.0000
   92.1009     3.4384     1.0000
   85.8652     4.1747     1.0000
   19.7206     3.5067     1.0000
   93.2448     4.8162     1.0000
   78.3253     3.6887     1.0000
   86.1231     4.4990     1.0000
   89.1529     3.3462     1.0000
   90.9436     4.3933     1.0000
   94.5111     4.8613     1.0000
  152.3949     4.7427     1.0000
   89.5062     5.0321     1.0000
  156.4594     3.6329     1.0000
  109.9471     3.5904     1.0000
   87.9171     7.9934     1.0000
  329.1758     4.7314     1.0000
   99.4254     3.7953     1.0000
   94.8549     3.7892     1.0000
  367.7513     4.2259     1.0000
   86.1012     5.1062     1.0000
   92.4964     4.4419     1.0000
   88.1862     3.5661     1.0000
   89.5402     3.3892     1.0000
   92.5057     6.7773     1.0000
   38.8668     3.2044     1.0000
   90.8430     5.7681     1.0000
   91.5133     3.3549     1.0000
   93.0803     4.1692     1.0000
  307.4851     3.1753     1.0000
   16.7883     3.2778     1.0000
   97.1184     3.1944     1.0000
  254.5571     3.7759     1.0000
   90.1304     3.8857     1.0000
   89.5118     3.0383     1.0000
   91.8597     3.4165     1.0000
   92.2046     4.4221     1.0000
   87.0803     7.5789     1.0000
   93.1194     3.3711     1.0000
   92.3697     3.1648     1.0000
   87.8444     7.9468     1.0000
   91.4560     3.7434     1.0000
  194.1792     3.6259     1.0000
  117.0239     4.5618     1.0000
   88.7963     3.5266     1.0000
  135.3787     3.3499     1.0000
   96.6389     3.1422     1.0000
  125.6934     3.0448     1.0000
   85.1618     4.8810     1.0000
   91.8960     4.1518     1.0000
   94.2653     5.7182     1.0000
   90.6127     3.1346     1.0000
   92.3708     4.5691     1.0000
   90.9347     3.2935     1.0000
   92.2406     3.9373     1.0000
   88.1408     3.2328     1.0000
   89.1468     4.2263     1.0000
   90.7253     3.7999     1.0000
  403.3551    14.7610     1.0000
   92.5004     3.7924     1.0000
   89.4197     3.4439     1.0000
   93.1162     3.1969     1.0000
   86.8843     3.5310     1.0000
   93.7212     3.1130     1.0000
   91.2727     4.5753     1.0000
  113.5757     3.2002     1.0000
   89.8012     3.2223     1.0000
   92.5056     3.0682     1.0000
   91.0879     4.2405     1.0000
   93.4488     3.4863     1.0000
   88.5614     4.6495     1.0000
   91.3061    12.1207     1.0000
   90.3994     7.1698     1.0000
   94.2343     3.8387     1.0000
   90.3620     3.7006     1.0000
   90.5315     4.1862     1.0000
   92.5194     3.2075     1.0000
   91.4714     6.6357     1.0000
   92.6614     6.5500     1.0000
   92.7043     4.5938     1.0000
  210.4872     4.4628     1.0000
  187.5986     6.8542     1.0000
   97.6891     3.4498     1.0000
   87.9707     5.1485     1.0000
   90.1031     3.8495     1.0000
   89.6540     4.2933     1.0000
   87.1997     3.2396     1.0000
  202.6303     7.5620     1.0000
  145.4876     3.0184     1.0000
   85.1660     3.6603     1.0000
   93.8261     5.6839     1.0000
  125.6951     3.5635     1.0000
   94.2262     3.6795     1.0000
   93.3126     3.4686     1.0000
  105.5171     3.0898     1.0000
  119.9737     3.7627     1.0000
  131.6529     3.1893     1.0000
   88.7477     3.6336     1.0000
   93.6448     4.7188     1.0000
   90.1024     4.3207     1.0000
   88.9775     3.4110     1.0000
   90.6689     3.3573     1.0000
   93.4147     3.7854     1.0000
   90.1111     4.3645     1.0000
   90.9687     3.1555     1.0000
   82.9368     3.0930     1.0000
   91.2187     3.9905     1.0000
   88.2117     3.3295     1.0000
   93.1502     3.4555     1.0000
   91.2873     3.3358     1.0000
  164.0341     3.0402     1.0000
  108.5432     3.1560     1.0000
   91.5375     4.9364     1.0000
  168.5668     4.8905     1.0000
   86.8124     4.7261     1.0000
  224.8370     3.6588     1.0000
   34.2459     3.7784     1.0000
  194.9004     7.2140     1.0000
   59.6287     4.6389     1.0000
   89.6564     4.1429     1.0000
  247.7036     3.7449     1.0000
   94.1033     4.9928     1.0000
   90.8389     4.6570     1.0000
   91.1308     4.1361     1.0000
   94.2431     3.7421     1.0000
   93.0018     7.5419     1.0000
   91.1699     3.4478     1.0000
   90.5287     3.6956     1.0000
   85.3265     3.1906     1.0000
   91.0307     3.7244     1.0000
   90.3461     5.1438     1.0000
   94.0565     3.3051     1.0000
   92.6817     3.8001     1.0000
  121.5728     4.3796     1.0000
  215.7369     3.5782     1.0000
  179.4318     3.9751     1.0000
   95.9021     3.0452     1.0000
   90.3899     4.2679     1.0000
   92.6543     3.9940     1.0000
   92.2048     3.5542     1.0000
   88.7951     3.1759     1.0000
   93.5462     3.7014     1.0000
   90.4580     4.0752     1.0000
   86.4644     3.1488     1.0000
   91.6095     3.8757     1.0000
   94.7842     3.5324     1.0000
   94.8205     3.1367     1.0000
   88.9198     3.8460     1.0000
   92.2716     3.0063     1.0000
  157.4776     3.6146     1.0000
   91.1204     3.7456     1.0000
   89.7149     3.2074     1.0000
   90.0580     3.7075     1.0000
   92.9557     3.1411     1.0000
   89.0781     5.0180     1.0000
  234.3714     4.6185     1.0000
   88.1375     3.5888     1.0000
   95.1220     4.4997     1.0000
   93.2817     3.3106     1.0000
   90.0799     3.2999     1.0000
   87.5222     6.8050     1.0000
   65.9473     7.0072     1.0000
   87.6530     3.9967     1.0000
  216.8233     3.3938     1.0000
   92.0704     3.1391     1.0000
   89.8068     5.3068     1.0000
   93.3911     5.3314     1.0000
   92.3915     3.8094     1.0000
   89.2347     4.0929     1.0000
   91.5131     3.1157     1.0000
  306.9525     6.1472     1.0000
  130.1154     5.1556     1.0000
   90.0130     3.2099     1.0000
  116.3668    10.3147     1.0000
   88.5855     6.5907     1.0000
   82.8115     6.2184     1.0000
   92.8572     3.6653     1.0000
   86.8323     4.5780     1.0000
  291.5586     3.3960     1.0000
   92.9881     3.3644     1.0000
  372.3244     4.2495     1.0000
   91.3752     5.0501     1.0000
  130.0946     3.6175     1.0000
   88.3405     4.1692     1.0000
   88.6313     3.4723     1.0000
   91.9400     3.7383     1.0000
   86.4224     4.0081     1.0000
  104.9450     3.0552     1.0000
   88.9092     3.5127     1.0000
   92.0115     3.9135     1.0000
   80.8544     4.8446     1.0000
   93.8472     4.5639     1.0000
   92.4347     3.5172     1.0000
   87.8944     3.3368     1.0000
   89.4876     4.0316     1.0000
   96.4398     5.4590     1.0000
   92.0385     3.0892     1.0000
   93.0108     3.5065     1.0000
   85.0412     3.9141     1.0000
  149.4965     5.0163     1.0000
  121.8141     4.8129     1.0000
  451.7870     4.1707     1.0000
   92.9747     3.0637     1.0000
   90.3311     7.2978     1.0000
  255.6951     3.7581     1.0000
   86.9029     4.8061     1.0000
   90.7753     3.5376     1.0000
   92.8040     4.6467     1.0000
   92.3317     3.1422     1.0000
   92.1410     3.7818     1.0000
   93.1104     4.5902     1.0000
   93.5475     4.7186     1.0000
   92.1147     3.2687     1.0000
   90.7187     3.9039     1.0000
   89.6007     4.6148     1.0000
   97.3479     3.4984     1.0000
   91.3142     5.4704     1.0000
   93.6655     4.2763     1.0000
   87.0188     3.1816     1.0000
   91.8896     4.1495     1.0000
   89.5005     3.0102     1.0000
   92.7869     3.6137     1.0000
   92.4068     8.7960     1.0000
   91.9893    12.5394     1.0000
  132.9108     3.2666     1.0000
   86.9916     3.1706     1.0000
  119.5824     5.9903     1.0000
   96.8445     3.1754     1.0000
  102.4647     3.5620     1.0000
   92.5492     5.9073     1.0000
  197.0952     4.8864     1.0000
   26.7230     5.6663     1.0000
   90.0056     6.2099     1.0000
   92.1295     3.2999     1.0000
   91.0453     4.5362     1.0000
   93.6614     5.1302     1.0000
   90.3880     3.2475     1.0000
   91.1031     3.4568     1.0000
   88.7336     4.2563     1.0000
   87.3219     3.6398     1.0000
   91.2925     3.7693     1.0000
   93.8335     3.2553     1.0000
   91.0651     3.1463     1.0000
   94.5786     3.3539     1.0000
   84.2519     3.0837     1.0000
   90.7052    10.1955     1.0000
   90.9312     8.1243     1.0000
   92.0532     3.3050     1.0000
   89.5134     3.2787     1.0000
   91.2881     3.3356     1.0000
  243.5108     7.0823     1.0000
   82.5091     4.8895     1.0000
   93.4761     3.3664     1.0000
   33.1088     3.3803     1.0000
   90.6901     3.0800     1.0000
  153.1542     3.9475     1.0000
   90.2679     4.4826     1.0000
   99.7023     3.7911     1.0000
   89.1342     6.4342     1.0000
  242.0909     5.9510     1.0000
  219.2065     8.2991     1.0000
   91.5504     3.0851     1.0000
   89.0513     3.4095     1.0000
   97.5828     4.3341     1.0000
  100.9253     3.9228     1.0000
   96.0121     9.0701     1.0000
   55.3952     4.6259     1.0000
   89.6219     5.1643     1.0000
   90.6639     7.7687     1.0000
   91.3840     3.1520     1.0000
   92.6159     4.6120     1.0000
  419.7759     3.9982     1.0000
  143.8067     4.8306     1.0000
   94.8034     4.3159     1.0000
   93.4966     3.3334     1.0000
   91.4545    10.4626     1.0000
   90.5478     5.6058     1.0000
   90.5411     3.4569     1.0000
   94.2433     3.1828     1.0000
   89.6359     4.9152     1.0000
  123.3833     3.5168     1.0000
   91.9353     4.3401     1.0000
   88.5304     5.0096     1.0000
   88.8237     4.3375     1.0000
   91.0080     3.6140     1.0000
  158.8923    11.8831     1.0000
   89.1460     5.3003     1.0000
   97.8668     7.2919     1.0000
   34.6843     7.4187     1.0000
   96.8309     4.1326     1.0000
  115.4185     3.8521     1.0000
   82.8246     3.2691     1.0000
   91.9127     4.6449     1.0000
   97.6062     3.1920     1.0000
   94.1944     3.2980     1.0000
   91.0020     4.8247     1.0000
  137.2314     3.0714     1.0000
   91.6257     3.1781     1.0000
   92.6150     4.3659     1.0000
   90.1472     4.1535     1.0000
  140.4535     3.0820     1.0000
   87.6785     3.1995     1.0000
   89.6259     3.6667     1.0000
  117.7717     4.7292     1.0000
  115.8111     3.8991     1.0000
   93.3988     4.6238     1.0000
  130.4498     4.6685     1.0000
  128.9039     3.2524     1.0000
   89.8966     5.8868     1.0000
   91.0743     3.8150     1.0000
  112.5184     4.5941     1.0000
   91.9738     3.1755     1.0000
   88.4342     8.4525     1.0000
   87.9554     3.2161     1.0000
   93.1606     3.9947     1.0000
   90.3857     5.8498     1.0000
   91.7498     3.6055     1.0000
   91.6343     3.2223     1.0000
   82.4322     4.3714     1.0000
   92.4582     3.9472     1.0000
  180.3958     3.2965     1.0000
   93.8491     3.1548     1.0000
   90.0312     3.3337     1.0000
   85.6432     3.0942     1.0000
   88.9566     3.3414     1.0000
   89.0978     5.7084     1.0000
   89.9503     4.0636     1.0000
  431.9454     3.3888     1.0000
   83.9239     5.1182     1.0000
   91.0783     3.2524     1.0000
   92.4467     6.8711     1.0000
   18.3042     9.8099     1.0000
   81.5285     3.7317     1.0000
   89.1313     6.3865     1.0000
   89.9679     3.5718     1.0000
   93.3064     3.9024     1.0000
   91.5651    12.7456     1.0000
   92.9326     3.0831     1.0000
   89.0710     4.2420     1.0000
   91.6386     3.8389     1.0000
   97.9538     4.1457     1.0000
  211.9337     3.6298     1.0000
   90.6076     6.2642     1.0000
   95.1072     3.4637     1.0000
  134.2617     3.3482     1.0000
   85.6927     3.8343     1.0000
   92.9488     3.7574     1.0000
   93.4409    12.6288     1.0000
   90.5037     4.9153     1.0000
  207.2765     4.4156     1.0000
   90.2318     3.2978     1.0000
  138.3139     3.6490     1.0000
   89.1364     6.6561     1.0000
   94.6505     4.1244     1.0000
   92.4381     3.3931     1.0000
   47.5365     3.2594     1.0000
   91.6430     4.4370     1.0000
   91.0751     3.4239     1.0000
   92.9204     3.8933     1.0000
   91.4532     3.6007     1.0000
   84.8674     3.1098     1.0000
  113.0863     3.1794     1.0000
  132.9376     3.8522     1.0000
   96.1157     3.3501     1.0000
   94.1689    13.3939     1.0000
   25.7994     3.6726     1.0000
   94.6392     3.2601     1.0000
   89.2177     3.1072     1.0000
   93.5829     4.4786     1.0000
   85.4977     3.6455     1.0000
  164.2640     3.2464     1.0000
  116.4678     4.5479     1.0000
  114.1864     3.6071     1.0000
   91.1555     3.2241     1.0000
   93.4086     5.7717     1.0000
   93.5763     5.9026     1.0000
   89.4711     4.1525     1.0000
   93.1928     4.2143     1.0000
   95.2986     4.9590     1.0000
   68.5040     3.3104     1.0000
   87.2839     4.0785     1.0000
   91.1605     8.3096     1.0000
   78.2826     3.0119     1.0000
   95.3023     4.2049     1.0000
   94.5178     4.2631     1.0000
   89.4375     3.5285     1.0000
   94.0488     3.8858     1.0000
   87.7513     3.0742     1.0000
   89.7990     3.3840     1.0000
   93.0454     4.1287     1.0000
  210.6092     7.8295     1.0000
   91.2014     4.5234     1.0000
   92.0189     4.2914     1.0000
   91.4263     9.3203     1.0000
   91.1003     5.1766     1.0000
   90.1165     4.6889     1.0000
   49.6809    10.9325     1.0000
   91.1720     3.2655     1.0000
   89.8283     3.3930     1.0000
  115.8185     3.6588     1.0000
   97.8805     4.8299     1.0000
   93.2118     3.5498     1.0000
   90.7613     4.2473     1.0000
   91.5347     3.7752     1.0000
   92.9082     4.0416     1.0000
   92.2323     4.1276     1.0000
   87.0295     3.8950     1.0000
  117.4528     6.2128     1.0000
   92.1825     5.0427     1.0000
   89.3115     5.5387     1.0000
   70.7317     3.2632     1.0000
   92.0084     4.4577     1.0000
   96.3454     3.0137     1.0000
   90.7840     3.6975     1.0000
   92.9468     3.2659     1.0000
   91.9841     3.4590     1.0000
   92.7108     5.1845     1.0000
   89.4820     8.2121     1.0000
   92.8586     3.0181     1.0000
   88.9422     3.3550     1.0000
   95.2156     4.1338     1.0000
   42.9878     3.1014     1.0000
   92.0099     3.3248     1.0000
   91.0959     5.6771     1.0000
   95.5525     4.4619     1.0000
   80.1189     4.4985     1.0000
   86.9030     3.7803     1.0000
   88.7154     3.0928     1.0000
   95.0492     3.1213     1.0000
   90.4189     4.3147     1.0000
   86.5963     5.3396     1.0000
   96.5378     3.2765     1.0000
   86.7930     3.5504     1.0000
  108.8242     3.9057     1.0000
   86.7871     3.6493     1.0000
   91.6489     5.4076     1.0000
   90.3101     4.0880     1.0000
  189.0446     3.8588     1.0000
   89.7249     6.1676     1.0000
   92.8296     3.3370     1.0000
   86.1572     5.8594     1.0000
   95.4546     7.6203     1.0000
   98.7110     3.4873     1.0000
   89.3451     4.4884     1.0000
   91.7020     3.5534     1.0000
  126.9844     6.2783     1.0000
   96.2578     3.4924     1.0000
   89.3261     4.8683     1.0000
  112.6505     3.0461     1.0000
   96.8560     3.8800     1.0000
  134.1958     3.2027     1.0000
   89.2631     4.1663     1.0000
   91.4974     3.0920     1.0000
   99.8174     3.1849     1.0000
   96.1255     7.2216     1.0000
   93.7101     9.9603     1.0000
   91.3241     3.5884     1.0000
   93.0716     3.3219     1.0000
   90.4201     3.4778     1.0000
   89.7212     3.6808     1.0000
   88.7904     4.5124     1.0000
  121.7363     3.8609     1.0000
   95.3355     3.4493     1.0000
   35.6806     3.4364     1.0000
   92.6565     3.2390     1.0000
   88.2434     4.4804     1.0000
   91.3490     3.9748     1.0000
   96.0668     5.6024     1.0000
   87.9430     3.2941     1.0000
   34.0125     3.3815     1.0000
  115.2287     4.5790     1.0000
   87.4765     3.9727     1.0000
   94.4532     5.7812     1.0000
   95.9820     4.6339     1.0000
   89.6433     5.0302     1.0000
   94.1540     3.0876     1.0000
   92.2357     4.2025     1.0000
  165.7557     3.4105     1.0000
   94.1814     3.5341     1.0000
   88.1663     4.1927     1.0000
  224.9290     3.2880     1.0000
   89.9676     3.9249     1.0000
   91.9802     6.9973     1.0000
   93.2773     4.1023     1.0000
   92.1968     4.7312     1.0000
   91.8040     3.2058     1.0000
   89.3259     3.0782     1.0000
  170.9754     3.4006     1.0000
   94.9494     3.0847     1.0000
