   91.1090     3.3975     1.0000
  134.2139     3.3683     1.0000
   94.1796     2.7503     1.0000
   94.0901     3.0336     1.0000
  106.7738     2.5999     1.0000
  102.9881     3.7638     1.0000
   75.0416     3.4555     1.0000
   88.4289     3.1768     1.0000
   82.5110     2.0622     1.0000
   91.8226     7.6208     1.0000
   91.5227     4.1380     1.0000
   91.6980     3.0547     1.0000
   94.1205     4.4975     1.0000
  135.3022     3.4784     1.0000
   88.4462     3.2714     1.0000
   82.0066     2.8065     1.0000
   98.5548     3.8443     1.0000
  101.7556     2.0039     1.0000
   87.2953     3.0513     1.0000
   92.4755     2.0817     1.0000
   97.8800     4.7032     1.0000
   91.8007     3.1322     1.0000
  168.4122     2.4213     1.0000
  195.3366     2.3380     1.0000
   91.1467     3.2594     1.0000
  101.7691     3.3375     1.0000
   93.4219     3.6349     1.0000
  113.4600     4.7146     1.0000
   89.5379     3.3863     1.0000
   71.5475     4.6298     1.0000
   28.8835     3.8394     1.0000
   84.3861     3.2606     1.0000
   90.7152     2.3475     1.0000
   90.9299     6.0681     1.0000
  111.8629     4.7465     1.0000
   88.3005     2.7023     1.0000
   91.7510     4.3623     1.0000
  100.2150     3.0961     1.0000
   92.4297     3.2791     1.0000
   90.3226     4.3863     1.0000
   86.3044     4.0079     1.0000
   95.0780     2.7990     1.0000
  655.2659     2.8428     1.0000
   90.5462     3.2413     1.0000
   96.6808     4.7423     1.0000
   93.4210     4.4917     1.0000
   91.8362     2.5146     1.0000
   90.0063     2.3076     1.0000
   72.6165     2.7122     1.0000
   92.2497     3.6743     1.0000
   91.6920     2.5029     1.0000
   92.4827     2.0099     1.0000
   91.9947     2.3020     1.0000
   95.5924     2.5970     1.0000
  171.0839     3.2959     1.0000
   93.7610     6.4664     1.0000
   92.0481     6.0344     1.0000
  121.1932     3.3339     1.0000
  197.6928     5.0925     1.0000
  131.3607     2.0127     1.0000
   91.1440     5.6505     1.0000
  138.2015     3.2873     1.0000
   94.3006     4.2415     1.0000
   20.5739     2.5051     1.0000
   85.8652     4.1747     1.0000
   19.7206     3.5067     1.0000
   89.8350     2.9348     1.0000
   90.9436     4.3933     1.0000
   94.5111     4.8613     1.0000
   89.5062     5.0321     1.0000
   91.4168     2.0440     1.0000
   91.7747     2.9423     1.0000
  329.1758     4.7314     1.0000
   94.8549     3.7892     1.0000
  367.7513     4.2259     1.0000
   86.1012     5.1062     1.0000
   92.4964     4.4419     1.0000
   92.8472     2.6638     1.0000
   88.6477     2.9425     1.0000
   93.0803     4.1692     1.0000
  307.4851     3.1753     1.0000
  167.8021     2.1792     1.0000
  201.4947     2.4843     1.0000
   90.1304     3.8857     1.0000
   81.4069     2.3792     1.0000
   92.2046     4.4221     1.0000
   93.1194     3.3711     1.0000
   92.3697     3.1648     1.0000
   85.8383     2.4073     1.0000
   94.5372     2.8948     1.0000
  105.8389     2.3142     1.0000
  117.0239     4.5618     1.0000
   96.6389     3.1422     1.0000
  125.6934     3.0448     1.0000
   93.4456     2.8965     1.0000
   85.1618     4.8810     1.0000
  110.1176     2.6786     1.0000
   94.2653     5.7182     1.0000
  144.5627     2.3893     1.0000
   90.9347     3.2935     1.0000
  103.6987     2.1740     1.0000
   92.5162     2.9702     1.0000
  135.0613     2.7951     1.0000
   93.7212     3.1130     1.0000
   88.5614     4.6495     1.0000
   91.3061    12.1207     1.0000
   94.2343     3.8387     1.0000
   92.7043     4.5938     1.0000
   88.2391     2.6828     1.0000
  187.5986     6.8542     1.0000
   97.9064     2.7268     1.0000
   87.9707     5.1485     1.0000
   90.1031     3.8495     1.0000
   92.0061     2.1332     1.0000
   89.6540     4.2933     1.0000
   87.1997     3.2396     1.0000
  225.2570     2.3673     1.0000
  202.6303     7.5620     1.0000
  145.4876     3.0184     1.0000
   94.2262     3.6795     1.0000
  105.5171     3.0898     1.0000
  131.6529     3.1893     1.0000
   88.7477     3.6336     1.0000
   93.6448     4.7188     1.0000
   88.9775     3.4110     1.0000
   88.2117     3.3295     1.0000
   90.8829     2.1592     1.0000
   91.2873     3.3358     1.0000
   40.2791     2.9649     1.0000
   87.7398     2.4801     1.0000
  131.9330     2.1819     1.0000
  168.5668     4.8905     1.0000
   86.8124     4.7261     1.0000
  224.8370     3.6588     1.0000
  194.9004     7.2140     1.0000
   95.1206     2.3856     1.0000
   87.6602     2.4018     1.0000
  247.7036     3.7449     1.0000
   94.1033     4.9928     1.0000
   91.1308     4.1361     1.0000
   91.8326     2.9221     1.0000
   94.2431     3.7421     1.0000
   93.0018     7.5419     1.0000
   90.5287     3.6956     1.0000
  124.1081     2.3842     1.0000
   91.9083     2.0256     1.0000
   91.4391     2.3265     1.0000
   89.6577     2.0761     1.0000
   90.3461     5.1438     1.0000
   94.0565     3.3051     1.0000
  121.5728     4.3796     1.0000
  215.7369     3.5782     1.0000
  179.4318     3.9751     1.0000
   95.9021     3.0452     1.0000
   31.7390     2.0367     1.0000
  102.3706     2.3944     1.0000
   90.4056     2.8774     1.0000
   92.2048     3.5542     1.0000
   93.5462     3.7014     1.0000
   90.4580     4.0752     1.0000
   94.7842     3.5324     1.0000
   94.8205     3.1367     1.0000
   88.9198     3.8460     1.0000
   92.8045     2.0234     1.0000
   94.3142     2.9965     1.0000
   91.1204     3.7456     1.0000
   90.0580     3.7075     1.0000
   95.6651     2.9299     1.0000
  234.3714     4.6185     1.0000
   88.1375     3.5888     1.0000
   93.2817     3.3106     1.0000
   90.0799     3.2999     1.0000
   65.9473     7.0072     1.0000
   87.6530     3.9967     1.0000
   89.9803     2.1100     1.0000
   93.4281     2.3065     1.0000
   89.8068     5.3068     1.0000
   93.3911     5.3314     1.0000
   90.9724     2.2298     1.0000
   91.5131     3.1157     1.0000
  306.9525     6.1472     1.0000
  226.0432     2.3739     1.0000
  116.3668    10.3147     1.0000
   88.5855     6.5907     1.0000
   82.8115     6.2184     1.0000
   92.8572     3.6653     1.0000
  291.5586     3.3960     1.0000
   91.2139     2.6806     1.0000
   91.3752     5.0501     1.0000
   88.6313     3.4723     1.0000
   96.2569     2.4448     1.0000
   86.4224     4.0081     1.0000
  104.9450     3.0552     1.0000
   90.4496     2.6820     1.0000
   89.4876     4.0316     1.0000
   92.5798     2.3696     1.0000
   91.3442     2.6140     1.0000
  164.2417     2.2231     1.0000
   92.0385     3.0892     1.0000
   96.2702     2.9738     1.0000
   93.0108     3.5065     1.0000
   85.0412     3.9141     1.0000
  121.8141     4.8129     1.0000
   93.2421     2.3580     1.0000
  451.7870     4.1707     1.0000
   92.9747     3.0637     1.0000
   90.3311     7.2978     1.0000
  255.6951     3.7581     1.0000
   92.8040     4.6467     1.0000
   92.3317     3.1422     1.0000
   93.5475     4.7186     1.0000
   85.5740     2.4617     1.0000
   92.1147     3.2687     1.0000
   90.7187     3.9039     1.0000
  160.3559     2.5796     1.0000
   89.6007     4.6148     1.0000
   91.8896     4.1495     1.0000
   92.4068     8.7960     1.0000
  125.2955     2.2517     1.0000
  132.9108     3.2666     1.0000
  123.8063     2.1878     1.0000
   26.7230     5.6663     1.0000
   90.0056     6.2099     1.0000
   92.1295     3.2999     1.0000
   91.0453     4.5362     1.0000
   93.6614     5.1302     1.0000
   88.7336     4.2563     1.0000
   89.3033     2.2788     1.0000
   94.5786     3.3539     1.0000
   90.9312     8.1243     1.0000
   92.0532     3.3050     1.0000
   90.1359     2.4546     1.0000
   91.2881     3.3356     1.0000
   38.3421     2.7467     1.0000
   93.5320     2.6256     1.0000
   82.5091     4.8895     1.0000
  101.7238     2.3500     1.0000
  101.8073     2.1241     1.0000
  124.1588     2.5928     1.0000
   90.2679     4.4826     1.0000
   99.7023     3.7911     1.0000
   91.9967     2.1923     1.0000
   95.9495     2.9933     1.0000
  219.2065     8.2991     1.0000
   89.1133     2.8744     1.0000
   88.2464     2.9181     1.0000
   55.3952     4.6259     1.0000
   90.6639     7.7687     1.0000
  125.0529     2.1417     1.0000
  214.1669     2.4976     1.0000
   95.3158     2.6128     1.0000
  419.7759     3.9982     1.0000
   91.0139     2.3995     1.0000
  197.5855     2.3476     1.0000
   81.7987     2.5245     1.0000
   91.9448     2.8922     1.0000
   94.2433     3.1828     1.0000
   89.6359     4.9152     1.0000
   88.2169     2.2864     1.0000
   89.3746     2.6256     1.0000
  220.8916     2.5225     1.0000
   91.0080     3.6140     1.0000
  135.5978     2.4353     1.0000
  158.8923    11.8831     1.0000
   90.6663     2.8848     1.0000
   89.1460     5.3003     1.0000
  141.2528     2.6902     1.0000
   34.6843     7.4187     1.0000
   95.0262     2.4804     1.0000
   69.5091     2.7056     1.0000
   91.9127     4.6449     1.0000
   93.8346     2.4804     1.0000
   83.9373     2.0581     1.0000
   91.9686     2.6730     1.0000
   90.1472     4.1535     1.0000
  182.7115     2.9367     1.0000
   91.5154     2.6070     1.0000
   87.6785     3.1995     1.0000
   89.6259     3.6667     1.0000
   93.3988     4.6238     1.0000
   91.3821     2.1502     1.0000
  128.9039     3.2524     1.0000
  112.5184     4.5941     1.0000
   87.0988     2.0813     1.0000
   88.4342     8.4525     1.0000
   93.1606     3.9947     1.0000
   90.3857     5.8498     1.0000
   91.7498     3.6055     1.0000
   93.4533     2.7294     1.0000
   92.4582     3.9472     1.0000
  180.3958     3.2965     1.0000
   93.8491     3.1548     1.0000
   90.0312     3.3337     1.0000
  293.2455     2.2199     1.0000
   91.7318     2.0051     1.0000
   85.6432     3.0942     1.0000
  121.4148     2.0316     1.0000
   88.9566     3.3414     1.0000
   89.0978     5.7084     1.0000
  431.9454     3.3888     1.0000
   89.4187     2.5420     1.0000
   92.4467     6.8711     1.0000
   18.3042     9.8099     1.0000
  224.8126     2.5820     1.0000
   89.9679     3.5718     1.0000
   91.6184     2.6228     1.0000
   93.3064     3.9024     1.0000
   70.1968     2.8323     1.0000
   91.5651    12.7456     1.0000
   92.9326     3.0831     1.0000
   90.5616     2.6686     1.0000
   90.7387     2.9835     1.0000
   91.6386     3.8389     1.0000
  211.9337     3.6298     1.0000
  137.7270     2.7373     1.0000
   90.6076     6.2642     1.0000
  134.2617     3.3482     1.0000
   91.1267     2.5586     1.0000
   85.6927     3.8343     1.0000
   92.9488     3.7574     1.0000
   90.2318     3.2978     1.0000
  138.3139     3.6490     1.0000
   89.1364     6.6561     1.0000
   94.6505     4.1244     1.0000
   90.8381     2.5462     1.0000
   91.0751     3.4239     1.0000
   92.4431     2.0140     1.0000
   96.2402     2.3303     1.0000
   91.4532     3.6007     1.0000
   84.8674     3.1098     1.0000
   94.1689    13.3939     1.0000
   93.5829     4.4786     1.0000
   92.3233     2.6149     1.0000
  197.1695     2.5677     1.0000
  164.2640     3.2464     1.0000
  116.4678     4.5479     1.0000
   96.6327     2.0646     1.0000
   93.5763     5.9026     1.0000
   93.1928     4.2143     1.0000
   95.2986     4.9590     1.0000
   94.5178     4.2631     1.0000
   94.0488     3.8858     1.0000
   87.7513     3.0742     1.0000
  210.6092     7.8295     1.0000
   92.8363     2.9673     1.0000
   92.0189     4.2914     1.0000
   89.3751     2.2976     1.0000
   91.4263     9.3203     1.0000
   91.1003     5.1766     1.0000
   91.4232     2.4076     1.0000
   90.1165     4.6889     1.0000
   91.7201     2.1793     1.0000
   59.0308     2.2560     1.0000
   88.6908     2.8833     1.0000
   90.7613     4.2473     1.0000
   92.2323     4.1276     1.0000
   92.1825     5.0427     1.0000
   89.3115     5.5387     1.0000
   96.3454     3.0137     1.0000
   90.8478     2.3728     1.0000
   91.9841     3.4590     1.0000
   91.0978     2.9239     1.0000
   89.4820     8.2121     1.0000
  260.4632     2.2165     1.0000
   92.8586     3.0181     1.0000
   88.9422     3.3550     1.0000
   91.0959     5.6771     1.0000
   88.2677     2.3334     1.0000
   80.1189     4.4985     1.0000
  573.8641     2.6236     1.0000
   86.9030     3.7803     1.0000
   88.7154     3.0928     1.0000
   95.0492     3.1213     1.0000
   90.4189     4.3147     1.0000
   86.5963     5.3396     1.0000
   96.5378     3.2765     1.0000
   86.7930     3.5504     1.0000
   86.5695     2.3671     1.0000
  108.8242     3.9057     1.0000
   86.7871     3.6493     1.0000
   91.6489     5.4076     1.0000
   89.7249     6.1676     1.0000
   91.7441     2.0409     1.0000
   98.7110     3.4873     1.0000
  120.6549     2.4836     1.0000
   79.5804     2.4409     1.0000
  126.9844     6.2783     1.0000
  111.8019     2.1982     1.0000
   89.3261     4.8683     1.0000
   89.4902     2.1555     1.0000
   91.5514     2.3036     1.0000
   96.8560     3.8800     1.0000
   89.2631     4.1663     1.0000
   99.8174     3.1849     1.0000
   96.1255     7.2216     1.0000
   93.0716     3.3219     1.0000
   90.4201     3.4778     1.0000
   88.7904     4.5124     1.0000
   95.3355     3.4493     1.0000
   88.2434     4.4804     1.0000
   30.4148     2.1223     1.0000
   96.0668     5.6024     1.0000
   90.0387     2.9323     1.0000
   34.0125     3.3815     1.0000
  115.2287     4.5790     1.0000
   94.4532     5.7812     1.0000
   89.6433     5.0302     1.0000
  165.7557     3.4105     1.0000
   94.1814     3.5341     1.0000
  224.9290     3.2880     1.0000
   89.5399     2.5394     1.0000
   89.9676     3.9249     1.0000
   90.1697     2.7753     1.0000
   89.8986     2.6518     1.0000
   92.1968     4.7312     1.0000
   90.4762     2.0678     1.0000
