   92.9295     2.5275     3.2894
   90.2941     2.8124     3.2460
   90.4508     5.6866     3.6329
   92.0502     2.9098     2.3767
   91.3390     2.8701     3.2894
   90.7038     2.8652     7.0427
   87.6713     5.0296     3.7405
   90.8042     2.5442     3.9338
   90.8204     2.5477     3.9748
   87.6011     2.5889     3.9748
   87.1889     2.7562     3.6199
  127.0074     2.5239     3.6199
   91.2496     2.9312     3.9748
   89.8804     2.6986     5.9888
   91.5436     2.6533     3.3010
   92.8433     2.5311     3.6329
   95.9573     2.8387     3.6199
   90.8744     4.2688     3.2460
   87.6754     2.9816     3.6329
   87.1775     2.8021     3.6199
   94.3948     3.3514     3.9748
   88.7598     2.5974     3.6189
   90.1880     4.0217     0.5676
   89.7359     3.6365     0.5676
   94.8545     2.6279     3.9338
   88.6593     2.5762     3.4252
  104.9842     3.1749     3.6189
   91.0872     2.7705     0.1264
   78.8853     3.1604     3.9338
   90.1883     2.9774     2.3767
   90.0998     2.5972     3.3010
   95.0935     2.5059     3.6329
   98.3965     2.5117     3.6329
   90.0323     2.6954     2.3767
   88.3684     3.5504     3.2894
   92.4065     2.6231     0.5676
   93.7359     4.5618     3.9748
   88.2928     3.4807     1.5412
   89.8726     4.0672     5.1259
   96.9985     2.8263     3.4252
   89.7627     2.5664     3.2894
   90.0085     3.7033     2.3767
   92.2297     2.8866     3.2460
   91.3212     3.0773     3.2460
   86.0476     2.5859     3.6199
   81.6788     3.3375     2.3767
   91.4507     2.6008     3.3010
   85.4095     2.5849     3.3010
   92.6586     2.8817     3.2460
   91.9586     2.5453     3.2460
  101.2966     2.6561     3.9748
   90.1358     3.5203     3.7405
   90.7357     2.9585     3.9748
  103.9414     3.1243     7.0427
   90.3394     2.6291     3.6189
   91.5318     3.0487     4.3195
   93.0884     3.0701     4.7400
   90.4943     3.6043     3.1188
   90.3864     4.9004     3.1188
   89.3188     2.9248     4.1494
   96.3946     3.6425     3.4234
   90.5618     3.5554     3.6042
  137.8428     2.9659     1.5861
   25.5821     2.7020     1.6011
   91.8297     2.9656     0.5640
   35.4211     2.8635     0.5640
   88.4474     3.6808     0.5640
   18.6847     3.7427     0.5984
   22.4248     2.5751     0.4995
   98.6014     2.8317     0.5115
   17.9357     4.1872     0.4995
   85.4975     3.9981     0.4824
   90.7777     3.1174     0.2285
   90.3862     2.6595     0.5115
   90.7754     2.7028     0.5915
   90.5909     2.9890     0.5640
   86.5725     2.6832     0.1276
   93.8669     2.5096     0.1344
   90.3287     5.5956     0.1636
   23.5184     2.8774     0.2657
   88.7104     4.1871     0.1344
   92.0213     4.2219     0.1556
   49.9789     2.9042     0.0643
   93.6878     2.6124     0.1556
   30.7010     2.6132     0.1636
   65.0862     2.5552     0.1389
   91.8478     3.8017     0.0223
   97.3861     3.4634     0.1001
  117.4717     3.1902     0.1571
   88.5607     5.0537     0.1636
   93.0544     3.0655     0.0055
   18.4658     3.6745     0.1352
   96.2475     5.0033     0.1556
   64.3103     3.0550     0.0414
   92.5458     2.5133     0.0356
   90.7510     2.5136     0.0015
   93.2743     2.5067     0.0380
   18.2013     2.5791     0.0267
   68.8249     3.3464     0.0061
   95.4507     2.8542     0.0171
   88.1048     2.6008     0.0365
   91.7651     3.6061     0.0441
   95.3174     2.6453     0.0414
   86.5706     2.5895     0.0414
   90.0907     2.5855     0.0380
   92.5204     2.7495     0.0267
   91.4972     2.7990     0.0380
   96.1065     2.7358     0.0537
   84.6405     2.6530     0.0356
   86.7110     2.5769     0.0380
   74.4926     2.9344     0.0267
   93.1296     2.6846     0.0356
   88.5825     3.6744     0.0267
   77.7014     5.0890     0.0375
   86.4810     3.2530     0.0267
   76.2749     2.9334     0.0405
   86.4782     3.7182     0.0380
   92.1099     3.0801     0.0061
   98.5833     2.7442     0.0171
   88.7225     3.1550     0.0414
   79.8279     2.6141     0.0502
   91.5705     2.5586     0.0415
   97.0171     3.0279     0.0267
   87.9218     2.6257     0.0380
   89.5505     2.7513     0.0336
   86.1579     3.1142     0.0414
   85.6299     2.9901     0.0375
   92.4896     3.1613     0.0405
   91.7234     4.8466     0.0405
   91.6746     2.7140     0.0414
  102.1626     5.5320     0.0061
   53.5462     3.1233     0.0171
   89.7300     3.8173     0.0441
   93.0761     3.1999     0.0415
   90.1371     3.2298     0.0365
   96.5989     5.2922     0.0336
   92.1283     2.9593     0.0061
   91.0375     3.2160     0.0405
   99.8115     3.6656     0.0415
   96.1339     2.8998     0.0409
   99.8277     2.9124     0.0441
   57.4064     3.2074     0.0405
   74.1148     2.8645     0.0414
   93.7164     3.2799     0.0441
   85.5174     4.2679     0.0365
   83.4455     2.5635     0.0061
   86.3248     2.6227     0.0434
   49.6590     4.1384     0.0414
   93.6833     3.1498     0.0336
   88.2004     2.6736     0.0356
   36.9423     2.6018     0.0356
   89.8553     4.6085     0.0171
   92.8386     2.5469     0.0113
  241.2412     3.4065     0.0111
   87.2147     3.3247     0.0090
   86.0583     2.7605     0.0136
   93.3885     2.5602     0.0113
  104.8996     3.6093     0.0090
   88.6173     2.9099     0.0097
   94.0973     2.6249     0.0071
   86.6724     3.1702     0.0004
   90.7758     3.4209     0.0071
   88.1800     3.3574     0.0113
   87.8909     3.0988     0.0136
   92.0847     2.8488     0.0004
   81.4349     4.0681     0.0111
  134.8151     3.0025     0.0071
   82.2186     5.5777     0.0111
   81.6628     3.0696     0.0090
   89.8302     2.5558     0.0101
   88.0523     2.6754     0.0016
   99.5942     2.5195     0.0101
   91.9425     2.5691     0.0004
   77.3384     2.6228     0.0111
   88.3275     3.1628     0.0101
   81.7191     3.2399     0.0090
   87.3717     4.0800     0.0110
   98.1114     3.0557     0.0121
   92.9945     3.6665     0.0004
   94.7146     2.7080     0.0111
   82.5003     2.8059     0.0110
   99.2483     3.4076     0.0101
   91.1190     2.8493     0.0016
   90.0505     3.0439     0.0004
   87.0770     4.4042     0.0110
   92.8482     2.5495     0.0113
  103.5004     2.6657     0.0016
   42.1881     3.4518     0.0110
   49.9885     2.5106     0.0110
   95.1455     2.5278     0.0090
   91.3783     3.9751     0.0096
   89.1877     3.0066     0.0113
   89.5077     2.6729     0.0112
   89.6342     3.4098     0.0045
   90.1848     2.7142     0.0121
   89.7251     3.4495     0.0045
   88.4278     2.8831     0.0110
   96.7954     2.6467     0.0016
   89.7676     3.2613     0.0016
   93.5042     2.6227     0.0111
   88.6718     3.1890     0.0121
   86.9693     2.5825     0.0101
   89.5485     2.5240     0.0111
   92.4407     2.5215     0.0096
   76.0548     3.6943     0.0045
   22.7476     2.8729     0.0090
   87.7824     3.2324     0.0004
   90.7463     2.9804     0.0090
   88.6358     2.6138     0.0096
   87.5361     3.3145     0.0111
   89.3271     3.1893     0.0101
   81.6298     4.1747     0.0112
   88.9524     2.8022     0.0090
   91.9265     2.8939     0.0045
   90.9953     2.9702     0.0101
   91.4134     3.1052     0.0101
   93.1199     3.0805     0.0045
   45.6834     5.1627     0.0110
   74.5622     2.5146     0.0112
   91.9587     3.0434     0.0071
  124.8405     4.3188     0.0097
   85.5337     2.7082     0.0090
   86.9940     2.8498     0.0112
   89.5446     2.5888     0.0096
   92.9876     2.6979     0.0101
   87.7457     2.6487     0.0016
   83.6682     2.5128     0.0096
   90.0512     3.1286     0.0096
   88.0958     3.1225     0.0119
   87.5706     2.6173     0.0111
   88.8531     2.7879     0.0111
   96.4778     2.8708     0.0101
   40.7302     2.8591     0.0016
   59.8880     3.6395     0.0121
   88.7066     2.6287     0.0111
   84.8689     2.7854     0.0121
   93.0008     2.6063     0.0090
   86.9232     2.8557     0.0119
   93.2449     3.3524     0.0121
   91.7207     2.5005     0.0016
   92.5778     3.0769     0.0119
   90.3208     3.1713     0.0016
  155.5342     2.8161     0.0110
   89.8407     2.8475     0.0101
   82.3792     2.5539     0.0101
   91.0369     2.6839     0.0113
   87.7426     2.8361     0.0111
   88.6119     2.8337     0.0110
   98.5631     2.5829     0.0006
   87.2254     2.5982     0.0035
   87.1363     2.5923     0.0046
   93.2728     3.4361     0.0039
   93.5033     2.6835     0.0035
  121.6128     2.7173     0.0006
   91.6179     2.9826     0.0018
   38.2425     3.7806     0.0043
   86.5131     2.9139     0.0006
   84.8659     2.9127     0.0039
   87.4977     2.9206     0.0043
   90.3395     2.8262     0.0006
  102.1138     2.6082     0.0046
   97.0818     2.5065     0.0035
  348.6721     4.5503     0.0039
   98.7529     2.8649     0.0039
   95.4565     4.0961     0.0053
   90.6605     2.8586     0.0039
   98.4601     2.8787     0.0037
   94.8500     2.7401     0.0044
   88.2942     2.6937     0.0018
   96.0337     2.6391     0.0039
   87.9496     4.3843     0.0046
   45.7843     2.9849     0.0044
   93.9150     2.7999     0.0046
  179.7031     2.5621     0.0037
   88.3416     2.7046     0.0044
  101.0342     2.5984     0.0042
   83.2494     2.5330     0.0039
  104.2966     2.8265     0.0043
   92.5611     2.7899     0.0006
   69.1141     2.5200     0.0044
   90.7598     3.5902     0.0042
  118.4602     3.3417     0.0053
  155.8173     3.5514     0.0006
   81.3748     3.8880     0.0037
   91.6067     2.5643     0.0042
   84.7009     3.0014     0.0039
  138.4600     3.0327     0.0039
   91.5546     2.8983     0.0035
   85.8558     3.4659     0.0042
   99.8555     2.7124     0.0039
   88.6456     3.0461     0.0002
   87.5843     2.6635     0.0042
   84.2274     2.8422     0.0002
   89.0804     2.9332     0.0044
   83.3250     2.8360     0.0043
   91.7288     2.8805     0.0046
  156.5729     2.7010     0.0006
   37.0538     7.8740     0.0039
   93.3876     3.5198     0.0039
   93.9796     2.7856     0.0043
   77.5304     2.6181     0.0035
   45.4892     9.1192     0.0046
  173.0568     2.5192     0.0035
   90.6986     3.0868     0.0044
   88.3957     2.9964     0.0039
   72.7421     3.0461     0.0043
   79.6826     2.6095     0.0018
   91.9529     3.0712     0.0043
   89.4243     2.5559     0.0037
   90.4349     2.7978     0.0042
   89.8861     2.8155     0.0037
   86.5935     2.5866     0.0042
   91.0403     2.5089     0.0002
   91.6642     2.9960     0.0006
   48.2669     2.5228     0.0027
   94.6385     2.7544     0.0035
   91.5734     2.5683     0.0037
  219.6713     3.3274     0.0018
   99.5835     2.5142     0.0037
   87.3323     2.5585     0.0046
   86.9996     3.0620     0.0053
   79.3518     2.9332     0.0018
   93.4996     3.5008     0.0044
   87.7123     2.5238     0.0018
   93.7734     3.3345     0.0042
   62.7001     3.0209     0.0037
  176.3060     2.6058     0.0042
   49.9895     7.4257     0.0043
  258.1245     8.7139     0.0039
   95.4015     2.5686     0.0018
   94.5292     2.9168     0.0018
   89.5870     2.9873     0.0018
  115.0400     2.5032     0.0046
   87.8374     2.5724     0.0006
   90.6275     2.8087     0.0043
   83.8878     3.1820     0.0044
   50.8174     3.2240     0.0043
   88.0333     2.5082     0.0042
   98.7114     2.7909     0.0039
   32.1890     2.7127     0.0002
   95.7543     2.5984     0.0053
   91.9100     2.6699     0.0018
   92.1113     2.5637     0.0035
   95.7515     3.0717     0.0006
   42.1796     5.2101     0.0043
   95.0726     3.2324     0.0046
   95.3701     3.2043     0.0018
   85.0775     3.3837     0.0042
   92.0022     2.6258     0.0046
   90.1444     3.6477     0.0037
   93.5142     2.8500     0.0046
   97.0342     2.5677     0.0039
   85.2629     2.7278     0.0006
  130.0674     2.7029     0.0039
   79.1142     2.9161     0.0044
   87.0363     2.6728     0.0043
   88.3115     2.5968     0.0046
   25.2870     2.5924     0.0006
   81.2687     2.5933     0.0046
   78.0866     2.9743     0.0044
   91.5558     2.8109     0.0053
   92.1510     2.8077     0.0027
   90.3633     2.5336     0.0046
   89.1813     2.6523     0.0002
   85.5662     2.5960     0.0018
  136.6742     2.6023     0.0039
  100.7154     2.5108     0.0037
   97.2484     3.1300     0.0018
   92.3658     3.0169     0.0006
   91.5203     2.8282     0.0027
   84.3878     2.9532     0.0042
   84.5070     3.1574     0.0046
   85.7086     2.5692     0.0053
   90.7278     2.9165     0.0018
   88.1194     2.5702     0.0037
   90.8303     2.8960     0.0037
   97.4973     2.9216     0.0042
   89.4615     2.5725     0.0035
   85.3307     3.0243     0.0037
   86.7023     2.8087     0.0037
   90.2890     2.5661     0.0042
   88.0221     2.9674     0.0027
   94.6905     3.6941     0.0035
   89.9656     2.5963     0.0018
   91.2870     2.8221     0.0039
   77.9021     2.8198     0.0043
   72.7810     2.5351     0.0042
  408.4694     2.8322     0.0043
   91.8868     2.5435     0.0046
   91.7569     2.7276     0.0037
   48.2732     2.9094     0.0018
   94.9690     2.5707     0.0037
   89.9681     3.0831     0.0035
   89.2285     2.7711     0.0002
   92.2646     3.0725     0.0875
   78.3990     2.9538     0.0114
   89.8632     3.1644     0.0113
   91.2975     2.5323     0.0110
   93.7705     2.8046     0.0114
   81.0942     2.7613     0.0101
   91.4519     3.8642     0.0113
  217.6241     6.3507     0.0103
   89.9064     3.1005     0.0062
   41.9675     4.6467     0.0009
   19.4322     4.0816     0.0020
