    1.8077     1.0000
    3.0795     1.0000
    2.6223     1.0000
    2.6904     1.0000
    2.2269     1.0000
    1.2402     1.0000
    1.6961     1.0000
    3.2388     1.0000
    1.9690     1.0000
    3.0652     1.0000
    1.3974     1.0000
    2.3708     1.0000
    1.0351     1.0000
    3.1801     1.0000
    2.4615     1.0000
    2.4139     1.0000
    3.0770     1.0000
    3.0080     1.0000
    2.6372     1.0000
    3.0992     1.0000
    2.6807     1.0000
    3.1053     1.0000
    3.8247     1.0000
    3.6335     1.0000
    2.4687     1.0000
    3.1899     1.0000
    2.1088     1.0000
    3.7384     1.0000
    0.7604     1.0000
    3.0910     1.0000
    1.8243     1.0000
    3.1180     1.0000
    3.0660     1.0000
    3.6721     1.0000
    1.9986     1.0000
    2.9773     1.0000
    2.0870     1.0000
    2.6070     1.0000
    3.0022     1.0000
    3.0599     1.0000
    2.0446     1.0000
    3.1714     1.0000
    3.1124     1.0000
    3.5204     1.0000
    3.0976     1.0000
    1.4118     1.0000
    2.7753     1.0000
    3.7369     1.0000
    3.0873     1.0000
    3.1477     1.0000
    3.1461     1.0000
    3.1216     1.0000
    3.0924     1.0000
    3.1908     1.0000
    1.3736     1.0000
    2.6407     1.0000
    2.9989     1.0000
    1.4013     1.0000
    2.7323     1.0000
    1.3234     1.0000
    3.0318     1.0000
    2.8583     1.0000
    1.2529     1.0000
    3.0952     1.0000
    3.7539     1.0000
    3.0555     1.0000
    3.0554     1.0000
    3.6819     1.0000
    3.0724     1.0000
    1.8808     1.0000
    3.0559     1.0000
    3.0349     1.0000
    2.7448     1.0000
    1.5717     1.0000
    3.1970     1.0000
    3.1444     1.0000
    3.1077     1.0000
    3.1017     1.0000
    3.1258     1.0000
    3.1475     1.0000
    3.0797     1.0000
    2.1233     1.0000
    3.0739     1.0000
    2.7303     1.0000
    2.9453     1.0000
    3.4296     1.0000
    3.1197     1.0000
    2.2225     1.0000
    3.3885     1.0000
    3.1858     1.0000
    3.1404     1.0000
    3.3527     1.0000
    3.1039     1.0000
    1.0231     1.0000
    2.5955     1.0000
    3.0863     1.0000
    2.8641     1.0000
    3.0178     1.0000
    1.9068     1.0000
    1.5103     1.0000
    2.4991     1.0000
    2.0102     1.0000
    2.6757     1.0000
    1.2085     1.0000
    3.0344     1.0000
    3.0786     1.0000
    1.0100     1.0000
    2.7576     1.0000
    3.1537     1.0000
    3.9144     1.0000
    3.1202     1.0000
    1.2791     1.0000
    3.0487     1.0000
    3.0265     1.0000
