    2.2053    31.4141
    0.9904     3.3526
    3.0916     0.4966
   42.7167     2.2889
    1.9643     4.0172
    2.2276     0.4966
    3.0111     0.4966
    3.4935     0.4966
    2.0330     0.1074
    0.8501     1.0203
    3.1293     0.0800
    1.8777     0.5398
    2.6010     0.3685
    2.3018     0.3685
    3.0999     0.0800
    3.1037     1.3746
    3.1149     0.5398
    3.0851     1.3084
    1.8488     1.3084
    3.0811     0.2829
    2.2040     0.2456
    3.1224     0.2456
    3.0321     1.0203
    3.1036     0.6468
    2.2675     1.3084
    3.1132     0.1074
    2.4232     0.6468
    2.8427     1.3746
    1.6449     0.3685
    3.7442     0.0800
    2.4936     1.3297
    3.0961     1.7631
    2.0341     1.3297
    2.4069     0.3150
    1.8275     0.1025
    2.6508     0.0606
    2.8664     0.4727
    3.0926     1.3297
    1.7896     0.1025
    2.7481     1.3297
    1.1819     0.2096
    2.2778     0.0606
    2.5317     1.6088
    0.9420     0.3629
    2.9516     0.0562
    2.4241     0.0986
    2.2050     0.1912
    2.2624     0.0562
    4.2765     0.5557
    1.6091     0.0030
